ALLKE,ALLIE,TIME
0.01867588609457016,0.0,0.0
0.08636474609375,0.12005615234375,4.9998587201116607e-05
0.2135009765625,0.2423095703125,9.999635949498042e-05
0.341796875,0.36083984375,0.0001499939535278827
0.471923828125,0.477294921875,0.00020058795053046197
0.60791015625,0.5947265625,0.0002534784725867212
0.7431640625,0.708984375,0.0003063268377445638
0.87744140625,0.82080078125,0.00035916626802645624
1.0087890625,0.93310546875,0.0004120029916521162
1.1337890625,1.046875,0.00046483869664371014
1.251953125,1.1630859375,0.0005176739650778472
1.365234375,1.2822265625,0.0005705090588890016
1.47265625,1.404296875,0.0006233440944924951
1.5751953125,1.5283203125,0.0006761790718883276
1.67578125,1.65234375,0.0007290139328688383
1.77734375,1.7744140625,0.0007818488520570099
1.880859375,1.89453125,0.0008346836548298597
1.9892578125,2.013671875,0.0008875184576027095
2.1015625,2.130859375,0.0009403532603755593
2.216796875,2.248046875,0.00099318812135607
2.337890625,2.359375,0.0010460232151672244
2.47265625,2.4609375,0.0010988577269017696
2.611328125,2.5625,0.0011516918893903494
2.751953125,2.666015625,0.0012045258190482855
2.89453125,2.767578125,0.0012573597487062216
3.0390625,2.87109375,0.0013101933291181922
3.1875,2.970703125,0.0013630270259454846
3.33984375,3.06640625,0.0014158609556034207
3.49609375,3.158203125,0.0014686948852613568
3.654296875,3.244140625,0.001521528814919293
3.81640625,3.32421875,0.001574362744577229
3.98828125,3.392578125,0.0016271966742351651
4.16015625,3.462890625,0.0016800306038931012
4.32421875,3.5390625,0.0017328645335510373
4.484375,3.615234375,0.0017856984632089734
4.63671875,3.701171875,0.0018385323928669095
4.78125,3.7890625,0.0018913662061095238
4.9296875,3.875,0.0019441995536908507
5.08203125,3.9609375,0.001997033366933465
5.23046875,4.0390625,0.002049867296591401
5.37109375,4.11328125,0.002102701226249337
5.51171875,4.1796875,0.0021555351559072733
5.6484375,4.25,0.0022083690855652094
5.76953125,4.3359375,0.0022612030152231455
5.88671875,4.421875,0.002314036013558507
6.0,4.515625,0.002366868779063225
6.11328125,4.6015625,0.0024197015445679426
6.234375,4.6875,0.002472533145919442
6.3515625,4.77734375,0.0025253647472709417
6.4765625,4.859375,0.0025781963486224413
6.59765625,4.94140625,0.002631027949973941
6.71875,5.01953125,0.0026838595513254404
6.8359375,5.09765625,0.0027366909198462963
6.94921875,5.1796875,0.0027895213570445776
7.0546875,5.265625,0.002842352259904146
7.15234375,5.35546875,0.0028951838612556458
7.2421875,5.44140625,0.0029480154626071453
7.33203125,5.53125,0.003000847063958645
7.4140625,5.62109375,0.0030536786653101444
7.4921875,5.7109375,0.003106510266661644
7.5546875,5.80078125,0.0031593418680131435
7.609375,5.88671875,0.0032121739350259304
7.65625,5.97265625,0.0032650067005306482
7.703125,6.0625,0.003317839466035366
7.7578125,6.15234375,0.003370672231540084
7.8125,6.25,0.0034235049970448017
7.86328125,6.35546875,0.0034763377625495195
7.90234375,6.46484375,0.0035291705280542374
7.9453125,6.58203125,0.0035820025950670242
7.984375,6.71875,0.003634834196418524
8.0078125,6.87109375,0.0036876662634313107
8.015625,7.04296875,0.0037404990289360285
8.0078125,7.23828125,0.0037933317944407463
7.96484375,7.45703125,0.003846164559945464
7.90234375,7.69921875,0.003898997325450182
7.81640625,7.96484375,0.0039518289268016815
7.70703125,8.25,0.004004660528153181
7.5625,8.5625,0.004057492129504681
7.3984375,8.890625,0.00411032373085618
7.203125,9.25,0.00416315533220768
6.98046875,9.6171875,0.004215986933559179
6.7421875,9.9921875,0.0042688180692493916
6.5,10.3671875,0.004321647342294455
6.2734375,10.71875,0.004374477081000805
6.07421875,11.0625,0.0044273072853684425
5.90234375,11.3984375,0.0044801365584135056
5.74609375,11.71875,0.004532965831458569
5.6015625,12.0390625,0.004585795104503632
5.46484375,12.34375,0.004638624377548695
5.3515625,12.6328125,0.004691454116255045
5.25,12.9140625,0.004744284320622683
5.1640625,13.1796875,0.004797113593667746
5.0859375,13.4296875,0.004849942866712809
5.0,13.6875,0.004902772139757872
4.89453125,13.9765625,0.004955601412802935
4.77734375,14.2734375,0.005008430685847998
4.6484375,14.578125,0.005061259958893061
4.515625,14.875,0.005114089231938124
4.38671875,15.1640625,0.005166918504983187
4.27734375,15.4375,0.00521974777802825
4.17578125,15.6953125,0.005272577051073313
4.08984375,15.9453125,0.005325406324118376
4.0,16.1875,0.005378235597163439
3.91015625,16.4375,0.005431064870208502
3.82421875,16.671875,0.005483894143253565
3.75,16.90625,0.005536723416298628
3.69921875,17.109375,0.005589552689343691
3.669921875,17.3125,0.005642381962388754
3.640625,17.515625,0.005695211235433817
3.591796875,17.75,0.00574804050847888
3.5234375,18.0,0.005800869781523943
3.4453125,18.265625,0.005853699054569006
3.361328125,18.515625,0.005906528327614069
3.283203125,18.78125,0.005959357600659132
3.193359375,19.046875,0.006012186873704195
3.09375,19.328125,0.006065016146749258
2.99609375,19.609375,0.006117845419794321
2.90625,19.875,0.006170674692839384
2.822265625,20.125,0.006223503965884447
2.74609375,20.375,0.00627633323892951
2.662109375,20.65625,0.006329163443297148
2.56640625,20.921875,0.006381992716342211
2.4609375,21.203125,0.006434821989387274
2.353515625,21.484375,0.006487651262432337
2.25390625,21.765625,0.0065404805354774
2.15625,22.046875,0.006593309808522463
2.04296875,22.34375,0.006646140944212675
1.9033203125,22.65625,0.006698972079902887
1.7568359375,22.984375,0.006751801818609238
1.6240234375,23.3125,0.006804631091654301
1.49609375,23.640625,0.006857461761683226
1.37109375,23.96875,0.006910292897373438
1.2685546875,24.265625,0.006963122170418501
1.19140625,24.5625,0.007015951443463564
1.138671875,24.828125,0.007068780716508627
1.0908203125,25.125,0.00712160998955369
1.025390625,25.4375,0.007174439262598753
0.94970703125,25.78125,0.007227269466966391
0.88427734375,26.125,0.00728010106831789
0.83349609375,26.46875,0.00733293266966939
0.7880859375,26.828125,0.007385763339698315
0.7568359375,27.1875,0.007438593544065952
0.732421875,27.578125,0.007491425145417452
0.70703125,27.984375,0.007544256746768951
0.69287109375,28.390625,0.007597088348120451
0.69140625,28.828125,0.0076499199494719505
0.68994140625,29.28125,0.00770275155082345
0.69287109375,29.75,0.007755582220852375
0.70458984375,30.234375,0.007808413356542587
0.7197265625,30.734375,0.00786124262958765
0.73828125,31.265625,0.007914071902632713
0.76318359375,31.8125,0.007966901175677776
0.79345703125,32.375,0.00801973044872284
0.837890625,32.9375,0.008072559721767902
0.90478515625,33.5,0.008125388994812965
0.9833984375,34.0625,0.008178218267858028
1.08984375,34.625,0.008231047540903091
1.2373046875,35.15625,0.008283876813948154
1.4130859375,35.6875,0.008336706086993217
1.62109375,36.21875,0.00838953536003828
1.8740234375,36.6875,0.008442364633083344
2.158203125,37.15625,0.008495193906128407
2.46484375,37.59375,0.00854802317917347
2.779296875,38.03125,0.008600852452218533
3.083984375,38.46875,0.008653681725263596
3.369140625,38.90625,0.008706510998308659
3.630859375,39.34375,0.008759340271353722
3.87890625,39.78125,0.008812169544398785
4.11328125,40.25,0.008864998817443848
4.328125,40.6875,0.00891782809048891
4.5390625,41.125,0.008970657363533974
4.7578125,41.5625,0.009023486636579037
4.98046875,42.0,0.0090763159096241
5.19921875,42.40625,0.009129145182669163
5.41796875,42.8125,0.009181974455714226
5.63671875,43.21875,0.009234803728759289
5.84375,43.625,0.009287633001804352
6.03125,44.03125,0.009340462274849415
6.19921875,44.4375,0.009393291547894478
6.34765625,44.875,0.00944612082093954
6.49609375,45.28125,0.009498950093984604
6.6328125,45.6875,0.009551779367029667
6.76171875,46.0625,0.00960460864007473
6.8671875,46.46875,0.009657437913119793
6.96875,46.84375,0.009710267186164856
7.0859375,47.21875,0.009763096459209919
7.21875,47.625,0.009815925732254982
7.34765625,48.09375,0.009868755005300045
7.4609375,48.5625,0.009921584278345108
7.5625,49.0625,0.009974413551390171
7.66015625,49.5625,0.010027242824435234
7.75,50.09375,0.010080072097480297
7.8359375,50.59375,0.01013290137052536
7.92578125,51.09375,0.010185730643570423
8.03125,51.5625,0.010238559916615486
8.1328125,52.0625,0.01029138918966055
8.21875,52.5625,0.010344218462705612
8.2890625,53.03125,0.010397047735750675
8.3359375,53.53125,0.010449875146150589
8.359375,54.03125,0.010502704419195652
8.3671875,54.5625,0.010555533692240715
8.3359375,55.09375,0.010608362965285778
8.28125,55.625,0.010661192238330841
8.2265625,56.1875,0.010714021511375904
8.171875,56.75,0.010766850784420967
8.1171875,57.3125,0.01081968005746603
8.0546875,57.84375,0.010872509330511093
7.9921875,58.375,0.010925338603556156
7.9296875,58.9375,0.01097816787660122
7.85546875,59.46875,0.011030997149646282
7.75,60.03125,0.011083826422691345
7.6171875,60.59375,0.011136655695736408
7.45703125,61.1875,0.011189484968781471
7.2734375,61.75,0.011242314241826534
7.08203125,62.34375,0.011295143514871597
6.89453125,62.9375,0.01134797278791666
6.71875,63.5625,0.011400802060961723
6.546875,64.1875,0.011453631334006786
6.375,64.8125,0.0115064587444067
6.203125,65.5,0.011559288017451763
6.01953125,66.1875,0.011612117290496826
5.828125,66.875,0.011664945632219315
5.62890625,67.625,0.011717770248651505
5.421875,68.3125,0.011770594865083694
5.2109375,69.0625,0.011823419481515884
5.0234375,69.75,0.011876244097948074
4.87109375,70.375,0.011929068714380264
4.76171875,71.0625,0.011981893330812454
4.671875,71.6875,0.012034717947244644
4.5859375,72.375,0.012087545357644558
4.48828125,73.0,0.012140373699367046
4.37109375,73.6875,0.01219320297241211
4.24609375,74.375,0.012246032245457172
4.109375,75.0,0.012298861518502235
3.96875,75.6875,0.012351690791547298
3.8203125,76.375,0.01240450982004404
3.666015625,77.0,0.012457318603992462
3.517578125,77.6875,0.012510115280747414
3.388671875,78.3125,0.012562897056341171
3.27734375,78.9375,0.012615667656064034
3.189453125,79.5625,0.012668433599174023
3.119140625,80.1875,0.012721197679638863
3.0625,80.8125,0.0127739692106843
3.01171875,81.4375,0.012826751917600632
2.953125,82.0,0.012879538349807262
2.884765625,82.625,0.012932325713336468
2.8203125,83.25,0.012985113076865673
2.75390625,83.875,0.013037900440394878
2.677734375,84.5,0.013090687803924084
2.6015625,85.1875,0.013143475167453289
2.537109375,85.75,0.013196262530982494
2.5,86.375,0.01324907410889864
2.49609375,87.0,0.013301892206072807
2.521484375,87.5625,0.013354702852666378
2.56640625,88.1875,0.013407513499259949
2.611328125,88.8125,0.01346032414585352
2.64453125,89.4375,0.01351313479244709
2.666015625,90.0625,0.01356594543904066
2.6953125,90.6875,0.013618756085634232
2.734375,91.3125,0.013671566732227802
2.78125,91.875,0.013724377378821373
2.814453125,92.5,0.013777187094092369
2.81640625,93.1875,0.01382999587804079
2.787109375,93.8125,0.013882805593311787
2.732421875,94.5,0.013935615308582783
2.6484375,95.1875,0.013988425955176353
2.5390625,95.8125,0.014041236601769924
2.423828125,96.5,0.014094047248363495
2.3125,97.1875,0.014146857894957066
2.212890625,97.8125,0.014199668541550636
2.142578125,98.4375,0.014252479188144207
2.09375,99.125,0.014305293560028076
2.060546875,99.8125,0.014358114451169968
2.0390625,100.5,0.014410939067602158
2.033203125,101.1875,0.014463763684034348
2.02734375,101.875,0.014516588300466537
2.009765625,102.5625,0.014569412916898727
1.986328125,103.25,0.014622236602008343
1.9658203125,104.0,0.014675053767859936
1.9501953125,104.6875,0.014727870933711529
1.939453125,105.375,0.01478069368749857
1.9169921875,106.125,0.01483351830393076
1.8916015625,106.8125,0.01488634292036295
1.8837890625,107.5,0.014939162880182266
1.8935546875,108.25,0.014991982840001583
1.9248046875,108.9375,0.015044799074530602
1.9677734375,109.625,0.0150976050645113
2.005859375,110.3125,0.015150411054491997
2.033203125,111.0625,0.015203217044472694
2.056640625,111.75,0.015256023034453392
2.0859375,112.5,0.01530882902443409
2.123046875,113.1875,0.015361635014414787
2.1640625,113.9375,0.015414441004395485
2.201171875,114.6875,0.015467246994376183
2.228515625,115.4375,0.015520048327744007
2.25,116.125,0.015572846867144108
2.27734375,116.875,0.01562565192580223
2.314453125,117.5625,0.015678448602557182
2.357421875,118.3125,0.01573122851550579
2.404296875,119.0625,0.015784014016389847
2.453125,119.75,0.015836820006370544
2.51171875,120.5,0.015889625996351242
2.58203125,121.1875,0.01594243198633194
2.662109375,121.9375,0.015995237976312637
2.751953125,122.6875,0.016048043966293335
2.849609375,123.4375,0.016100849956274033
2.947265625,124.125,0.01615365594625473
3.05078125,124.875,0.016206461936235428
3.171875,125.625,0.01625926047563553
3.314453125,126.375,0.01631205901503563
3.4609375,127.0625,0.016364865005016327
3.6015625,127.8125,0.016417670994997025
3.73046875,128.5,0.016470491886138916
3.8515625,129.25,0.016523314639925957
3.9765625,129.875,0.016576068475842476
4.1015625,130.625,0.016628818586468697
4.2265625,131.375,0.016681624576449394
4.34375,132.125,0.016734430566430092
4.44140625,132.75,0.016787251457571983
4.52734375,133.5,0.016840076074004173
4.6015625,134.25,0.016892900690436363
4.66796875,135.0,0.016945725306868553
4.73046875,135.625,0.016998549923300743
4.7890625,136.375,0.017051372677087784
4.84375,137.125,0.01710417866706848
4.89453125,137.75,0.017156999558210373
4.953125,138.5,0.01720980927348137
5.01953125,139.25,0.01726262830197811
5.0859375,140.0,0.0173154529184103
5.15625,140.625,0.017368266358971596
5.22265625,141.375,0.017421087250113487
5.2890625,142.125,0.017473911866545677
5.35546875,142.75,0.01752673089504242
5.41796875,143.5,0.017579538747668266
5.47265625,144.25,0.017632335424423218
5.53515625,145.0,0.01768513210117817
5.59765625,145.625,0.01773792877793312
5.6640625,146.375,0.017790725454688072
5.73828125,147.125,0.017843522131443024
5.81640625,147.875,0.017896320670843124
5.88671875,148.625,0.017949126660823822
5.94921875,149.25,0.01800193265080452
6.00390625,150.0,0.018054738640785217
6.04296875,150.75,0.018107544630765915
6.0703125,151.5,0.018160350620746613
6.0859375,152.25,0.01821315661072731
6.09375,153.0,0.018265962600708008
6.08984375,153.625,0.018318768590688705
6.08203125,154.375,0.018371574580669403
6.0625,155.125,0.0184243805706501
6.03125,155.875,0.01847718469798565
5.99609375,156.625,0.018529990687966347
5.95703125,157.375,0.018582792952656746
5.9140625,158.125,0.018635598942637444
5.87890625,158.875,0.01868840493261814
5.84765625,159.625,0.01874120719730854
5.81640625,160.25,0.018794013187289238
5.78515625,161.0,0.018846819177269936
5.76171875,161.75,0.018899625167250633
5.73828125,162.5,0.01895242929458618
5.71484375,163.25,0.01900523528456688
5.68359375,164.0,0.019058041274547577
5.65234375,164.75,0.019110847264528275
5.6171875,165.5,0.019163653254508972
5.58203125,166.25,0.01921645924448967
5.5390625,167.0,0.019269265234470367
5.4921875,167.75,0.019322071224451065
5.4375,168.5,0.019374877214431763
5.37890625,169.25,0.01942768320441246
5.3203125,170.0,0.019480489194393158
5.25,170.75,0.019533293321728706
5.1796875,171.5,0.019586099311709404
5.10546875,172.25,0.0196389053016901
5.02734375,173.0,0.0196917112916708
4.953125,173.75,0.01974450796842575
4.88671875,174.5,0.019797323271632195
4.828125,175.25,0.01985013857483864
4.77734375,176.0,0.019902953878045082
4.734375,176.75,0.019955769181251526
4.68359375,177.5,0.02000858448445797
4.63671875,178.125,0.020061399787664413
4.59375,178.875,0.020114215090870857
4.546875,179.625,0.0201670303940773
4.50390625,180.375,0.020219845697283745
4.4609375,181.125,0.02027266100049019
4.41796875,181.875,0.020325476303696632
4.37109375,182.625,0.02037827856838703
4.3203125,183.375,0.020431088283658028
4.26953125,184.125,0.020483894273638725
4.21875,184.875,0.020536717027425766
4.171875,185.625,0.020589541643857956
4.12890625,186.375,0.020642366260290146
4.08984375,187.125,0.020695190876722336
4.05078125,187.875,0.020748009905219078
4.015625,188.625,0.02080083079636097
3.978515625,189.25,0.02085365541279316
3.94921875,190.0,0.02090648002922535
3.92578125,190.75,0.02095930278301239
3.90625,191.5,0.021012108772993088
3.888671875,192.25,0.021064897999167442
3.875,193.0,0.021117713302373886
3.86328125,193.75,0.02117052860558033
3.857421875,194.5,0.02122332900762558
3.853515625,195.25,0.021276138722896576
3.8515625,196.0,0.021328935399651527
3.84765625,196.75,0.02138173207640648
3.841796875,197.5,0.02143452875316143
3.833984375,198.25,0.021487323567271233
3.82421875,199.0,0.02154012955725193
3.81640625,199.75,0.021592935547232628
3.814453125,200.5,0.021645739674568176
3.8125,201.25,0.021698540076613426
3.810546875,202.0,0.021751336753368378
3.80859375,202.75,0.021804137155413628
3.806640625,203.5,0.02185695245862007
3.806640625,204.25,0.021909767761826515
3.806640625,205.0,0.021962586790323257
3.80859375,205.75,0.022015411406755447
3.810546875,206.5,0.022068236023187637
3.8203125,207.25,0.02212105132639408
3.8359375,208.0,0.022173866629600525
3.857421875,208.75,0.02222668193280697
3.87890625,209.5,0.022279495373368263
3.8984375,210.375,0.02233230322599411
3.9140625,211.125,0.022385116666555405
3.935546875,211.875,0.02243793196976185
3.958984375,212.625,0.022490747272968292
3.984375,213.375,0.022543562576174736
4.0078125,214.125,0.02259637974202633
4.0234375,214.875,0.02264920435845852
4.04296875,215.625,0.02270202897489071
4.06640625,216.375,0.022754846140742302
4.09375,217.125,0.022807661443948746
4.12890625,217.875,0.02286047674715519
4.1640625,218.625,0.022913292050361633
4.203125,219.5,0.022966107353568077
4.24609375,220.25,0.02301892265677452
4.2890625,221.0,0.023071737959980965
4.328125,221.75,0.02312455326318741
4.37109375,222.5,0.023177368566393852
4.40625,223.25,0.023230183869600296
4.44140625,224.0,0.02328299917280674
4.47265625,224.75,0.023335814476013184
4.5078125,225.5,0.023388629779219627
4.54296875,226.375,0.023441452533006668
4.58203125,227.125,0.023494267836213112
4.62109375,227.875,0.023547083139419556
4.66015625,228.625,0.023599905893206596
4.703125,229.375,0.023652730509638786
4.75,230.125,0.023705540224909782
4.79296875,230.875,0.023758331313729286
4.83984375,231.625,0.02381111867725849
4.8828125,232.375,0.023863906040787697
4.921875,233.25,0.023916704580187798
4.9609375,234.0,0.023969529196619987
4.99609375,234.75,0.024022353813052177
5.0234375,235.5,0.024075178429484367
5.05078125,236.25,0.024128003045916557
5.078125,237.0,0.024180827662348747
5.1015625,237.75,0.02423364669084549
5.125,238.5,0.024286456406116486
5.14453125,239.25,0.02433926984667778
5.16796875,240.125,0.024392083287239075
5.19140625,240.875,0.024444881826639175
5.21484375,241.625,0.024497682228684425
5.23828125,242.375,0.024550488218665123
5.2578125,243.125,0.02460329420864582
5.2734375,243.875,0.024656105786561966
5.2890625,244.625,0.02470892108976841
5.3046875,245.375,0.024761736392974854
5.3125,246.25,0.024814551696181297
5.3203125,247.0,0.024867376312613487
5.328125,247.75,0.024920200929045677
5.33203125,248.5,0.02497301809489727
5.3359375,249.25,0.025025833398103714
5.3359375,250.0,0.025078650563955307
5.3359375,250.75,0.02513146959245205
5.33203125,251.625,0.025184262543916702
5.328125,252.375,0.02523704059422016
5.3203125,253.125,0.02528981864452362
5.3046875,253.875,0.02534259669482708
5.29296875,254.625,0.025395389646291733
5.2734375,255.375,0.025448203086853027
5.2578125,256.25,0.02550101839005947
5.2421875,257.0,0.025553833693265915
5.23046875,257.75,0.02560664899647236
5.21875,258.5,0.025659464299678802
5.20703125,259.25,0.025712279602885246
5.1953125,260.0,0.02576509490609169
5.1796875,260.75,0.025817910209298134
5.1640625,261.5,0.025870710611343384
5.14453125,262.25,0.02592352218925953
5.1171875,263.0,0.02597634680569172
5.08984375,264.0,0.026029163971543312
5.05859375,264.75,0.026081981137394905
5.02734375,265.5,0.0261347945779562
5.0,266.25,0.026187609881162643
4.96875,267.0,0.02624042145907879
4.9375,267.75,0.02629324235022068
4.90234375,268.5,0.02634606510400772
4.87109375,269.25,0.026398882269859314
4.84375,270.0,0.02645169012248516
4.81640625,270.75,0.026504501700401306
4.7890625,271.5,0.026557311415672302
4.7578125,272.5,0.026610130444169044
4.734375,273.25,0.02666294015944004
4.7109375,274.0,0.026715755462646484
4.69140625,274.75,0.02676856890320778
4.671875,275.5,0.026821374893188477
4.6484375,276.25,0.026874180883169174
4.62890625,277.0,0.02692699432373047
4.60546875,277.75,0.026979809626936913
4.578125,278.5,0.02703261934220791
4.5546875,279.25,0.027085430920124054
4.52734375,280.25,0.02713823691010475
4.50390625,281.0,0.027191033586859703
4.48046875,281.75,0.0272438395768404
4.4609375,282.5,0.0272966455668211
4.44140625,283.25,0.027349451556801796
4.42578125,284.0,0.027402257546782494
4.41015625,284.75,0.027455057948827744
4.39453125,285.5,0.027507854625582695
4.37890625,286.25,0.027560651302337646
4.3671875,287.0,0.027613451704382896
4.3515625,288.0,0.027666257694363594
4.3359375,288.75,0.02771907113492489
4.32421875,289.5,0.027771886438131332
4.3125,290.25,0.027824709191918373
4.30078125,291.0,0.027877530083060265
4.296875,291.75,0.027930354699492455
4.29296875,292.5,0.027983177453279495
4.2890625,293.25,0.028036002069711685
4.2890625,294.0,0.028088826686143875
4.2890625,294.75,0.028141651302576065
4.28515625,295.75,0.028194475919008255
4.28125,296.5,0.028247294947504997
4.27734375,297.25,0.028300100937485695
4.26953125,298.0,0.028352906927466393
4.265625,298.75,0.028405720368027687
4.2578125,299.5,0.02845853567123413
4.25,300.25,0.028511345386505127
4.24609375,301.0,0.028564151376485825
4.2421875,301.75,0.028616957366466522
4.23828125,302.75,0.02866976335644722
4.23828125,303.5,0.028722582384943962
4.23828125,304.25,0.028775397688150406
4.2421875,305.0,0.02882821299135685
4.2421875,305.75,0.028881028294563293
4.24609375,306.5,0.028933843597769737
4.25,307.25,0.02898665890097618
4.25390625,308.0,0.029039474204182625
4.26171875,309.0,0.02909228950738907
4.26953125,309.75,0.029145104810595512
4.27734375,310.5,0.02919791452586651
4.28125,311.25,0.029250720515847206
4.2890625,312.0,0.029303530231118202
4.30078125,312.75,0.0293563362210989
4.30859375,313.5,0.029409142211079597
4.3203125,314.5,0.029461948201060295
4.328125,315.25,0.029514754191040993
4.34375,316.0,0.02956756018102169
4.35546875,316.75,0.02962036244571209
4.3671875,317.5,0.02967315912246704
4.37890625,318.25,0.029725955799221992
4.390625,319.0,0.029778752475976944
4.3984375,319.75,0.029831556603312492
4.40625,320.75,0.02988436259329319
4.4140625,321.5,0.029937168583273888
4.421875,322.25,0.029989974573254585
4.43359375,323.0,0.030042780563235283
4.44140625,323.75,0.03009558655321598
4.44921875,324.5,0.030148394405841827
4.4609375,325.25,0.03020120970904827
4.47265625,326.25,0.03025403432548046
4.484375,327.0,0.030306855216622353
4.5,327.75,0.030359670519828796
4.51171875,328.5,0.03041248582303524
4.52734375,329.25,0.030465301126241684
4.54296875,330.0,0.030518116429448128
4.5546875,330.75,0.03057093173265457
4.5703125,331.75,0.030623728409409523
4.578125,332.5,0.03067651577293873
4.58203125,333.25,0.030729303136467934
4.58203125,334.0,0.03078209049999714
4.5859375,334.75,0.030834877863526344
4.58984375,335.5,0.03088766522705555
4.59765625,336.25,0.030940452590584755
4.60546875,337.25,0.030993256717920303
4.609375,338.0,0.031046072021126747
4.6171875,338.75,0.03109888732433319
4.625,339.5,0.031151702627539635
4.62890625,340.25,0.03120451793074608
4.6328125,341.0,0.03125733509659767
4.6328125,341.75,0.031310129910707474
4.6328125,342.75,0.03136291727423668
4.62890625,343.5,0.031415704637765884
4.625,344.25,0.03146849572658539
4.62109375,345.0,0.03152132034301758
4.61328125,345.75,0.03157413750886917
4.60546875,346.5,0.03162694349884987
4.59765625,347.25,0.031679749488830566
4.58984375,348.25,0.03173256665468216
4.58203125,349.0,0.031785380095243454
4.57421875,349.75,0.03183818608522415
4.56640625,350.5,0.03189099207520485
4.55859375,351.25,0.03194379806518555
4.5546875,352.0,0.031996604055166245
4.55078125,352.75,0.03204941004514694
4.54296875,353.75,0.03210221603512764
4.5390625,354.5,0.03215502202510834
4.53125,355.25,0.032207828015089035
4.5234375,356.0,0.03226063400506973
4.51171875,356.75,0.03231343999505043
4.5,357.5,0.03236624598503113
4.484375,358.5,0.032419051975011826
4.46875,359.25,0.03247185796499252
4.45703125,360.0,0.032524630427360535
4.44140625,360.75,0.03257739916443825
4.42578125,361.5,0.03263016790151596
4.41015625,362.25,0.032682936638593674
4.3984375,363.0,0.032735735177993774
4.38671875,364.0,0.03278854116797447
4.37109375,364.75,0.03284134715795517
4.359375,365.5,0.03289415314793587
4.34765625,366.25,0.032946959137916565
4.33203125,367.0,0.032999783754348755
4.3203125,367.75,0.03305256739258766
4.3046875,368.75,0.033105336129665375
4.29296875,369.5,0.03315810486674309
4.28515625,370.25,0.0332108736038208
4.2734375,371.0,0.033263642340898514
4.26171875,371.75,0.03331641107797623
4.25,372.5,0.03336918726563454
4.23828125,373.5,0.033421993255615234
4.2265625,374.25,0.03347479924559593
4.2109375,375.0,0.03352760896086693
4.1953125,375.75,0.03358042612671852
4.1796875,376.5,0.03363324701786041
4.1640625,377.25,0.0336860716342926
4.1484375,378.25,0.03373889625072479
4.13671875,379.0,0.03379172086715698
4.125,379.75,0.033844541758298874
4.11328125,380.5,0.03389734774827957
4.10546875,381.25,0.03395015373826027
4.09765625,382.0,0.03400295972824097
4.08984375,383.0,0.034055765718221664
4.08203125,383.75,0.03410857170820236
4.078125,384.5,0.03416137769818306
4.0703125,385.25,0.03421418368816376
4.06640625,386.0,0.034266989678144455
4.05859375,386.75,0.03431979566812515
4.0546875,387.75,0.03437260165810585
4.046875,388.5,0.03442540764808655
4.04296875,389.25,0.034478213638067245
4.0390625,390.0,0.03453101962804794
4.03125,390.75,0.03458383306860924
4.0234375,391.75,0.034636642783880234
4.015625,392.5,0.03468944877386093
4.0078125,393.25,0.03474225476384163
4.0,394.0,0.03479506075382233
3.994140625,394.75,0.034847866743803024
3.990234375,395.5,0.03490067273378372
3.986328125,396.5,0.034953489899635315
3.984375,397.25,0.03500630706548691
3.984375,398.0,0.0350591242313385
3.984375,398.75,0.03511194884777069
3.984375,399.5,0.03516477346420288
3.986328125,400.5,0.03521759808063507
3.98828125,401.25,0.03527040407061577
3.990234375,402.0,0.035323210060596466
3.99609375,402.75,0.035376016050577164
4.0,403.5,0.03542882204055786
4.0078125,404.25,0.03548162803053856
4.015625,405.25,0.03553443402051926
4.01953125,406.0,0.03558724746108055
4.02734375,406.75,0.03564007207751274
4.03125,407.5,0.03569289669394493
4.0390625,408.25,0.03574572131037712
4.046875,409.25,0.03579854592680931
4.05078125,410.0,0.0358513705432415
4.0546875,410.75,0.03590419515967369
4.0625,411.5,0.035957008600234985
4.06640625,412.25,0.03600982949137688
4.0703125,413.25,0.03606265410780907
4.07421875,414.0,0.03611547872424126
4.07421875,414.75,0.03616830334067345
4.078125,415.5,0.03622112795710564
4.08203125,416.25,0.03627394512295723
4.0859375,417.0,0.036326758563518524
4.08984375,418.0,0.03637956455349922
4.08984375,418.75,0.03643237054347992
4.09375,419.5,0.03648517653346062
4.1015625,420.25,0.036537982523441315
4.10546875,421.0,0.036590803414583206
4.1171875,422.0,0.036643628031015396
4.125,422.75,0.036696452647447586
4.1328125,423.5,0.036749277263879776
4.14453125,424.25,0.036802101880311966
4.15234375,425.0,0.036854926496744156
4.16015625,426.0,0.036907751113176346
4.1640625,426.75,0.036960575729608536
4.16796875,427.5,0.037013400346040726
4.16796875,428.25,0.03706622123718262
4.171875,429.0,0.03711903095245361
4.171875,430.0,0.03717183694243431
4.17578125,430.75,0.037224650382995605
4.17578125,431.5,0.0372774563729763
4.171875,432.25,0.037330262362957
4.171875,433.0,0.0373830683529377
4.17578125,434.0,0.037435874342918396
4.17578125,434.75,0.037488680332899094
4.18359375,435.5,0.03754148632287979
4.1875,436.25,0.03759429231286049
4.19140625,437.0,0.037647098302841187
4.1953125,438.0,0.037699904292821884
4.203125,438.75,0.03775271028280258
4.20703125,439.5,0.03780551627278328
4.21484375,440.25,0.03785832226276398
4.21875,441.0,0.037911128252744675
4.22265625,442.0,0.03796393424272537
4.22265625,442.75,0.03801674023270607
4.2265625,443.5,0.03806954622268677
4.2265625,444.25,0.038122352212667465
4.22265625,445.0,0.03817515820264816
4.22265625,446.0,0.03822796419262886
4.21875,446.75,0.03828077018260956
4.21875,447.5,0.038333576172590256
4.21484375,448.25,0.03838638216257095
4.21484375,449.25,0.03843918815255165
4.21484375,450.0,0.03849199414253235
4.2109375,450.75,0.038544800132513046
4.2109375,451.5,0.038597606122493744
4.2109375,452.25,0.03865041211247444
4.2109375,453.25,0.03870321810245514
4.2109375,454.0,0.03875602409243584
4.21484375,454.75,0.038808830082416534
4.21484375,455.5,0.03886163607239723
4.21875,456.25,0.03891444206237793
4.22265625,457.25,0.03896724805235863
4.22265625,458.0,0.039020054042339325
4.22265625,458.75,0.03907286003232002
4.22265625,459.5,0.03912566602230072
4.22265625,460.5,0.03917847201228142
4.22265625,461.25,0.039231278002262115
4.21875,462.0,0.03928408399224281
4.21875,462.75,0.03933688998222351
4.21484375,463.5,0.03938969597220421
4.21484375,464.5,0.039442501962184906
4.21484375,465.25,0.039495307952165604
4.21484375,466.0,0.0395481139421463
4.21484375,466.75,0.039600919932127
4.21875,467.75,0.0396537259221077
4.22265625,468.5,0.039706531912088394
4.2265625,469.25,0.03975933790206909
4.23046875,470.0,0.03981214389204979
4.23828125,470.75,0.03986494988203049
4.2421875,471.75,0.039917755872011185
4.24609375,472.5,0.03997056186199188
4.25390625,473.25,0.04002336785197258
4.2578125,474.0,0.04007618501782417
4.265625,475.0,0.04012900963425636
4.26953125,475.75,0.04018183425068855
4.2734375,476.5,0.04023465886712074
4.27734375,477.25,0.04028748348355293
4.28125,478.0,0.04034030809998512
4.28515625,479.0,0.04039313271641731
4.2890625,479.75,0.0404459573328495
4.2890625,480.5,0.040498774498701096
4.29296875,481.25,0.04055158048868179
4.296875,482.25,0.04060438647866249
4.30078125,483.0,0.04065719246864319
4.30859375,483.75,0.040709998458623886
4.3125,484.5,0.040762804448604584
4.3203125,485.25,0.04081561043858528
4.32421875,486.25,0.04086841642856598
4.33203125,487.0,0.04092122241854668
4.33984375,487.75,0.040974028408527374
4.34375,488.5,0.04102683439850807
4.3515625,489.5,0.04107964038848877
4.35546875,490.25,0.04113244637846947
4.36328125,491.0,0.041185252368450165
4.3671875,491.75,0.041238073259592056
4.375,492.5,0.041290897876024246
4.37890625,493.5,0.041343722492456436
4.38671875,494.25,0.041396547108888626
4.390625,495.0,0.041449371725320816
4.39453125,495.75,0.04150218889117241
4.3984375,496.75,0.04155499488115311
4.40625,497.5,0.041607800871133804
4.41015625,498.25,0.0416606068611145
4.4140625,499.0,0.0417134128510952
4.41796875,500.0,0.0417662188410759
4.42578125,500.75,0.041819024831056595
4.43359375,501.5,0.041871849447488785
4.4375,502.25,0.041924674063920975
4.4453125,503.25,0.041977494955062866
4.453125,504.0,0.042030300945043564
4.45703125,504.75,0.04208310693502426
4.46484375,505.5,0.04213591292500496
4.47265625,506.25,0.04218871891498566
4.48046875,507.25,0.042241524904966354
4.48828125,508.0,0.04229433089494705
4.49609375,508.75,0.04234713688492775
4.50390625,509.5,0.04239994287490845
4.51171875,510.5,0.042452748864889145
4.51953125,511.25,0.04250555485486984
4.5234375,512.0,0.04255836084485054
4.53125,512.5,0.04261116683483124
4.53515625,513.5,0.042663972824811935
4.53515625,514.5,0.04271677881479263
4.5390625,515.0,0.04276958480477333
4.5390625,516.0,0.04282239079475403
4.5390625,517.0,0.042875196784734726
4.5390625,517.5,0.042928002774715424
4.5390625,518.5,0.04298080876469612
4.54296875,519.0,0.04303361475467682
4.54296875,520.0,0.043086420744657516
4.546875,521.0,0.043139245361089706
4.55078125,521.5,0.043192058801651
4.5546875,522.5,0.0432448647916317
4.55859375,523.5,0.043297670781612396
4.55859375,524.0,0.043350476771593094
4.5625,525.0,0.04340328276157379
4.56640625,525.5,0.04345608875155449
4.5703125,526.5,0.04350889474153519
4.57421875,527.5,0.043561700731515884
4.57421875,528.0,0.04361450672149658
4.5703125,529.0,0.04366731271147728
4.56640625,530.0,0.04372011870145798
4.5625,530.5,0.043772924691438675
4.5625,531.5,0.04382573068141937
4.55859375,532.0,0.04387853667140007
4.55078125,533.0,0.04393134266138077
4.546875,534.0,0.043984148651361465
4.54296875,534.5,0.04403695464134216
4.5390625,535.5,0.04408976435661316
4.53515625,536.5,0.04414258897304535
4.53515625,537.0,0.04419541358947754
4.53515625,538.0,0.04424823820590973
4.53125,538.5,0.04430105909705162
4.53125,539.5,0.04435386508703232
4.53125,540.5,0.044406671077013016
4.52734375,541.0,0.04445947706699371
4.52734375,542.0,0.04451228305697441
4.5234375,543.0,0.04456508904695511
4.51953125,543.5,0.044617895036935806
4.515625,544.5,0.044670701026916504
4.51171875,545.0,0.0447235070168972
4.5078125,546.0,0.0447763130068779
4.50390625,547.0,0.0448291189968586
4.5,547.5,0.044881924986839294
4.4921875,548.5,0.04493473097681999
4.48828125,549.5,0.04498753696680069
4.48046875,550.0,0.04504034295678139
4.47265625,551.0,0.045093148946762085
4.46875,552.0,0.04514595493674278
4.46484375,552.5,0.04519876092672348
4.45703125,553.5,0.04525156691670418
4.453125,554.0,0.045304372906684875
4.4453125,555.0,0.04535718634724617
4.44140625,556.0,0.04541001096367836
4.4375,556.5,0.04546283558011055
4.43359375,557.5,0.04551566019654274
4.42578125,558.5,0.04556848481297493
4.421875,559.0,0.04562130942940712
4.41796875,560.0,0.04567412659525871
4.41015625,560.5,0.04572693258523941
4.40625,561.5,0.04577973857522011
4.40625,562.5,0.045832544565200806
4.40234375,563.0,0.0458853505551815
4.3984375,564.0,0.0459381565451622
4.39453125,565.0,0.0459909625351429
4.390625,565.5,0.046043768525123596
4.38671875,566.5,0.046096574515104294
4.3828125,567.5,0.04614938050508499
4.37890625,568.0,0.04620218649506569
4.375,569.0,0.04625499248504639
4.37109375,569.5,0.046307798475027084
4.3671875,570.5,0.04636060446500778
4.36328125,571.5,0.04641342908143997
4.36328125,572.0,0.04646624997258186
4.359375,573.0,0.04651906341314316
4.35546875,574.0,0.04657188802957535
4.35546875,574.5,0.04662471264600754
4.35546875,575.5,0.04667753726243973
4.3515625,576.5,0.04673036187887192
4.3515625,577.0,0.04678317904472351
4.3515625,578.0,0.04683598503470421
4.3515625,578.5,0.046888791024684906
4.3515625,579.5,0.046941597014665604
4.3515625,580.5,0.0469944030046463
4.35546875,581.0,0.047047208994627
4.35546875,582.0,0.0471000149846077
4.359375,583.0,0.047152820974588394
4.359375,583.5,0.04720562696456909
4.359375,584.5,0.04725843295454979
4.36328125,585.5,0.04731123894453049
4.36328125,586.0,0.047364044934511185
4.36328125,587.0,0.04741685092449188
4.36328125,587.5,0.04746965691447258
4.36328125,588.5,0.04752246290445328
4.36328125,589.5,0.047575268894433975
4.3671875,590.0,0.04762807488441467
4.3671875,591.0,0.04768088087439537
4.3671875,592.0,0.04773368686437607
4.3671875,592.5,0.047786492854356766
4.3671875,593.5,0.04783931002020836
4.37109375,594.5,0.04789213463664055
4.37109375,595.0,0.04794495925307274
4.375,596.0,0.04799777641892433
4.37890625,596.5,0.04805058240890503
4.3828125,597.5,0.04810340702533722
4.38671875,598.5,0.04815623164176941
4.390625,599.0,0.048209045082330704
4.390625,600.0,0.0482618510723114
4.39453125,601.0,0.0483146570622921
4.3984375,601.5,0.0483674630522728
4.3984375,602.5,0.048420269042253494
4.40234375,603.5,0.04847307503223419
4.40625,604.0,0.04852588102221489
4.41015625,605.0,0.04857868701219559
4.4140625,605.5,0.048631493002176285
4.41796875,606.5,0.04868429899215698
4.421875,607.5,0.04873710498213768
4.42578125,608.0,0.048789914697408676
4.43359375,609.0,0.04884273558855057
4.4375,610.0,0.048895541578531265
4.44140625,610.5,0.04894834756851196
4.4453125,611.5,0.04900115355849266
4.44921875,612.5,0.04905395954847336
4.453125,613.0,0.04910678043961525
4.45703125,614.0,0.04915960505604744
4.45703125,615.0,0.04921242967247963
4.45703125,615.5,0.04926525428891182
4.4609375,616.5,0.049318067729473114
4.4609375,617.0,0.04937088117003441
4.4609375,618.0,0.049423687160015106
4.46484375,619.0,0.049476493149995804
4.46484375,619.5,0.0495292991399765
4.46484375,620.5,0.0495821088552475
4.46875,621.5,0.04963492229580879
4.46875,622.0,0.04968774691224098
4.47265625,623.0,0.04974057152867317
4.4765625,624.0,0.04979339614510536
4.48046875,624.5,0.04984622076153755
4.484375,625.5,0.049899034202098846
4.48828125,626.5,0.04995185509324074
4.48828125,627.0,0.05000467970967293
4.4921875,628.0,0.05005750432610512
4.49609375,629.0,0.05011032894253731
4.49609375,629.5,0.0501631535589695
4.5,630.5,0.05021597445011139
4.5,631.0,0.05026878044009209
4.50390625,632.0,0.050321586430072784
4.50390625,633.0,0.05037439242005348
4.5078125,633.5,0.05042719841003418
4.5078125,634.5,0.05048000440001488
4.51171875,635.5,0.050532810389995575
4.515625,636.0,0.050585631281137466
4.51953125,637.0,0.050638455897569656
4.5234375,638.0,0.05069126933813095
4.52734375,638.5,0.050744086503982544
4.53125,639.5,0.050796911120414734
4.53515625,640.5,0.05084972828626633
4.5390625,641.0,0.050902534276247025
4.54296875,642.0,0.05095534026622772
4.546875,643.0,0.05100814625620842
4.55078125,643.5,0.05106095224618912
4.5546875,644.5,0.05111376941204071
4.55859375,645.0,0.0511665940284729
4.55859375,646.0,0.051219403743743896
4.5625,647.0,0.05127221718430519
4.5625,647.5,0.05132502317428589
4.56640625,648.5,0.051377829164266586
4.5703125,649.5,0.051430635154247284
4.5703125,650.0,0.05148344114422798
4.57421875,651.0,0.05153624713420868
4.578125,652.0,0.05158905312418938
4.578125,652.5,0.051641859114170074
4.58203125,653.5,0.05169466510415077
4.5859375,654.5,0.05174747109413147
4.5859375,655.0,0.05180028825998306
4.58984375,656.0,0.05185311287641525
4.58984375,657.0,0.05190592259168625
4.59375,657.5,0.051958728581666946
4.59375,658.5,0.052011534571647644
4.59765625,659.5,0.05206434056162834
4.6015625,660.0,0.05211714655160904
4.60546875,661.0,0.05216995254158974
4.609375,662.0,0.052222758531570435
4.61328125,662.5,0.05227556452155113
4.61328125,663.5,0.05232837051153183
4.6171875,664.0,0.05238117650151253
4.6171875,665.0,0.052433982491493225
4.6171875,666.0,0.05248678848147392
4.62109375,666.5,0.05253960192203522
4.62109375,667.5,0.05259241908788681
4.62109375,668.5,0.05264522507786751
4.62109375,669.0,0.052698031067848206
4.625,670.0,0.0527508370578289
4.625,671.0,0.0528036430478096
4.625,671.5,0.0528564490377903
4.625,672.5,0.05290926620364189
4.625,673.5,0.05296209082007408
4.625,674.0,0.05301491543650627
4.625,675.0,0.05306774005293846
4.625,676.0,0.053120557218790054
4.625,676.5,0.05317336320877075
4.625,677.5,0.05322616919875145
4.625,678.5,0.053278978914022446
4.625,679.0,0.05333178490400314
4.625,680.0,0.05338459089398384
4.625,681.0,0.05343739688396454
4.62109375,681.5,0.053490202873945236
4.62109375,682.5,0.05354302376508713
4.6171875,683.5,0.05359584838151932
4.61328125,684.0,0.05364867299795151
4.609375,685.0,0.0537014976143837
4.60546875,686.0,0.053754303604364395
4.59765625,686.5,0.05380710959434509
4.59375,687.5,0.05385991558432579
4.58984375,688.5,0.05391272157430649
4.5859375,689.0,0.05396553501486778
4.58203125,690.0,0.05401834473013878
4.578125,690.5,0.05407116934657097
4.57421875,691.5,0.05412399023771286
4.5703125,692.5,0.05417679622769356
4.56640625,693.0,0.05422960966825485
4.5625,694.0,0.05428243428468704
4.55859375,695.0,0.05433525890111923
4.55078125,695.5,0.05438808351755142
4.546875,696.5,0.05444090813398361
4.546875,697.5,0.05449372157454491
4.54296875,698.0,0.054546527564525604
4.5390625,699.0,0.0545993335545063
4.53125,700.0,0.0546521432697773
4.52734375,700.5,0.05470496043562889
4.5234375,701.5,0.05475778505206108
4.51953125,702.5,0.05481060966849327
4.51171875,703.0,0.05486343428492546
4.5078125,704.0,0.05491625890135765
4.50390625,705.0,0.05496908351778984
4.49609375,705.5,0.05502190813422203
4.4921875,706.5,0.05507473275065422
4.48828125,707.5,0.05512755736708641
4.484375,708.0,0.05518036708235741
4.48046875,709.0,0.055233173072338104
4.4765625,710.0,0.0552859790623188
4.47265625,710.5,0.05533880367875099
4.47265625,711.5,0.05539162829518318
4.46875,712.5,0.05544445291161537
4.46484375,713.0,0.05549727752804756
4.46484375,714.0,0.05555009841918945
4.4609375,715.0,0.055602919310331345
4.4609375,715.5,0.055655743926763535
4.45703125,716.5,0.055708564817905426
4.453125,717.5,0.055761370807886124
4.453125,718.0,0.05581417679786682
4.44921875,719.0,0.05586698278784752
4.4453125,720.0,0.05591978877782822
4.44140625,720.5,0.055972594767808914
4.44140625,721.5,0.056025415658950806
4.4375,722.5,0.056078240275382996
4.43359375,723.0,0.056131064891815186
4.43359375,724.0,0.056183889508247375
4.4296875,725.0,0.056236714124679565
4.4296875,725.5,0.056289538741111755
4.4296875,726.5,0.056342363357543945
4.4296875,727.5,0.05639517307281494
4.42578125,728.0,0.05644797906279564
4.42578125,729.0,0.056500788778066635
4.4296875,730.0,0.05655359849333763
4.4296875,730.5,0.05660642310976982
4.4296875,731.5,0.05665924772620201
4.4296875,732.5,0.0567120723426342
4.43359375,733.0,0.05676489323377609
4.43359375,734.0,0.05681771785020828
4.4375,735.0,0.05687054246664047
4.44140625,735.5,0.05692336708307266
4.44140625,736.5,0.05697619169950485
4.4453125,737.5,0.05702901631593704
4.4453125,738.0,0.05708182975649834
4.4453125,739.0,0.05713464692234993
4.44921875,740.0,0.05718747153878212
4.44921875,740.5,0.05724029615521431
4.44921875,741.5,0.0572931207716465
4.453125,742.5,0.057345934212207794
4.453125,743.0,0.05739874765276909
4.45703125,744.0,0.05745157226920128
4.45703125,745.0,0.05750439688563347
4.4609375,745.5,0.05755721032619476
4.4609375,746.5,0.05761002376675606
4.46484375,747.5,0.05766284838318825
4.46875,748.0,0.05771567299962044
4.47265625,749.0,0.05776849761605263
4.47265625,750.0,0.05782132223248482
4.4765625,750.5,0.05787414684891701
4.48046875,751.5,0.0579269714653492
4.48046875,752.5,0.05797979608178139
4.484375,753.0,0.05803262069821358
4.48828125,754.0,0.05808544531464577
4.48828125,755.0,0.05813826993107796
4.4921875,755.5,0.05819109454751015
4.4921875,756.5,0.05824391916394234
4.4921875,757.5,0.05829674378037453
4.4921875,758.0,0.05834956839680672
4.4921875,759.0,0.05840239301323891
4.49609375,760.0,0.0584552176296711
4.49609375,760.5,0.05850804224610329
4.5,761.5,0.05856086686253548
4.5,762.5,0.05861369147896767
4.50390625,763.0,0.05866651609539986
4.50390625,764.0,0.058719340711832047
4.5078125,765.0,0.058772165328264236
4.51171875,765.5,0.058824989944696426
4.51171875,766.5,0.058877814561128616
4.515625,767.5,0.058930639177560806
4.515625,768.0,0.058983463793992996
4.515625,769.0,0.059036288410425186
4.515625,770.0,0.059089113026857376
4.51171875,771.0,0.059141937643289566
4.51171875,771.5,0.059194762259721756
4.5078125,772.5,0.059247586876153946
4.5078125,773.5,0.059300411492586136
4.50390625,774.0,0.059353236109018326
4.5,775.0,0.059406060725450516
4.5,776.0,0.059458885341882706
4.49609375,776.5,0.059511709958314896
4.49609375,777.5,0.059564534574747086
4.4921875,778.5,0.059617359191179276
4.4921875,779.0,0.059670183807611465
4.48828125,780.0,0.059723008424043655
4.48828125,781.0,0.059775833040475845
4.48828125,781.5,0.059828657656908035
4.484375,782.5,0.059881482273340225
4.484375,783.5,0.059934306889772415
4.48046875,784.0,0.059987131506204605
4.48046875,785.0,0.060039956122636795
4.4765625,786.0,0.060092780739068985
4.47265625,786.5,0.060145605355501175
4.46875,787.5,0.060198429971933365
4.46484375,788.5,0.060251254588365555
4.45703125,789.0,0.060304079204797745
4.453125,790.0,0.060356903821229935
4.44921875,791.0,0.060409728437662125
4.44140625,791.5,0.060462553054094315
4.4375,792.5,0.060515377670526505
4.43359375,793.5,0.060568202286958694
4.42578125,794.0,0.060621026903390884
4.421875,795.0,0.060673851519823074
4.41796875,796.0,0.060726676136255264
4.4140625,796.5,0.060779500752687454
4.41015625,797.5,0.060832325369119644
4.40625,798.5,0.060885149985551834
4.40234375,799.5,0.060937974601984024
4.3984375,800.0,0.060990799218416214
4.39453125,801.0,0.061043623834848404
4.390625,802.0,0.061096448451280594
4.38671875,802.5,0.061149273067712784
4.3828125,803.5,0.061202097684144974
4.375,804.5,0.061254922300577164
4.37109375,805.0,0.061307746917009354
4.3671875,806.0,0.061360571533441544
4.359375,807.0,0.061413396149873734
4.35546875,807.5,0.06146622076630592
4.34765625,808.5,0.06151904538273811
4.33984375,809.5,0.0615718699991703
4.3359375,810.0,0.06162469461560249
4.328125,811.0,0.06167751923203468
4.32421875,812.0,0.06173034384846687
4.3203125,812.5,0.06178316846489906
4.31640625,813.5,0.06183599308133125
4.3125,814.5,0.06188881769776344
4.30859375,815.0,0.06194164231419563
4.3046875,816.0,0.06199446693062782
4.30078125,817.0,0.06204729154706001
4.30078125,818.0,0.0621001161634922
4.296875,818.5,0.06215294077992439
4.29296875,819.5,0.06220576539635658
4.2890625,820.5,0.06225859001278877
4.2890625,821.0,0.06231141462922096
4.28515625,822.0,0.06236423924565315
4.28125,823.0,0.06241706386208534
4.28125,823.5,0.06246988847851753
4.27734375,824.5,0.06252270936965942
4.2734375,825.5,0.06257553398609161
4.26953125,826.0,0.0626283586025238
4.26953125,827.0,0.062681183218956
4.265625,828.0,0.06273400783538818
4.26171875,828.5,0.06278683245182037
4.2578125,829.5,0.06283965706825256
4.25390625,830.5,0.06289248168468475
4.25,831.0,0.06294530630111694
4.24609375,832.0,0.06299813091754913
4.2421875,833.0,0.06305095553398132
4.2421875,834.0,0.06310378015041351
4.23828125,834.5,0.0631566047668457
4.23828125,835.5,0.0632094293832779
4.23828125,836.5,0.06326225399971008
4.23828125,837.0,0.06331507861614227
4.23828125,838.0,0.06336790323257446
4.23828125,839.0,0.06342072784900665
4.23828125,839.5,0.06347355246543884
4.23828125,840.5,0.06352637708187103
4.234375,841.5,0.06357920169830322
4.234375,842.0,0.06363202631473541
4.234375,843.0,0.0636848509311676
4.23046875,844.0,0.06373767554759979
4.2265625,844.5,0.06379050016403198
4.2265625,845.5,0.06384332478046417
4.22265625,846.5,0.06389614939689636
4.22265625,847.5,0.06394897401332855
4.21875,848.0,0.06400179862976074
4.21875,849.0,0.06405462324619293
4.21875,850.0,0.06410744786262512
4.21484375,850.5,0.06416027247905731
4.21484375,851.5,0.0642130970954895
4.21875,852.5,0.06426592171192169
4.21875,853.0,0.06431874632835388
4.21875,854.0,0.06437157094478607
4.21875,855.0,0.06442439556121826
4.21875,855.5,0.06447722017765045
4.21875,856.5,0.06453004479408264
4.21875,857.5,0.06458286941051483
4.21875,858.0,0.06463569402694702
4.21875,859.0,0.06468851864337921
4.21875,860.0,0.0647413432598114
4.21875,861.0,0.06479416787624359
4.21484375,861.5,0.06484699249267578
4.21484375,862.5,0.06489981710910797
4.2109375,863.5,0.06495264172554016
4.2109375,864.0,0.06500546634197235
4.20703125,865.0,0.06505829095840454
4.20703125,866.0,0.06511111557483673
4.203125,866.5,0.06516394019126892
4.203125,867.5,0.06521676480770111
4.19921875,868.5,0.0652695894241333
4.19921875,869.0,0.06532241404056549
4.19921875,870.0,0.06537523865699768
4.1953125,871.0,0.06542806327342987
4.1953125,872.0,0.06548088788986206
4.1953125,872.5,0.06553371250629425
4.19140625,873.5,0.06558653712272644
4.19140625,874.5,0.06563936173915863
4.1875,875.0,0.06569218635559082
4.1875,876.0,0.06574501097202301
4.1875,877.0,0.0657978355884552
4.18359375,877.5,0.06585066020488739
4.18359375,878.5,0.06590348482131958
4.1796875,879.5,0.06595630943775177
4.17578125,880.0,0.06600913405418396
4.17578125,881.0,0.06606195867061615
4.171875,882.0,0.06611478328704834
4.16796875,883.0,0.06616760790348053
4.1640625,883.5,0.06622043251991272
4.16015625,884.5,0.06627325713634491
4.15625,885.5,0.0663260817527771
4.15234375,886.0,0.06637890636920929
4.15234375,887.0,0.06643173098564148
4.1484375,888.0,0.06648455560207367
4.14453125,888.5,0.06653738021850586
4.140625,889.5,0.06659020483493805
4.13671875,890.5,0.06664302945137024
4.13671875,891.0,0.06669585406780243
4.1328125,892.0,0.06674867868423462
4.12890625,893.0,0.06680150330066681
4.125,894.0,0.066854327917099
4.12109375,894.5,0.06690715253353119
4.1171875,895.5,0.06695997714996338
4.11328125,896.5,0.06701280176639557
4.109375,897.0,0.06706562638282776
4.109375,898.0,0.06711845099925995
4.10546875,899.0,0.06717127561569214
4.09765625,899.5,0.06722410023212433
4.09375,900.5,0.06727692484855652
4.08984375,901.5,0.06732974946498871
4.0859375,902.5,0.0673825740814209
4.078125,903.0,0.06743539869785309
4.07421875,904.0,0.06748822331428528
4.0703125,905.0,0.06754104793071747
4.06640625,905.5,0.06759387254714966
4.0625,906.5,0.06764669716358185
4.0625,907.5,0.06769952178001404
4.05859375,908.0,0.06775234639644623
4.0546875,909.0,0.06780517101287842
4.05078125,910.0,0.06785799562931061
4.05078125,911.0,0.0679108202457428
4.046875,911.5,0.06796364486217499
4.04296875,912.5,0.06801646947860718
4.04296875,913.5,0.06806929409503937
4.0390625,914.0,0.06812211871147156
4.0390625,915.0,0.06817494332790375
4.03515625,916.0,0.06822776794433594
4.03515625,916.5,0.06828059256076813
4.03515625,917.5,0.06833341717720032
4.03125,918.5,0.06838624179363251
4.03125,919.5,0.0684390664100647
4.02734375,920.0,0.06849189102649689
4.02734375,921.0,0.06854471564292908
4.0234375,922.0,0.06859754025936127
4.0234375,922.5,0.06865036487579346
4.0234375,923.5,0.06870318949222565
4.0234375,924.5,0.06875601410865784
4.0234375,925.0,0.06880883872509003
4.02734375,926.0,0.06886166334152222
4.02734375,927.0,0.0689144879579544
4.03125,928.0,0.0689673125743866
4.03125,928.5,0.06902013719081879
4.03125,929.5,0.06907296180725098
4.03515625,930.5,0.06912578642368317
4.03515625,931.0,0.06917861104011536
4.0390625,932.0,0.06923143565654755
4.04296875,933.0,0.06928426027297974
4.04296875,934.0,0.06933708488941193
4.046875,934.5,0.06938990950584412
4.05078125,935.5,0.0694427341222763
4.0546875,936.5,0.0694955587387085
4.05859375,937.0,0.06954838335514069
4.0625,938.0,0.06960120797157288
4.0625,939.0,0.06965403258800507
4.06640625,939.5,0.06970685720443726
4.0703125,940.5,0.06975968182086945
4.07421875,941.5,0.06981250643730164
4.078125,942.5,0.06986533105373383
4.08203125,943.0,0.06991815567016602
4.08984375,944.0,0.0699709802865982
4.09375,945.0,0.0700238049030304
4.09765625,945.5,0.07007662951946259
4.10546875,946.5,0.07012945413589478
4.109375,947.5,0.07018227875232697
4.11328125,948.0,0.07023510336875916
4.12109375,949.0,0.07028792798519135
4.125,950.0,0.07034075260162354
4.12890625,951.0,0.07039357721805573
4.13671875,951.5,0.07044640183448792
4.140625,952.5,0.0704992264509201
4.1484375,953.5,0.0705520510673523
4.15234375,954.0,0.07060487568378448
4.16015625,955.0,0.07065770030021667
4.1640625,956.0,0.07071052491664886
4.16796875,957.0,0.07076334953308105
4.17578125,957.5,0.07081617414951324
4.1796875,958.5,0.07086899876594543
4.18359375,959.5,0.07092182338237762
4.19140625,960.0,0.07097464799880981
4.1953125,961.0,0.071027472615242
4.203125,962.0,0.0710802972316742
4.20703125,963.0,0.07113312184810638
4.21484375,963.5,0.07118594646453857
4.21875,964.5,0.07123877108097076
4.2265625,965.5,0.07129159569740295
4.23046875,966.0,0.07134442031383514
4.234375,967.0,0.07139724493026733
4.23828125,968.0,0.07145006954669952
4.2421875,968.5,0.07150289416313171
4.24609375,969.5,0.0715557187795639
4.25,970.5,0.0716085433959961
4.25390625,971.5,0.07166136801242828
4.2578125,972.0,0.07171419262886047
4.26171875,973.0,0.07176701724529266
4.265625,974.0,0.07181984186172485
4.26953125,974.5,0.07187266647815704
4.27734375,975.5,0.07192549109458923
4.27734375,976.5,0.07197831571102142
4.28125,977.5,0.07203114032745361
4.28515625,978.0,0.0720839649438858
4.2890625,979.0,0.072136789560318
4.29296875,980.0,0.07218961417675018
4.296875,980.5,0.07224243879318237
4.30078125,981.5,0.07229526340961456
4.3046875,982.5,0.07234808802604675
4.30859375,983.5,0.07240091264247894
4.3125,984.0,0.07245373725891113
4.3125,985.0,0.07250656187534332
4.31640625,986.0,0.07255938649177551
4.31640625,986.5,0.0726122111082077
4.3203125,987.5,0.07266503572463989
4.3203125,988.5,0.07271786034107208
4.32421875,989.5,0.07277068495750427
4.32421875,990.0,0.07282350957393646
4.328125,991.0,0.07287633419036865
4.328125,992.0,0.07292915880680084
4.33203125,992.5,0.07298198342323303
4.33203125,993.5,0.07303480803966522
4.3359375,994.5,0.07308763265609741
4.3359375,995.5,0.0731404572725296
4.33984375,996.0,0.07319328188896179
4.33984375,997.0,0.07324610650539398
4.34375,998.0,0.07329893112182617
4.34375,998.5,0.07335175573825836
4.34765625,999.5,0.07340458035469055
4.34765625,1000.5,0.07345740497112274
4.3515625,1001.5,0.07351022958755493
4.3515625,1002.0,0.07356305420398712
4.3515625,1003.0,0.07361587882041931
4.35546875,1004.0,0.0736687034368515
4.35546875,1004.5,0.07372152805328369
4.35546875,1005.5,0.07377435266971588
4.35546875,1006.5,0.07382717728614807
4.35546875,1007.5,0.07388000190258026
4.35546875,1008.0,0.07393282651901245
4.359375,1009.0,0.07398565113544464
4.359375,1010.0,0.07403847575187683
4.359375,1010.5,0.07409130036830902
4.36328125,1011.5,0.07414412498474121
4.36328125,1012.5,0.0741969496011734
4.3671875,1013.5,0.07424977421760559
4.3671875,1014.0,0.07430259883403778
4.3671875,1015.0,0.07435542345046997
4.37109375,1016.0,0.07440824806690216
4.37109375,1016.5,0.07446107268333435
4.37109375,1017.5,0.07451389729976654
4.375,1018.5,0.07456672191619873
4.375,1019.5,0.07461954653263092
4.375,1020.0,0.07467237114906311
4.37890625,1021.0,0.0747251957654953
4.37890625,1022.0,0.07477802038192749
4.37890625,1022.5,0.07483084499835968
4.37890625,1023.5,0.07488366961479187
4.37890625,1024.0,0.07493649423122406
4.37890625,1025.0,0.07498931884765625
4.37890625,1026.0,0.07504214346408844
4.37890625,1027.0,0.07509496808052063
4.37890625,1028.0,0.07514779269695282
4.37890625,1029.0,0.07520061731338501
4.37890625,1029.0,0.0752534419298172
4.37890625,1030.0,0.07530626654624939
4.37890625,1031.0,0.07535909116268158
4.37890625,1032.0,0.07541191577911377
4.37890625,1033.0,0.07546474039554596
4.37890625,1034.0,0.07551756501197815
4.37890625,1035.0,0.07557038962841034
4.3828125,1035.0,0.07562321424484253
4.3828125,1036.0,0.07567603886127472
4.3828125,1037.0,0.07572886347770691
4.3828125,1038.0,0.0757816880941391
4.3828125,1039.0,0.07583451271057129
4.38671875,1040.0,0.07588733732700348
4.38671875,1041.0,0.07594016194343567
4.38671875,1041.0,0.07599298655986786
4.38671875,1042.0,0.07604581117630005
4.38671875,1043.0,0.07609863579273224
4.38671875,1044.0,0.07615146040916443
4.3828125,1045.0,0.07620428502559662
4.3828125,1046.0,0.07625710964202881
4.3828125,1047.0,0.076309934258461
4.3828125,1047.0,0.07636275887489319
4.37890625,1048.0,0.07641558349132538
4.37890625,1049.0,0.07646840810775757
4.37890625,1050.0,0.07652123272418976
4.37890625,1051.0,0.07657405734062195
4.37890625,1052.0,0.07662688195705414
4.37890625,1053.0,0.07667970657348633
4.375,1053.0,0.07673253118991852
4.375,1054.0,0.07678535580635071
4.375,1055.0,0.0768381804227829
4.375,1056.0,0.07689100503921509
4.375,1057.0,0.07694382965564728
4.37109375,1058.0,0.07699665427207947
4.37109375,1059.0,0.07704947888851166
4.37109375,1060.0,0.07710230350494385
4.37109375,1060.0,0.07715512812137604
4.3671875,1061.0,0.07720795273780823
4.3671875,1062.0,0.07726077735424042
4.36328125,1063.0,0.07731360197067261
4.36328125,1064.0,0.0773664265871048
4.36328125,1065.0,0.07741925120353699
4.359375,1066.0,0.07747207581996918
4.359375,1066.0,0.07752490043640137
4.35546875,1067.0,0.07757772505283356
4.35546875,1068.0,0.07763054966926575
4.35546875,1069.0,0.07768337428569794
4.3515625,1070.0,0.07773619890213013
4.3515625,1071.0,0.07778902351856232
4.3515625,1072.0,0.0778418481349945
4.34765625,1072.0,0.0778946727514267
4.34765625,1073.0,0.07794749736785889
4.34765625,1074.0,0.07800032198429108
4.34765625,1075.0,0.07805314660072327
4.34765625,1076.0,0.07810597121715546
4.34375,1077.0,0.07815879583358765
4.34375,1078.0,0.07821162045001984
4.33984375,1078.0,0.07826444506645203
4.33984375,1079.0,0.07831726968288422
4.33984375,1080.0,0.0783700942993164
4.3359375,1081.0,0.0784229189157486
4.3359375,1082.0,0.07847574353218079
4.3359375,1083.0,0.07852856814861298
4.33203125,1084.0,0.07858139276504517
4.33203125,1085.0,0.07863421738147736
4.33203125,1085.0,0.07868704199790955
4.328125,1086.0,0.07873986661434174
4.328125,1087.0,0.07879269123077393
4.328125,1088.0,0.07884551584720612
4.328125,1089.0,0.0788983404636383
4.328125,1090.0,0.0789511650800705
4.328125,1091.0,0.07900398969650269
4.328125,1091.0,0.07905681431293488
4.328125,1092.0,0.07910963892936707
4.328125,1093.0,0.07916246354579926
4.33203125,1094.0,0.07921528816223145
4.33203125,1095.0,0.07926811277866364
4.33203125,1096.0,0.07932093739509583
4.33203125,1097.0,0.07937376201152802
4.328125,1097.0,0.0794265866279602
4.328125,1098.0,0.0794794112443924
4.328125,1099.0,0.07953223586082458
4.33203125,1100.0,0.07958506047725677
4.33203125,1101.0,0.07963788509368896
4.33203125,1102.0,0.07969070971012115
4.33203125,1103.0,0.07974353432655334
4.3359375,1104.0,0.07979635894298553
4.3359375,1104.0,0.07984918355941772
4.33984375,1105.0,0.07990200817584991
4.33984375,1106.0,0.0799548327922821
4.33984375,1107.0,0.0800076574087143
4.34375,1108.0,0.08006048202514648
4.34765625,1109.0,0.08011330664157867
4.34765625,1110.0,0.08016613125801086
4.3515625,1110.0,0.08021895587444305
4.35546875,1111.0,0.08027178049087524
4.359375,1112.0,0.08032460510730743
4.36328125,1113.0,0.08037742972373962
4.36328125,1114.0,0.08043025434017181
4.3671875,1115.0,0.080483078956604
4.37109375,1116.0,0.0805359035730362
4.37109375,1117.0,0.08058872818946838
4.375,1117.0,0.08064155280590057
4.375,1118.0,0.08069437742233276
4.37890625,1119.0,0.08074720203876495
4.3828125,1120.0,0.08080002665519714
4.38671875,1121.0,0.08085285127162933
4.38671875,1122.0,0.08090567588806152
4.390625,1123.0,0.08095850050449371
4.39453125,1123.0,0.0810113251209259
4.3984375,1124.0,0.0810641497373581
4.40234375,1125.0,0.08111697435379028
4.40625,1126.0,0.08116979897022247
4.41015625,1127.0,0.08122262358665466
4.41015625,1128.0,0.08127544820308685
4.4140625,1129.0,0.08132827281951904
4.41796875,1130.0,0.08138109743595123
4.421875,1130.0,0.08143392205238342
4.42578125,1131.0,0.08148674666881561
4.4296875,1132.0,0.0815395712852478
4.4296875,1133.0,0.08159239590167999
4.43359375,1134.0,0.08164522051811218
4.43359375,1135.0,0.08169804513454437
4.4375,1136.0,0.08175086975097656
4.4375,1136.0,0.08180369436740875
4.44140625,1137.0,0.08185651898384094
4.44140625,1138.0,0.08190934360027313
4.4453125,1139.0,0.08196216821670532
4.4453125,1140.0,0.08201499283313751
4.44921875,1141.0,0.0820678174495697
4.44921875,1142.0,0.08212064206600189
4.453125,1143.0,0.08217346668243408
4.453125,1143.0,0.08222629129886627
4.45703125,1144.0,0.08227911591529846
4.45703125,1145.0,0.08233194053173065
4.4609375,1146.0,0.08238476514816284
4.4609375,1147.0,0.08243758976459503
4.46484375,1148.0,0.08249041438102722
4.46484375,1149.0,0.08254323899745941
4.46484375,1150.0,0.0825960636138916
4.46875,1150.0,0.08264888823032379
4.46875,1151.0,0.08270171284675598
4.46875,1152.0,0.08275453746318817
4.46875,1153.0,0.08280736207962036
4.46875,1154.0,0.08286018669605255
4.46875,1155.0,0.08291301131248474
4.46875,1156.0,0.08296583592891693
4.46875,1156.0,0.08301866054534912
4.46875,1157.0,0.08307148516178131
4.46875,1158.0,0.0831243097782135
4.46875,1159.0,0.08317713439464569
4.46875,1160.0,0.08322995901107788
4.46875,1161.0,0.08328278362751007
4.46875,1162.0,0.08333560824394226
4.46875,1163.0,0.08338843286037445
4.46875,1163.0,0.08344125747680664
4.46875,1164.0,0.08349408209323883
4.46875,1165.0,0.08354690670967102
4.46875,1166.0,0.08359973132610321
4.46875,1167.0,0.0836525559425354
4.46875,1168.0,0.08370538055896759
4.46875,1169.0,0.08375820517539978
4.46875,1170.0,0.08381102979183197
4.46875,1170.0,0.08386385440826416
4.46875,1171.0,0.08391667902469635
4.46875,1172.0,0.08396950364112854
4.46875,1173.0,0.08402232825756073
4.46484375,1174.0,0.08407515287399292
4.46484375,1175.0,0.08412797749042511
4.46484375,1176.0,0.0841808021068573
4.4609375,1176.0,0.08423362672328949
4.4609375,1177.0,0.08428645133972168
4.4609375,1178.0,0.08433927595615387
4.4609375,1179.0,0.08439210057258606
4.4609375,1180.0,0.08444492518901825
4.45703125,1181.0,0.08449774980545044
4.45703125,1182.0,0.08455057442188263
4.45703125,1183.0,0.08460339903831482
4.45703125,1183.0,0.08465622365474701
4.45703125,1184.0,0.0847090482711792
4.45703125,1185.0,0.08476187288761139
4.45703125,1186.0,0.08481469750404358
4.45703125,1187.0,0.08486752212047577
4.45703125,1188.0,0.08492034673690796
4.45703125,1189.0,0.08497317135334015
4.45703125,1190.0,0.08502599596977234
4.453125,1190.0,0.08507882058620453
4.453125,1191.0,0.08513164520263672
4.453125,1192.0,0.08518446981906891
4.453125,1193.0,0.0852372944355011
4.453125,1194.0,0.08529011905193329
4.453125,1195.0,0.08534294366836548
4.44921875,1196.0,0.08539576828479767
4.44921875,1197.0,0.08544859290122986
4.44921875,1197.0,0.08550141751766205
4.44921875,1198.0,0.08555424213409424
4.44921875,1199.0,0.08560706675052643
4.44921875,1200.0,0.08565989136695862
4.44921875,1201.0,0.08571271598339081
4.44921875,1202.0,0.085765540599823
4.44921875,1203.0,0.08581836521625519
4.44921875,1204.0,0.08587118983268738
4.44921875,1204.0,0.08592401444911957
4.44921875,1205.0,0.08597683906555176
4.44921875,1206.0,0.08602966368198395
4.44921875,1207.0,0.08608248829841614
4.44921875,1208.0,0.08613531291484833
4.44921875,1209.0,0.08618813753128052
4.44921875,1210.0,0.08624096214771271
4.44921875,1210.0,0.0862937867641449
4.453125,1211.0,0.08634661138057709
4.453125,1212.0,0.08639943599700928
4.453125,1213.0,0.08645226061344147
4.453125,1214.0,0.08650508522987366
4.453125,1215.0,0.08655790984630585
4.453125,1216.0,0.08661073446273804
4.453125,1217.0,0.08666355907917023
4.453125,1217.0,0.08671638369560242
4.453125,1218.0,0.0867692083120346
4.45703125,1219.0,0.0868220329284668
4.45703125,1220.0,0.08687485754489899
4.45703125,1221.0,0.08692768216133118
4.45703125,1222.0,0.08698050677776337
4.4609375,1223.0,0.08703333139419556
4.4609375,1224.0,0.08708615601062775
4.4609375,1224.0,0.08713898062705994
4.46484375,1225.0,0.08719180524349213
4.46484375,1226.0,0.08724462985992432
4.46484375,1227.0,0.0872974544763565
4.46484375,1228.0,0.0873502790927887
4.46875,1229.0,0.08740310370922089
4.46875,1230.0,0.08745592832565308
4.46875,1231.0,0.08750875294208527
4.47265625,1231.0,0.08756157755851746
4.47265625,1232.0,0.08761440217494965
4.4765625,1233.0,0.08766722679138184
4.4765625,1234.0,0.08772005140781403
4.4765625,1235.0,0.08777287602424622
4.4765625,1236.0,0.0878257006406784
4.48046875,1237.0,0.0878785252571106
4.48046875,1238.0,0.08793134987354279
4.48046875,1238.0,0.08798417448997498
4.484375,1239.0,0.08803699910640717
4.484375,1240.0,0.08808982372283936
4.48828125,1241.0,0.08814264833927155
4.48828125,1242.0,0.08819547295570374
4.4921875,1243.0,0.08824829757213593
4.4921875,1244.0,0.08830112218856812
4.4921875,1245.0,0.0883539468050003
4.49609375,1245.0,0.0884067714214325
4.49609375,1246.0,0.08845959603786469
4.49609375,1247.0,0.08851242065429688
4.5,1248.0,0.08856524527072906
4.5,1249.0,0.08861806988716125
4.5,1250.0,0.08867089450359344
4.5,1251.0,0.08872371912002563
4.50390625,1252.0,0.08877654373645782
4.50390625,1252.0,0.08882936835289001
4.50390625,1253.0,0.0888821929693222
4.50390625,1254.0,0.0889350175857544
4.50390625,1255.0,0.08898784220218658
4.50390625,1256.0,0.08904066681861877
4.50390625,1257.0,0.08909349143505096
4.50390625,1258.0,0.08914631605148315
4.50390625,1259.0,0.08919914066791534
4.50390625,1260.0,0.08925196528434753
4.50390625,1260.0,0.08930478990077972
4.50390625,1261.0,0.08935761451721191
4.50390625,1262.0,0.0894104391336441
4.5,1263.0,0.0894632637500763
4.5,1264.0,0.08951608836650848
4.5,1265.0,0.08956891298294067
4.5,1266.0,0.08962173759937286
4.5,1267.0,0.08967456221580505
4.49609375,1267.0,0.08972738683223724
4.49609375,1268.0,0.08978021144866943
4.49609375,1269.0,0.08983303606510162
4.4921875,1270.0,0.08988586068153381
4.4921875,1271.0,0.089938685297966
4.4921875,1272.0,0.0899915099143982
4.48828125,1273.0,0.09004433453083038
4.48828125,1274.0,0.09009715914726257
4.48828125,1274.0,0.09014998376369476
4.484375,1275.0,0.09020280838012695
4.484375,1276.0,0.09025563299655914
4.48046875,1277.0,0.09030845761299133
4.48046875,1278.0,0.09036128222942352
4.4765625,1279.0,0.09041410684585571
4.4765625,1280.0,0.0904669314622879
4.4765625,1281.0,0.09051975607872009
4.47265625,1281.0,0.09057258069515228
4.47265625,1282.0,0.09062540531158447
4.46875,1283.0,0.09067822992801666
4.46484375,1284.0,0.09073105454444885
4.46484375,1285.0,0.09078387916088104
4.4609375,1286.0,0.09083670377731323
4.4609375,1287.0,0.09088952839374542
4.45703125,1288.0,0.09094235301017761
4.453125,1288.0,0.0909951776266098
4.453125,1289.0,0.09104800224304199
4.44921875,1290.0,0.09110082685947418
4.44921875,1291.0,0.09115365147590637
4.4453125,1292.0,0.09120647609233856
4.4453125,1293.0,0.09125930070877075
4.44140625,1294.0,0.09131212532520294
4.44140625,1295.0,0.09136494994163513
4.44140625,1296.0,0.09141777455806732
4.4375,1296.0,0.09147059917449951
4.4375,1297.0,0.0915234237909317
4.4375,1298.0,0.09157624840736389
4.43359375,1299.0,0.09162907302379608
4.43359375,1300.0,0.09168189764022827
4.43359375,1301.0,0.09173472225666046
4.4296875,1302.0,0.09178754687309265
4.4296875,1303.0,0.09184037148952484
4.4296875,1303.0,0.09189319610595703
4.42578125,1304.0,0.09194602072238922
4.42578125,1305.0,0.09199884533882141
4.42578125,1306.0,0.0920516699552536
4.42578125,1307.0,0.09210449457168579
4.42578125,1308.0,0.09215731918811798
4.42578125,1309.0,0.09221014380455017
4.42578125,1310.0,0.09226296842098236
4.42578125,1310.0,0.09231579303741455
4.42578125,1311.0,0.09236861765384674
4.42578125,1312.0,0.09242144227027893
4.42578125,1313.0,0.09247426688671112
4.42578125,1314.0,0.09252709150314331
4.42578125,1315.0,0.0925799161195755
4.42578125,1316.0,0.09263274073600769
4.42578125,1317.0,0.09268556535243988
4.42578125,1318.0,0.09273838996887207
4.4296875,1318.0,0.09279121458530426
4.4296875,1319.0,0.09284403920173645
4.4296875,1320.0,0.09289686381816864
4.4296875,1321.0,0.09294968843460083
4.4296875,1322.0,0.09300251305103302
4.4296875,1323.0,0.09305533766746521
4.43359375,1324.0,0.0931081622838974
4.43359375,1325.0,0.09316098690032959
4.43359375,1325.0,0.09321381151676178
4.43359375,1326.0,0.09326663613319397
4.4375,1327.0,0.09331946074962616
4.4375,1328.0,0.09337228536605835
4.4375,1329.0,0.09342510998249054
4.44140625,1330.0,0.09347793459892273
4.44140625,1331.0,0.09353075921535492
4.44140625,1332.0,0.09358358383178711
4.4453125,1332.0,0.0936364084482193
4.4453125,1333.0,0.09368923306465149
4.4453125,1334.0,0.09374205768108368
4.44921875,1335.0,0.09379488229751587
4.44921875,1336.0,0.09384770691394806
4.44921875,1337.0,0.09390053153038025
4.453125,1338.0,0.09395335614681244
4.453125,1339.0,0.09400618076324463
4.453125,1340.0,0.09405900537967682
4.45703125,1340.0,0.09411182999610901
4.45703125,1341.0,0.0941646546125412
4.45703125,1342.0,0.09421747922897339
4.45703125,1343.0,0.09427030384540558
4.4609375,1344.0,0.09432312846183777
4.4609375,1345.0,0.09437595307826996
4.4609375,1346.0,0.09442877769470215
4.4609375,1347.0,0.09448160231113434
4.46484375,1347.0,0.09453442692756653
4.46484375,1348.0,0.09458725154399872
4.46484375,1349.0,0.09464007616043091
4.46484375,1350.0,0.0946929007768631
4.46484375,1351.0,0.09474572539329529
4.46875,1352.0,0.09479855000972748
4.46875,1353.0,0.09485137462615967
4.46875,1354.0,0.09490419924259186
4.46875,1355.0,0.09495702385902405
4.46875,1355.0,0.09500984847545624
4.46875,1356.0,0.09506267309188843
4.46875,1357.0,0.09511549770832062
4.46875,1358.0,0.09516832232475281
4.46875,1359.0,0.095221146941185
4.46875,1360.0,0.09527397155761719
4.46875,1361.0,0.09532679617404938
4.46875,1362.0,0.09537962079048157
4.46484375,1363.0,0.09543244540691376
4.46484375,1363.0,0.09548527002334595
4.46484375,1364.0,0.09553809463977814
4.46484375,1365.0,0.09559091925621033
4.4609375,1366.0,0.09564374387264252
4.4609375,1367.0,0.09569656848907471
4.4609375,1368.0,0.0957493931055069
4.45703125,1369.0,0.09580221772193909
4.45703125,1370.0,0.09585504233837128
4.453125,1370.0,0.09590786695480347
4.453125,1371.0,0.09596069157123566
4.44921875,1372.0,0.09601351618766785
4.44921875,1373.0,0.09606634080410004
4.4453125,1374.0,0.09611916542053223
4.4453125,1375.0,0.09617199003696442
4.44140625,1376.0,0.0962248146533966
4.4375,1377.0,0.0962776392698288
4.4375,1378.0,0.09633046388626099
4.43359375,1378.0,0.09638328850269318
4.4296875,1379.0,0.09643611311912537
4.4296875,1380.0,0.09648893773555756
4.42578125,1381.0,0.09654176235198975
4.421875,1382.0,0.09659458696842194
4.41796875,1383.0,0.09664741158485413
4.4140625,1384.0,0.09670023620128632
4.4140625,1385.0,0.0967530608177185
4.41015625,1386.0,0.0968058854341507
4.40625,1386.0,0.09685871005058289
4.40234375,1387.0,0.09691153466701508
4.3984375,1388.0,0.09696435928344727
4.39453125,1389.0,0.09701718389987946
4.390625,1390.0,0.09707000851631165
4.38671875,1391.0,0.09712283313274384
4.3828125,1392.0,0.09717565774917603
4.37890625,1393.0,0.09722848236560822
4.375,1393.0,0.0972813069820404
4.375,1394.0,0.0973341315984726
4.37109375,1395.0,0.09738695621490479
4.3671875,1396.0,0.09743978083133698
4.36328125,1397.0,0.09749260544776917
4.35546875,1398.0,0.09754543006420135
4.3515625,1399.0,0.09759825468063354
4.3515625,1400.0,0.09765107929706573
4.34765625,1401.0,0.09770390391349792
4.34375,1401.0,0.09775672852993011
4.33984375,1402.0,0.0978095531463623
4.3359375,1403.0,0.0978623777627945
4.33203125,1404.0,0.09791520237922668
4.328125,1405.0,0.09796802699565887
4.32421875,1406.0,0.09802085161209106
4.3203125,1407.0,0.09807367622852325
4.31640625,1408.0,0.09812650084495544
4.3125,1409.0,0.09817932546138763
4.3125,1409.0,0.09823215007781982
4.30859375,1410.0,0.09828497469425201
4.3046875,1411.0,0.0983377993106842
4.30078125,1412.0,0.0983906239271164
4.296875,1413.0,0.09844344854354858
4.296875,1414.0,0.09849627315998077
4.29296875,1415.0,0.09854909777641296
4.2890625,1416.0,0.09860192239284515
4.28515625,1417.0,0.09865474700927734
4.28125,1417.0,0.09870757162570953
4.28125,1418.0,0.09876039624214172
4.27734375,1419.0,0.09881322085857391
4.2734375,1420.0,0.0988660454750061
4.2734375,1421.0,0.0989188700914383
4.26953125,1422.0,0.09897169470787048
4.265625,1423.0,0.09902451932430267
4.265625,1424.0,0.09907734394073486
4.26171875,1425.0,0.09913016855716705
4.2578125,1425.0,0.09918299317359924
4.2578125,1426.0,0.09923581779003143
4.25390625,1427.0,0.09928864240646362
4.25,1428.0,0.09934146702289581
4.25,1429.0,0.099394291639328
4.24609375,1430.0,0.09944711625576019
4.24609375,1431.0,0.09949994087219238
4.2421875,1432.0,0.09955276548862457
4.23828125,1433.0,0.09960559010505676
4.23828125,1433.0,0.09965841472148895
4.234375,1434.0,0.09971123933792114
4.23046875,1435.0,0.09976406395435333
4.23046875,1436.0,0.09981688857078552
4.2265625,1437.0,0.09986971318721771
4.2265625,1438.0,0.0999225378036499
4.22265625,1439.0,0.09997536242008209
4.21875,1440.0,0.10002818703651428
4.21875,1440.0,0.10008101165294647
4.21484375,1441.0,0.10013383626937866
4.2109375,1442.0,0.10018666088581085
4.2109375,1443.0,0.10023948550224304
4.20703125,1444.0,0.10029231011867523
4.20703125,1445.0,0.10034513473510742
4.203125,1446.0,0.10039795935153961
4.19921875,1447.0,0.1004507839679718
4.19921875,1448.0,0.10050360858440399
4.1953125,1448.0,0.10055643320083618
4.19140625,1449.0,0.10060925781726837
4.19140625,1450.0,0.10066208243370056
4.1875,1451.0,0.10071490705013275
4.18359375,1452.0,0.10076773166656494
4.1796875,1453.0,0.10082055628299713
4.1796875,1454.0,0.10087338089942932
4.17578125,1455.0,0.10092620551586151
4.171875,1456.0,0.1009790301322937
4.16796875,1456.0,0.10103185474872589
4.16796875,1457.0,0.10108467936515808
4.1640625,1458.0,0.10113750398159027
4.16015625,1459.0,0.10119032859802246
4.15625,1460.0,0.10124315321445465
4.15234375,1461.0,0.10129597783088684
4.15234375,1462.0,0.10134880244731903
4.1484375,1463.0,0.10140162706375122
4.14453125,1464.0,0.10145445168018341
4.140625,1465.0,0.1015072762966156
4.140625,1465.0,0.10156010091304779
4.13671875,1466.0,0.10161292552947998
4.1328125,1467.0,0.10166575014591217
4.12890625,1468.0,0.10171857476234436
4.125,1469.0,0.10177139937877655
4.125,1470.0,0.10182422399520874
4.12109375,1471.0,0.10187704861164093
4.1171875,1472.0,0.10192987322807312
4.1171875,1473.0,0.10198269784450531
4.11328125,1473.0,0.1020355224609375
4.11328125,1474.0,0.10208834707736969
4.109375,1475.0,0.10214117169380188
4.10546875,1476.0,0.10219399631023407
4.10546875,1477.0,0.10224682092666626
4.1015625,1478.0,0.10229964554309845
4.09765625,1479.0,0.10235247015953064
4.09765625,1480.0,0.10240529477596283
4.09375,1481.0,0.10245811939239502
4.09375,1481.0,0.10251094400882721
4.08984375,1482.0,0.1025637686252594
4.08984375,1483.0,0.10261659324169159
4.0859375,1484.0,0.10266941785812378
4.0859375,1485.0,0.10272224247455597
4.0859375,1486.0,0.10277506709098816
4.08203125,1487.0,0.10282789170742035
4.08203125,1488.0,0.10288071632385254
4.08203125,1489.0,0.10293354094028473
4.08203125,1489.0,0.10298636555671692
4.08203125,1490.0,0.10303919017314911
4.08203125,1491.0,0.1030920147895813
4.08203125,1492.0,0.10314483940601349
4.078125,1493.0,0.10319766402244568
4.078125,1494.0,0.10325048863887787
4.078125,1495.0,0.10330331325531006
4.078125,1496.0,0.10335613787174225
4.078125,1497.0,0.10340896248817444
4.078125,1497.0,0.10346178710460663
4.078125,1498.0,0.10351461172103882
4.078125,1499.0,0.10356743633747101
4.078125,1500.0,0.1036202609539032
4.078125,1501.0,0.10367308557033539
4.078125,1502.0,0.10372591018676758
4.08203125,1503.0,0.10377873480319977
4.08203125,1504.0,0.10383155941963196
4.08203125,1505.0,0.10388438403606415
4.08203125,1506.0,0.10393720865249634
4.0859375,1506.0,0.10399003326892853
4.0859375,1507.0,0.10404285788536072
4.0859375,1508.0,0.10409568250179291
4.08984375,1509.0,0.1041485071182251
4.08984375,1510.0,0.10420133173465729
4.09375,1511.0,0.10425415635108948
4.09375,1512.0,0.10430698096752167
4.09765625,1513.0,0.10435980558395386
4.09765625,1514.0,0.10441263020038605
4.1015625,1514.0,0.10446545481681824
4.1015625,1515.0,0.10451827943325043
4.1015625,1516.0,0.10457110404968262
4.10546875,1517.0,0.10462392866611481
4.10546875,1518.0,0.104676753282547
4.109375,1519.0,0.10472957789897919
4.109375,1520.0,0.10478240251541138
4.11328125,1521.0,0.10483522713184357
4.11328125,1522.0,0.10488805174827576
4.1171875,1522.0,0.10494087636470795
4.1171875,1523.0,0.10499370098114014
4.12109375,1524.0,0.10504652559757233
4.125,1525.0,0.10509935021400452
4.125,1526.0,0.1051521748304367
4.12890625,1527.0,0.1052049994468689
4.12890625,1528.0,0.10525782406330109
4.1328125,1529.0,0.10531064867973328
4.13671875,1530.0,0.10536347329616547
4.13671875,1531.0,0.10541629791259766
4.140625,1531.0,0.10546912252902985
4.14453125,1532.0,0.10552194714546204
4.14453125,1533.0,0.10557477176189423
4.1484375,1534.0,0.10562759637832642
4.1484375,1535.0,0.1056804209947586
4.15234375,1536.0,0.1057332456111908
4.15234375,1537.0,0.10578607022762299
4.15625,1538.0,0.10583889484405518
4.15625,1539.0,0.10589171946048737
4.15625,1539.0,0.10594454407691956
4.16015625,1540.0,0.10599736869335175
4.16015625,1541.0,0.10605019330978394
4.1640625,1542.0,0.10610301792621613
4.16796875,1543.0,0.10615584254264832
4.16796875,1544.0,0.1062086671590805
4.171875,1545.0,0.1062614917755127
4.171875,1546.0,0.10631431639194489
4.17578125,1547.0,0.10636714100837708
4.17578125,1548.0,0.10641996562480927
4.1796875,1548.0,0.10647279024124146
4.1796875,1549.0,0.10652561485767365
4.18359375,1550.0,0.10657843947410583
4.18359375,1551.0,0.10663126409053802
4.1875,1552.0,0.10668408870697021
4.1875,1553.0,0.1067369133234024
4.19140625,1554.0,0.1067897379398346
4.19140625,1555.0,0.10684256255626678
4.19140625,1556.0,0.10689538717269897
4.1953125,1556.0,0.10694821178913116
4.1953125,1557.0,0.10700103640556335
4.1953125,1558.0,0.10705386102199554
4.1953125,1559.0,0.10710668563842773
4.19921875,1560.0,0.10715951025485992
4.19921875,1561.0,0.10721233487129211
4.19921875,1562.0,0.1072651594877243
4.203125,1563.0,0.1073179841041565
4.203125,1564.0,0.10737080872058868
4.20703125,1565.0,0.10742363333702087
4.20703125,1565.0,0.10747645795345306
4.20703125,1566.0,0.10752928256988525
4.2109375,1567.0,0.10758210718631744
4.2109375,1568.0,0.10763493180274963
4.2109375,1569.0,0.10768775641918182
4.21484375,1570.0,0.10774058103561401
4.21484375,1571.0,0.1077934056520462
4.21484375,1572.0,0.1078462302684784
4.21484375,1573.0,0.10789905488491058
4.21484375,1574.0,0.10795187950134277
4.21875,1574.0,0.10800470411777496
4.21875,1575.0,0.10805752873420715
4.21875,1576.0,0.10811035335063934
4.21875,1577.0,0.10816317796707153
4.21875,1578.0,0.10821600258350372
4.21875,1579.0,0.10826882719993591
4.21875,1580.0,0.1083216518163681
4.21875,1581.0,0.10837447643280029
4.22265625,1582.0,0.10842730104923248
4.22265625,1583.0,0.10848012566566467
4.22265625,1583.0,0.10853295028209686
4.22265625,1584.0,0.10858577489852905
4.22265625,1585.0,0.10863859951496124
4.22265625,1586.0,0.10869142413139343
4.22265625,1587.0,0.10874424874782562
4.22265625,1588.0,0.10879707336425781
4.2265625,1589.0,0.10884989798069
4.2265625,1590.0,0.10890272259712219
4.2265625,1591.0,0.10895554721355438
4.2265625,1591.0,0.10900837182998657
4.2265625,1592.0,0.10906119644641876
4.2265625,1593.0,0.10911402106285095
4.2265625,1594.0,0.10916684567928314
4.2265625,1595.0,0.10921967029571533
4.2265625,1596.0,0.10927249491214752
4.23046875,1597.0,0.10932531952857971
4.23046875,1598.0,0.1093781441450119
4.23046875,1599.0,0.10943096876144409
4.23046875,1600.0,0.10948379337787628
4.23046875,1600.0,0.10953661799430847
4.23046875,1601.0,0.10958944261074066
4.234375,1602.0,0.10964226722717285
4.234375,1603.0,0.10969509184360504
4.234375,1604.0,0.10974791646003723
4.234375,1605.0,0.10980074107646942
4.234375,1606.0,0.10985356569290161
4.234375,1607.0,0.1099063903093338
4.23828125,1608.0,0.10995921492576599
4.23828125,1609.0,0.11001203954219818
4.23828125,1609.0,0.11006486415863037
4.2421875,1610.0,0.11011768877506256
4.2421875,1611.0,0.11017051339149475
4.2421875,1612.0,0.11022333800792694
4.2421875,1613.0,0.11027616262435913
4.24609375,1614.0,0.11032898724079132
4.24609375,1615.0,0.11038181185722351
4.24609375,1616.0,0.1104346364736557
4.24609375,1617.0,0.11048746109008789
4.25,1618.0,0.11054028570652008
4.25,1618.0,0.11059311032295227
4.25390625,1619.0,0.11064593493938446
4.25390625,1620.0,0.11069875955581665
4.2578125,1621.0,0.11075158417224884
4.2578125,1622.0,0.11080440878868103
4.2578125,1623.0,0.11085723340511322
4.26171875,1624.0,0.11091005802154541
4.26171875,1625.0,0.1109628826379776
4.265625,1626.0,0.11101570725440979
4.265625,1627.0,0.11106853187084198
4.26953125,1627.0,0.11112135648727417
4.26953125,1628.0,0.11117418110370636
4.2734375,1629.0,0.11122700572013855
4.2734375,1630.0,0.11127983033657074
4.27734375,1631.0,0.11133265495300293
4.27734375,1632.0,0.11138547956943512
4.28125,1633.0,0.11143830418586731
4.28125,1634.0,0.1114911288022995
4.28515625,1635.0,0.11154395341873169
4.28515625,1636.0,0.11159677803516388
4.2890625,1636.0,0.11164960265159607
4.2890625,1637.0,0.11170242726802826
4.29296875,1638.0,0.11175525188446045
4.29296875,1639.0,0.11180807650089264
4.296875,1640.0,0.11186090111732483
4.296875,1641.0,0.11191372573375702
4.30078125,1642.0,0.11196655035018921
4.30078125,1643.0,0.1120193749666214
4.3046875,1644.0,0.11207219958305359
4.3046875,1645.0,0.11212502419948578
4.3046875,1645.0,0.11217784881591797
4.30859375,1646.0,0.11223067343235016
4.30859375,1647.0,0.11228349804878235
4.3125,1648.0,0.11233632266521454
4.3125,1649.0,0.11238914728164673
4.31640625,1650.0,0.11244197189807892
4.31640625,1651.0,0.11249479651451111
4.3203125,1652.0,0.1125476211309433
4.3203125,1653.0,0.11260044574737549
4.32421875,1654.0,0.11265327036380768
4.32421875,1654.0,0.11270609498023987
4.32421875,1655.0,0.11275891959667206
4.328125,1656.0,0.11281174421310425
4.328125,1657.0,0.11286456882953644
4.328125,1658.0,0.11291739344596863
4.33203125,1659.0,0.11297021806240082
4.33203125,1660.0,0.11302304267883301
4.33203125,1661.0,0.1130758672952652
4.33203125,1662.0,0.11312869191169739
4.3359375,1663.0,0.11318151652812958
4.3359375,1664.0,0.11323434114456177
4.3359375,1664.0,0.11328716576099396
4.3359375,1665.0,0.11333999037742615
4.33984375,1666.0,0.11339281499385834
4.33984375,1667.0,0.11344563961029053
4.33984375,1668.0,0.11349846422672272
4.33984375,1669.0,0.11355128884315491
4.34375,1670.0,0.1136041134595871
4.34375,1671.0,0.11365693807601929
4.34375,1672.0,0.11370976269245148
4.34375,1673.0,0.11376258730888367
4.34375,1673.0,0.11381541192531586
4.34375,1674.0,0.11386823654174805
4.34375,1675.0,0.11392106115818024
4.34375,1676.0,0.11397388577461243
4.34375,1677.0,0.11402671039104462
4.34375,1678.0,0.1140795350074768
4.34375,1679.0,0.114132359623909
4.34375,1680.0,0.11418518424034119
4.34375,1681.0,0.11423800885677338
4.34375,1682.0,0.11429083347320557
4.34375,1682.0,0.11434365808963776
4.34375,1683.0,0.11439648270606995
4.34375,1684.0,0.11444930732250214
4.34375,1685.0,0.11450213193893433
4.34375,1686.0,0.11455495655536652
4.34375,1687.0,0.1146077811717987
4.34375,1688.0,0.1146606057882309
4.34375,1689.0,0.11471343040466309
4.34375,1690.0,0.11476625502109528
4.34375,1691.0,0.11481907963752747
4.34375,1692.0,0.11487190425395966
4.34375,1692.0,0.11492472887039185
4.34375,1693.0,0.11497755348682404
4.33984375,1694.0,0.11503037810325623
4.33984375,1695.0,0.11508320271968842
4.33984375,1696.0,0.1151360273361206
4.33984375,1697.0,0.1151888519525528
4.33984375,1698.0,0.11524167656898499
4.33984375,1699.0,0.11529450118541718
4.33984375,1700.0,0.11534732580184937
4.33984375,1701.0,0.11540015041828156
4.33984375,1701.0,0.11545297503471375
4.33984375,1702.0,0.11550579965114594
4.3359375,1703.0,0.11555862426757812
4.3359375,1704.0,0.11561144888401031
4.3359375,1705.0,0.1156642735004425
4.3359375,1706.0,0.1157170981168747
4.3359375,1707.0,0.11576992273330688
4.3359375,1708.0,0.11582274734973907
4.3359375,1709.0,0.11587557196617126
4.3359375,1710.0,0.11592839658260345
4.3359375,1710.0,0.11598122119903564
4.3359375,1711.0,0.11603404581546783
4.3359375,1712.0,0.11608687043190002
4.3359375,1713.0,0.11613969504833221
4.33203125,1714.0,0.1161925196647644
4.33203125,1715.0,0.1162453442811966
4.33203125,1716.0,0.11629816889762878
4.33203125,1717.0,0.11635099351406097
4.33203125,1718.0,0.11640381813049316
4.33203125,1719.0,0.11645664274692535
4.3359375,1720.0,0.11650946736335754
4.3359375,1720.0,0.11656229197978973
4.3359375,1721.0,0.11661511659622192
4.3359375,1722.0,0.11666794121265411
4.3359375,1723.0,0.1167207658290863
4.3359375,1724.0,0.1167735904455185
4.3359375,1725.0,0.11682641506195068
4.3359375,1726.0,0.11687923967838287
4.3359375,1727.0,0.11693206429481506
4.3359375,1728.0,0.11698488891124725
4.33984375,1729.0,0.11703771352767944
4.33984375,1730.0,0.11709053814411163
4.33984375,1730.0,0.11714336276054382
4.33984375,1731.0,0.11719618737697601
4.34375,1732.0,0.1172490119934082
4.34375,1733.0,0.1173018366098404
4.34375,1734.0,0.11735466122627258
4.34375,1735.0,0.11740748584270477
4.34765625,1736.0,0.11746031045913696
4.34765625,1737.0,0.11751313507556915
4.34765625,1738.0,0.11756595969200134
4.3515625,1739.0,0.11761878430843353
4.3515625,1739.0,0.11767160892486572
4.35546875,1740.0,0.11772443354129791
4.35546875,1741.0,0.1177772581577301
4.359375,1742.0,0.11783008277416229
4.359375,1743.0,0.11788290739059448
4.36328125,1744.0,0.11793573200702667
4.36328125,1745.0,0.11798855662345886
4.36328125,1746.0,0.11804138123989105
4.3671875,1747.0,0.11809420585632324
4.3671875,1748.0,0.11814703047275543
4.37109375,1749.0,0.11819985508918762
4.375,1749.0,0.11825267970561981
4.375,1750.0,0.118305504322052
4.37890625,1751.0,0.11835832893848419
4.37890625,1752.0,0.11841115355491638
4.3828125,1753.0,0.11846397817134857
4.3828125,1754.0,0.11851680278778076
4.3828125,1755.0,0.11856962740421295
4.38671875,1756.0,0.11862245202064514
4.390625,1757.0,0.11867527663707733
4.390625,1758.0,0.11872810125350952
4.39453125,1759.0,0.11878092586994171
4.39453125,1759.0,0.1188337504863739
4.3984375,1760.0,0.11888657510280609
4.3984375,1761.0,0.11893939971923828
4.40234375,1762.0,0.11899222433567047
4.40234375,1763.0,0.11904504895210266
4.40625,1764.0,0.11909787356853485
4.40625,1765.0,0.11915069818496704
4.41015625,1766.0,0.11920352280139923
4.41015625,1767.0,0.11925634741783142
4.4140625,1768.0,0.11930917203426361
4.4140625,1769.0,0.1193619966506958
4.41796875,1769.0,0.11941482126712799
4.41796875,1770.0,0.11946764588356018
4.421875,1771.0,0.11952047049999237
4.421875,1772.0,0.11957329511642456
4.42578125,1773.0,0.11962611973285675
4.42578125,1774.0,0.11967894434928894
4.42578125,1775.0,0.11973176896572113
4.4296875,1776.0,0.11978459358215332
4.4296875,1777.0,0.11983741819858551
4.4296875,1778.0,0.1198902428150177
4.43359375,1779.0,0.11994306743144989
4.43359375,1779.0,0.11999589204788208
4.43359375,1780.0,0.12004871666431427
4.4375,1781.0,0.12010154128074646
4.4375,1782.0,0.12015436589717865
4.4375,1783.0,0.12020719051361084
4.4375,1784.0,0.12026001513004303
4.4375,1785.0,0.12031283974647522
4.4375,1786.0,0.12036566436290741
4.4375,1787.0,0.1204184889793396
4.44140625,1788.0,0.12047131359577179
4.44140625,1789.0,0.12052413821220398
4.44140625,1789.0,0.12057696282863617
4.44140625,1790.0,0.12062978744506836
4.44140625,1791.0,0.12068261206150055
4.44140625,1792.0,0.12073543667793274
4.44140625,1793.0,0.12078826129436493
4.44140625,1794.0,0.12084108591079712
4.44140625,1795.0,0.12089391052722931
4.44140625,1796.0,0.1209467351436615
4.44140625,1797.0,0.12099955976009369
4.44140625,1798.0,0.12105238437652588
4.44140625,1799.0,0.12110520899295807
4.44140625,1799.0,0.12115803360939026
4.44140625,1800.0,0.12121085822582245
4.44140625,1801.0,0.12126368284225464
4.44140625,1802.0,0.12131650745868683
4.44140625,1803.0,0.12136933207511902
4.4375,1804.0,0.12142215669155121
4.4375,1805.0,0.1214749813079834
4.4375,1806.0,0.12152780592441559
4.4375,1807.0,0.12158063054084778
4.4375,1808.0,0.12163345515727997
4.4375,1809.0,0.12168627977371216
4.4375,1809.0,0.12173910439014435
4.4375,1810.0,0.12179192900657654
4.43359375,1811.0,0.12184475362300873
4.43359375,1812.0,0.12189757823944092
4.43359375,1813.0,0.12195040285587311
4.43359375,1814.0,0.1220032274723053
4.43359375,1815.0,0.12205605208873749
4.43359375,1816.0,0.12210887670516968
4.43359375,1817.0,0.12216170132160187
4.43359375,1818.0,0.12221452593803406
4.4296875,1819.0,0.12226735055446625
4.4296875,1819.0,0.12232017517089844
4.4296875,1820.0,0.12237299978733063
4.4296875,1821.0,0.12242582440376282
4.4296875,1822.0,0.12247864902019501
4.4296875,1823.0,0.1225314736366272
4.4296875,1824.0,0.12258429825305939
4.4296875,1825.0,0.12263712286949158
4.4296875,1826.0,0.12268994748592377
4.4296875,1827.0,0.12274277210235596
4.4296875,1828.0,0.12279559671878815
4.4296875,1829.0,0.12284842133522034
4.4296875,1829.0,0.12290124595165253
4.4296875,1830.0,0.12295407056808472
4.4296875,1831.0,0.1230068951845169
4.42578125,1832.0,0.1230597198009491
4.42578125,1833.0,0.12311254441738129
4.42578125,1834.0,0.12316536903381348
4.42578125,1835.0,0.12321819365024567
4.42578125,1836.0,0.12327101826667786
4.42578125,1837.0,0.12332384288311005
4.42578125,1838.0,0.12337666749954224
4.42578125,1839.0,0.12342949211597443
4.4296875,1839.0,0.12348231673240662
4.4296875,1840.0,0.1235351413488388
4.4296875,1841.0,0.123587965965271
4.4296875,1842.0,0.12364079058170319
4.4296875,1843.0,0.12369361519813538
4.4296875,1844.0,0.12374643981456757
4.4296875,1845.0,0.12379926443099976
4.4296875,1846.0,0.12385208904743195
4.4296875,1847.0,0.12390491366386414
4.4296875,1848.0,0.12395773828029633
4.4296875,1849.0,0.12401056289672852
4.4296875,1850.0,0.1240633875131607
4.4296875,1850.0,0.1241162121295929
4.4296875,1851.0,0.12416903674602509
4.4296875,1852.0,0.12422186136245728
4.4296875,1853.0,0.12427468597888947
4.4296875,1854.0,0.12432751059532166
4.4296875,1855.0,0.12438033521175385
4.4296875,1856.0,0.12443315982818604
4.4296875,1857.0,0.12448598444461823
4.4296875,1858.0,0.12453880906105042
4.4296875,1859.0,0.1245916336774826
4.4296875,1860.0,0.1246444582939148
4.4296875,1860.0,0.12469728291034698
4.4296875,1861.0,0.12475010752677917
4.4296875,1862.0,0.12480293214321136
4.4296875,1863.0,0.12485575675964355
4.4296875,1864.0,0.12490858137607574
4.4296875,1865.0,0.12496140599250793
4.4296875,1866.0,0.12501423060894012
4.4296875,1867.0,0.12506705522537231
4.4296875,1868.0,0.1251198798418045
4.4296875,1869.0,0.1251727044582367
4.4296875,1870.0,0.12522552907466888
4.4296875,1871.0,0.12527835369110107
4.4296875,1871.0,0.12533117830753326
4.4296875,1872.0,0.12538400292396545
4.4296875,1873.0,0.12543682754039764
4.4296875,1874.0,0.12548965215682983
4.4296875,1875.0,0.12554247677326202
4.4296875,1876.0,0.1255953013896942
4.4296875,1877.0,0.1256481260061264
4.42578125,1878.0,0.1257009506225586
4.42578125,1879.0,0.12575377523899078
4.42578125,1880.0,0.12580659985542297
4.42578125,1881.0,0.12585942447185516
4.42578125,1882.0,0.12591224908828735
4.42578125,1882.0,0.12596507370471954
4.42578125,1883.0,0.12601789832115173
4.42578125,1884.0,0.12607072293758392
4.42578125,1885.0,0.1261235475540161
4.42578125,1886.0,0.1261763721704483
4.42578125,1887.0,0.1262291967868805
4.42578125,1888.0,0.12628202140331268
4.42578125,1889.0,0.12633484601974487
4.42578125,1890.0,0.12638767063617706
4.42578125,1891.0,0.12644049525260925
4.42578125,1892.0,0.12649331986904144
4.42578125,1892.0,0.12654614448547363
4.421875,1893.0,0.12659896910190582
4.421875,1894.0,0.126651793718338
4.421875,1895.0,0.1267046183347702
4.421875,1896.0,0.1267574429512024
4.421875,1897.0,0.12681026756763458
4.421875,1898.0,0.12686309218406677
4.421875,1899.0,0.12691591680049896
4.421875,1900.0,0.12696874141693115
4.421875,1901.0,0.12702156603336334
4.421875,1902.0,0.12707439064979553
4.421875,1903.0,0.12712721526622772
4.421875,1903.0,0.1271800398826599
4.421875,1904.0,0.1272328644990921
4.421875,1905.0,0.1272856891155243
4.421875,1906.0,0.12733851373195648
4.421875,1907.0,0.12739133834838867
4.421875,1908.0,0.12744416296482086
4.421875,1909.0,0.12749698758125305
4.421875,1910.0,0.12754981219768524
4.421875,1911.0,0.12760263681411743
4.421875,1912.0,0.12765546143054962
4.421875,1913.0,0.1277082860469818
4.421875,1914.0,0.127761110663414
4.421875,1914.0,0.1278139352798462
4.421875,1915.0,0.12786675989627838
4.421875,1916.0,0.12791958451271057
4.421875,1917.0,0.12797240912914276
4.421875,1918.0,0.12802523374557495
4.421875,1919.0,0.12807805836200714
4.421875,1920.0,0.12813088297843933
4.421875,1921.0,0.12818370759487152
4.421875,1922.0,0.1282365322113037
4.421875,1923.0,0.1282893568277359
4.421875,1924.0,0.1283421814441681
4.421875,1925.0,0.12839500606060028
4.421875,1925.0,0.12844783067703247
4.42578125,1926.0,0.12850065529346466
4.42578125,1927.0,0.12855347990989685
4.42578125,1928.0,0.12860630452632904
4.42578125,1929.0,0.12865912914276123
4.42578125,1930.0,0.12871195375919342
4.4296875,1931.0,0.1287647783756256
4.4296875,1932.0,0.1288176029920578
4.4296875,1933.0,0.12887042760849
4.4296875,1934.0,0.12892325222492218
4.4296875,1935.0,0.12897607684135437
4.43359375,1936.0,0.12902890145778656
4.43359375,1936.0,0.12908172607421875
4.43359375,1937.0,0.12913455069065094
4.43359375,1938.0,0.12918737530708313
4.4375,1939.0,0.12924019992351532
4.4375,1940.0,0.1292930245399475
4.4375,1941.0,0.1293458491563797
4.4375,1942.0,0.1293986737728119
4.44140625,1943.0,0.12945149838924408
4.44140625,1944.0,0.12950432300567627
4.44140625,1945.0,0.12955714762210846
4.4453125,1946.0,0.12960997223854065
4.4453125,1947.0,0.12966279685497284
4.44921875,1947.0,0.12971562147140503
4.44921875,1948.0,0.12976844608783722
4.44921875,1949.0,0.1298212707042694
4.453125,1950.0,0.1298740953207016
4.453125,1951.0,0.1299269199371338
4.453125,1952.0,0.12997974455356598
4.45703125,1953.0,0.13003256916999817
4.45703125,1954.0,0.13008539378643036
4.4609375,1955.0,0.13013821840286255
4.4609375,1956.0,0.13019104301929474
4.4609375,1957.0,0.13024386763572693
4.46484375,1958.0,0.13029669225215912
4.46484375,1958.0,0.1303495168685913
4.46875,1959.0,0.1304023414850235
4.46875,1960.0,0.1304551661014557
4.47265625,1961.0,0.13050799071788788
4.47265625,1962.0,0.13056081533432007
4.47265625,1963.0,0.13061363995075226
4.4765625,1964.0,0.13066646456718445
4.4765625,1965.0,0.13071928918361664
4.4765625,1966.0,0.13077211380004883
4.48046875,1967.0,0.13082493841648102
4.48046875,1968.0,0.1308777630329132
4.484375,1969.0,0.1309305876493454
4.484375,1969.0,0.1309834122657776
4.484375,1970.0,0.13103623688220978
4.48828125,1971.0,0.13108906149864197
4.48828125,1972.0,0.13114188611507416
4.48828125,1973.0,0.13119471073150635
4.4921875,1974.0,0.13124753534793854
4.4921875,1975.0,0.13130035996437073
4.4921875,1976.0,0.13135318458080292
4.49609375,1977.0,0.1314060091972351
4.49609375,1978.0,0.1314588338136673
4.49609375,1979.0,0.1315116584300995
4.49609375,1980.0,0.13156448304653168
4.5,1981.0,0.13161730766296387
4.5,1981.0,0.13167013227939606
4.5,1982.0,0.13172295689582825
4.5,1983.0,0.13177578151226044
4.50390625,1984.0,0.13182860612869263
4.50390625,1985.0,0.13188143074512482
4.50390625,1986.0,0.131934255361557
4.50390625,1987.0,0.1319870799779892
4.50390625,1988.0,0.1320399045944214
4.50390625,1989.0,0.13209272921085358
4.50390625,1990.0,0.13214555382728577
4.50390625,1991.0,0.13219837844371796
4.5078125,1992.0,0.13225120306015015
4.5078125,1992.0,0.13230402767658234
4.5078125,1993.0,0.13235685229301453
4.5078125,1994.0,0.13240967690944672
4.5078125,1995.0,0.1324625015258789
4.50390625,1996.0,0.1325153261423111
4.50390625,1997.0,0.1325681507587433
4.50390625,1998.0,0.13262097537517548
4.50390625,1999.0,0.13267379999160767
4.50390625,2000.0,0.13272662460803986
4.50390625,2001.0,0.13277944922447205
4.50390625,2002.0,0.13283227384090424
4.50390625,2003.0,0.13288509845733643
4.50390625,2003.0,0.13293792307376862
4.50390625,2004.0,0.1329907476902008
4.50390625,2005.0,0.133043572306633
4.5,2006.0,0.13309639692306519
4.5,2007.0,0.13314922153949738
4.5,2008.0,0.13320204615592957
4.5,2009.0,0.13325487077236176
4.5,2010.0,0.13330769538879395
4.49609375,2011.0,0.13336052000522614
4.49609375,2012.0,0.13341334462165833
4.49609375,2013.0,0.13346616923809052
4.4921875,2014.0,0.1335189938545227
4.4921875,2015.0,0.1335718184709549
4.4921875,2015.0,0.13362464308738708
4.4921875,2016.0,0.13367746770381927
4.48828125,2017.0,0.13373029232025146
4.48828125,2018.0,0.13378311693668365
4.48828125,2019.0,0.13383594155311584
4.484375,2020.0,0.13388876616954803
4.484375,2021.0,0.13394159078598022
4.484375,2022.0,0.13399441540241241
4.48046875,2023.0,0.1340472400188446
4.48046875,2024.0,0.1341000646352768
4.48046875,2025.0,0.13415288925170898
4.4765625,2026.0,0.13420571386814117
4.4765625,2027.0,0.13425853848457336
4.4765625,2027.0,0.13431136310100555
4.47265625,2028.0,0.13436418771743774
4.47265625,2029.0,0.13441701233386993
4.46875,2030.0,0.13446983695030212
4.46875,2031.0,0.13452266156673431
4.46875,2032.0,0.1345754861831665
4.46484375,2033.0,0.1346283107995987
4.46484375,2034.0,0.13468113541603088
4.4609375,2035.0,0.13473396003246307
4.4609375,2036.0,0.13478678464889526
4.4609375,2037.0,0.13483960926532745
4.45703125,2038.0,0.13489243388175964
4.45703125,2039.0,0.13494525849819183
4.453125,2039.0,0.13499808311462402
4.453125,2040.0,0.1350509077310562
4.453125,2041.0,0.1351037323474884
4.44921875,2042.0,0.1351565569639206
4.44921875,2043.0,0.13520938158035278
4.4453125,2044.0,0.13526220619678497
4.4453125,2045.0,0.13531503081321716
4.4453125,2046.0,0.13536785542964935
4.44140625,2047.0,0.13542068004608154
4.44140625,2048.0,0.13547350466251373
4.44140625,2048.0,0.13552632927894592
4.4375,2050.0,0.1355791538953781
4.4375,2050.0,0.1356319785118103
4.43359375,2050.0,0.1356848031282425
4.43359375,2052.0,0.13573762774467468
4.43359375,2052.0,0.13579045236110687
4.4296875,2054.0,0.13584327697753906
4.4296875,2054.0,0.13589610159397125
4.42578125,2056.0,0.13594892621040344
4.42578125,2056.0,0.13600175082683563
4.42578125,2058.0,0.13605457544326782
4.421875,2058.0,0.1361074000597
4.421875,2060.0,0.1361602246761322
4.41796875,2060.0,0.1362130492925644
4.41796875,2062.0,0.13626587390899658
4.41796875,2062.0,0.13631869852542877
4.4140625,2062.0,0.13637152314186096
4.4140625,2064.0,0.13642434775829315
4.41015625,2064.0,0.13647717237472534
4.41015625,2066.0,0.13652999699115753
4.41015625,2066.0,0.13658282160758972
4.40625,2068.0,0.1366356462240219
4.40625,2068.0,0.1366884708404541
4.40625,2070.0,0.1367412954568863
4.40234375,2070.0,0.13679412007331848
4.40234375,2072.0,0.13684694468975067
4.3984375,2072.0,0.13689976930618286
4.3984375,2074.0,0.13695259392261505
4.3984375,2074.0,0.13700541853904724
4.39453125,2074.0,0.13705824315547943
4.39453125,2076.0,0.13711106777191162
4.390625,2076.0,0.1371638923883438
4.390625,2078.0,0.137216717004776
4.390625,2078.0,0.1372695416212082
4.38671875,2080.0,0.13732236623764038
4.38671875,2080.0,0.13737519085407257
4.3828125,2082.0,0.13742801547050476
4.3828125,2082.0,0.13748084008693695
4.3828125,2084.0,0.13753366470336914
4.37890625,2084.0,0.13758648931980133
4.37890625,2086.0,0.13763931393623352
4.375,2086.0,0.1376921385526657
4.375,2086.0,0.1377449631690979
4.37109375,2088.0,0.1377977877855301
4.37109375,2088.0,0.13785061240196228
4.37109375,2090.0,0.13790343701839447
4.3671875,2090.0,0.13795626163482666
4.3671875,2092.0,0.13800908625125885
4.36328125,2092.0,0.13806191086769104
4.36328125,2094.0,0.13811473548412323
4.359375,2094.0,0.13816756010055542
4.359375,2096.0,0.1382203847169876
4.35546875,2096.0,0.1382732093334198
4.35546875,2098.0,0.138326033949852
4.3515625,2098.0,0.13837885856628418
4.3515625,2100.0,0.13843168318271637
4.3515625,2100.0,0.13848450779914856
4.34765625,2100.0,0.13853733241558075
4.34765625,2102.0,0.13859015703201294
4.34375,2102.0,0.13864298164844513
4.34375,2104.0,0.13869580626487732
4.33984375,2104.0,0.1387486308813095
4.33984375,2106.0,0.1388014554977417
4.3359375,2106.0,0.1388542801141739
4.33203125,2108.0,0.13890710473060608
4.33203125,2108.0,0.13895992934703827
4.328125,2110.0,0.13901275396347046
4.328125,2110.0,0.13906557857990265
4.32421875,2112.0,0.13911840319633484
4.32421875,2112.0,0.13917122781276703
4.3203125,2112.0,0.13922405242919922
4.31640625,2114.0,0.1392768770456314
4.31640625,2114.0,0.1393297016620636
4.3125,2116.0,0.1393825262784958
4.30859375,2116.0,0.13943535089492798
4.30859375,2118.0,0.13948817551136017
4.3046875,2118.0,0.13954100012779236
4.3046875,2120.0,0.13959382474422455
4.30078125,2120.0,0.13964664936065674
4.296875,2122.0,0.13969947397708893
4.296875,2122.0,0.13975229859352112
4.29296875,2124.0,0.1398051232099533
4.2890625,2124.0,0.1398579478263855
4.28515625,2124.0,0.1399107724428177
4.28515625,2126.0,0.13996359705924988
4.28125,2126.0,0.14001642167568207
4.27734375,2128.0,0.14006924629211426
4.27734375,2128.0,0.14012207090854645
4.2734375,2130.0,0.14017489552497864
4.26953125,2130.0,0.14022772014141083
4.265625,2132.0,0.14028054475784302
4.265625,2132.0,0.1403333693742752
4.26171875,2134.0,0.1403861939907074
4.2578125,2134.0,0.1404390186071396
4.25390625,2136.0,0.14049184322357178
4.25390625,2136.0,0.14054466784000397
4.25,2136.0,0.14059749245643616
4.24609375,2138.0,0.14065031707286835
4.2421875,2138.0,0.14070314168930054
4.2421875,2140.0,0.14075596630573273
4.23828125,2140.0,0.14080879092216492
4.234375,2142.0,0.1408616155385971
4.234375,2142.0,0.1409144401550293
4.23046875,2144.0,0.1409672647714615
4.2265625,2144.0,0.14102008938789368
4.2265625,2146.0,0.14107291400432587
4.22265625,2146.0,0.14112573862075806
4.21875,2148.0,0.14117856323719025
4.21875,2148.0,0.14123138785362244
4.21484375,2150.0,0.14128421247005463
4.2109375,2150.0,0.14133703708648682
4.2109375,2150.0,0.141389861702919
4.20703125,2152.0,0.1414426863193512
4.203125,2152.0,0.1414955109357834
4.203125,2154.0,0.14154833555221558
4.19921875,2154.0,0.14160116016864777
4.19921875,2156.0,0.14165398478507996
4.1953125,2156.0,0.14170680940151215
4.1953125,2158.0,0.14175963401794434
4.19140625,2158.0,0.14181245863437653
4.19140625,2160.0,0.14186528325080872
4.1875,2160.0,0.1419181078672409
4.1875,2162.0,0.1419709324836731
4.18359375,2162.0,0.14202375710010529
4.18359375,2162.0,0.14207658171653748
4.18359375,2164.0,0.14212940633296967
4.1796875,2164.0,0.14218223094940186
4.1796875,2166.0,0.14223505556583405
4.17578125,2166.0,0.14228788018226624
4.17578125,2168.0,0.14234070479869843
4.17578125,2168.0,0.14239352941513062
4.171875,2170.0,0.1424463540315628
4.171875,2170.0,0.142499178647995
4.171875,2172.0,0.14255200326442719
4.171875,2172.0,0.14260482788085938
4.16796875,2174.0,0.14265765249729156
4.16796875,2174.0,0.14271047711372375
4.16796875,2174.0,0.14276330173015594
4.16796875,2176.0,0.14281612634658813
4.16796875,2176.0,0.14286895096302032
4.1640625,2178.0,0.14292177557945251
4.1640625,2178.0,0.1429746001958847
4.1640625,2180.0,0.1430274248123169
4.1640625,2180.0,0.14308024942874908
4.1640625,2182.0,0.14313307404518127
4.1640625,2182.0,0.14318589866161346
4.1640625,2184.0,0.14323872327804565
4.1640625,2184.0,0.14329154789447784
4.1640625,2186.0,0.14334437251091003
4.1640625,2186.0,0.14339719712734222
4.1640625,2188.0,0.14345002174377441
4.1640625,2188.0,0.1435028463602066
4.1640625,2188.0,0.1435556709766388
4.1640625,2190.0,0.14360849559307098
4.1640625,2190.0,0.14366132020950317
4.1640625,2192.0,0.14371414482593536
4.1640625,2192.0,0.14376696944236755
4.1640625,2194.0,0.14381979405879974
4.1640625,2194.0,0.14387261867523193
4.1640625,2196.0,0.14392544329166412
4.1640625,2196.0,0.1439782679080963
4.1640625,2198.0,0.1440310925245285
4.1640625,2198.0,0.1440839171409607
4.1640625,2200.0,0.14413674175739288
4.1640625,2200.0,0.14418956637382507
4.1640625,2202.0,0.14424239099025726
4.1640625,2202.0,0.14429521560668945
4.1640625,2202.0,0.14434804022312164
4.16796875,2204.0,0.14440086483955383
4.16796875,2204.0,0.14445368945598602
4.16796875,2206.0,0.1445065140724182
4.16796875,2206.0,0.1445593386888504
4.16796875,2208.0,0.1446121633052826
4.16796875,2208.0,0.14466498792171478
4.16796875,2210.0,0.14471781253814697
4.16796875,2210.0,0.14477063715457916
4.16796875,2212.0,0.14482346177101135
4.16796875,2212.0,0.14487628638744354
4.16796875,2214.0,0.14492911100387573
4.16796875,2214.0,0.14498193562030792
4.16796875,2214.0,0.1450347602367401
4.16796875,2216.0,0.1450875848531723
4.16796875,2216.0,0.1451404094696045
4.16796875,2218.0,0.14519323408603668
4.16796875,2218.0,0.14524605870246887
4.171875,2220.0,0.14529888331890106
4.171875,2220.0,0.14535170793533325
4.171875,2222.0,0.14540453255176544
4.171875,2222.0,0.14545735716819763
4.171875,2224.0,0.14551018178462982
4.171875,2224.0,0.145563006401062
4.171875,2226.0,0.1456158310174942
4.171875,2226.0,0.1456686556339264
4.171875,2228.0,0.14572148025035858
4.171875,2228.0,0.14577430486679077
4.171875,2228.0,0.14582712948322296
4.171875,2230.0,0.14587995409965515
4.171875,2230.0,0.14593277871608734
4.171875,2232.0,0.14598560333251953
4.171875,2232.0,0.14603842794895172
4.171875,2234.0,0.1460912525653839
4.171875,2234.0,0.1461440771818161
4.171875,2236.0,0.1461969017982483
4.171875,2236.0,0.14624972641468048
4.171875,2238.0,0.14630255103111267
4.171875,2238.0,0.14635537564754486
4.171875,2240.0,0.14640820026397705
4.171875,2240.0,0.14646102488040924
4.171875,2242.0,0.14651384949684143
4.171875,2242.0,0.14656667411327362
4.171875,2242.0,0.1466194987297058
4.171875,2244.0,0.146672323346138
4.171875,2244.0,0.1467251479625702
4.171875,2246.0,0.14677797257900238
4.171875,2246.0,0.14683079719543457
4.171875,2248.0,0.14688362181186676
4.171875,2248.0,0.14693644642829895
4.171875,2250.0,0.14698927104473114
4.171875,2250.0,0.14704209566116333
4.171875,2252.0,0.14709492027759552
4.171875,2252.0,0.1471477448940277
4.171875,2254.0,0.1472005695104599
4.171875,2254.0,0.1472533941268921
4.171875,2254.0,0.14730621874332428
4.171875,2256.0,0.14735904335975647
4.17578125,2256.0,0.14741186797618866
4.17578125,2258.0,0.14746469259262085
4.17578125,2258.0,0.14751751720905304
4.17578125,2260.0,0.14757034182548523
4.17578125,2260.0,0.14762316644191742
4.17578125,2262.0,0.1476759910583496
4.17578125,2262.0,0.1477288156747818
4.17578125,2264.0,0.147781640291214
4.17578125,2264.0,0.14783446490764618
4.17578125,2266.0,0.14788728952407837
4.17578125,2266.0,0.14794011414051056
4.17578125,2268.0,0.14799293875694275
4.17578125,2268.0,0.14804576337337494
4.17578125,2268.0,0.14809858798980713
4.17578125,2270.0,0.14815141260623932
4.17578125,2270.0,0.1482042372226715
4.1796875,2272.0,0.1482570618391037
4.1796875,2272.0,0.1483098864555359
4.1796875,2274.0,0.14836271107196808
4.1796875,2274.0,0.14841553568840027
4.1796875,2276.0,0.14846836030483246
4.1796875,2276.0,0.14852118492126465
4.1796875,2278.0,0.14857400953769684
4.1796875,2278.0,0.14862683415412903
4.1796875,2280.0,0.14867965877056122
4.1796875,2280.0,0.1487324833869934
4.18359375,2282.0,0.1487853080034256
4.18359375,2282.0,0.1488381326198578
4.18359375,2282.0,0.14889095723628998
4.18359375,2284.0,0.14894378185272217
4.18359375,2284.0,0.14899660646915436
4.18359375,2286.0,0.14904943108558655
4.1875,2286.0,0.14910225570201874
4.1875,2288.0,0.14915508031845093
4.1875,2288.0,0.14920790493488312
4.1875,2290.0,0.1492607295513153
4.1875,2290.0,0.1493135541677475
4.1875,2292.0,0.1493663787841797
4.19140625,2292.0,0.14941920340061188
4.19140625,2294.0,0.14947202801704407
4.19140625,2294.0,0.14952485263347626
4.19140625,2296.0,0.14957767724990845
4.19140625,2296.0,0.14963050186634064
4.19140625,2296.0,0.14968332648277283
4.1953125,2298.0,0.14973615109920502
4.1953125,2298.0,0.1497889757156372
4.1953125,2300.0,0.1498418003320694
4.1953125,2300.0,0.1498946249485016
4.1953125,2302.0,0.14994744956493378
4.1953125,2302.0,0.15000027418136597
4.19921875,2304.0,0.15005309879779816
4.19921875,2304.0,0.15010592341423035
4.19921875,2306.0,0.15015874803066254
4.19921875,2306.0,0.15021157264709473
4.203125,2308.0,0.15026439726352692
4.203125,2308.0,0.1503172218799591
4.203125,2310.0,0.1503700464963913
4.203125,2310.0,0.1504228711128235
4.203125,2310.0,0.15047569572925568
4.20703125,2312.0,0.15052852034568787
4.20703125,2312.0,0.15058134496212006
4.20703125,2314.0,0.15063416957855225
4.20703125,2314.0,0.15068699419498444
4.20703125,2316.0,0.15073981881141663
4.20703125,2316.0,0.15079264342784882
4.2109375,2318.0,0.150845468044281
4.2109375,2318.0,0.1508982926607132
4.2109375,2320.0,0.15095111727714539
4.2109375,2320.0,0.15100394189357758
4.2109375,2322.0,0.15105676651000977
4.2109375,2322.0,0.15110959112644196
4.2109375,2324.0,0.15116241574287415
4.21484375,2324.0,0.15121524035930634
4.21484375,2326.0,0.15126806497573853
4.21484375,2326.0,0.15132088959217072
4.21484375,2326.0,0.1513737142086029
4.21484375,2328.0,0.1514265388250351
4.21484375,2328.0,0.15147936344146729
4.21875,2330.0,0.15153218805789948
4.21875,2330.0,0.15158501267433167
4.21875,2332.0,0.15163783729076385
4.21875,2332.0,0.15169066190719604
4.21875,2334.0,0.15174348652362823
4.21875,2334.0,0.15179631114006042
4.22265625,2336.0,0.15184913575649261
4.22265625,2336.0,0.1519019603729248
4.22265625,2338.0,0.151954784989357
4.22265625,2338.0,0.15200760960578918
4.22265625,2340.0,0.15206043422222137
4.22265625,2340.0,0.15211325883865356
4.22265625,2340.0,0.15216608345508575
4.22265625,2342.0,0.15221890807151794
4.2265625,2342.0,0.15227173268795013
4.2265625,2344.0,0.15232455730438232
4.2265625,2344.0,0.15237738192081451
4.2265625,2346.0,0.1524302065372467
4.2265625,2346.0,0.1524830311536789
4.2265625,2348.0,0.15253585577011108
4.2265625,2348.0,0.15258868038654327
4.2265625,2350.0,0.15264150500297546
4.23046875,2350.0,0.15269432961940765
4.23046875,2352.0,0.15274715423583984
4.23046875,2352.0,0.15279997885227203
4.23046875,2354.0,0.15285280346870422
4.23046875,2354.0,0.1529056280851364
4.23046875,2354.0,0.1529584527015686
4.23046875,2356.0,0.1530112773180008
4.234375,2356.0,0.15306410193443298
4.234375,2358.0,0.15311692655086517
4.234375,2358.0,0.15316975116729736
4.234375,2360.0,0.15322257578372955
4.234375,2360.0,0.15327540040016174
4.234375,2362.0,0.15332822501659393
4.23828125,2362.0,0.15338104963302612
4.23828125,2364.0,0.1534338742494583
4.23828125,2364.0,0.1534866988658905
4.23828125,2366.0,0.1535395234823227
4.23828125,2366.0,0.15359234809875488
4.23828125,2368.0,0.15364517271518707
4.2421875,2368.0,0.15369799733161926
4.2421875,2370.0,0.15375082194805145
4.2421875,2370.0,0.15380364656448364
4.2421875,2370.0,0.15385647118091583
4.24609375,2372.0,0.15390929579734802
4.24609375,2372.0,0.1539621204137802
4.24609375,2374.0,0.1540149450302124
4.24609375,2374.0,0.1540677696466446
4.25,2376.0,0.15412059426307678
4.25,2376.0,0.15417341887950897
4.25,2378.0,0.15422624349594116
4.25,2378.0,0.15427906811237335
4.25390625,2380.0,0.15433189272880554
4.25390625,2380.0,0.15438471734523773
4.25390625,2382.0,0.15443754196166992
4.2578125,2382.0,0.1544903665781021
4.2578125,2384.0,0.1545431911945343
4.2578125,2384.0,0.1545960158109665
4.26171875,2384.0,0.15464884042739868
4.26171875,2386.0,0.15470166504383087
4.26171875,2386.0,0.15475448966026306
4.265625,2388.0,0.15480731427669525
4.265625,2388.0,0.15486013889312744
4.265625,2390.0,0.15491296350955963
4.26953125,2390.0,0.15496578812599182
4.26953125,2392.0,0.155018612742424
4.26953125,2392.0,0.1550714373588562
4.2734375,2394.0,0.1551242619752884
4.2734375,2394.0,0.15517708659172058
4.27734375,2396.0,0.15522991120815277
4.27734375,2396.0,0.15528273582458496
4.27734375,2398.0,0.15533556044101715
4.28125,2398.0,0.15538838505744934
4.28125,2400.0,0.15544120967388153
4.28125,2400.0,0.15549403429031372
4.28515625,2400.0,0.1555468589067459
4.28515625,2402.0,0.1555996835231781
4.2890625,2402.0,0.1556525081396103
4.2890625,2404.0,0.15570533275604248
4.29296875,2404.0,0.15575815737247467
4.29296875,2406.0,0.15581098198890686
4.29296875,2406.0,0.15586380660533905
4.296875,2408.0,0.15591663122177124
4.296875,2408.0,0.15596945583820343
4.30078125,2410.0,0.15602228045463562
4.30078125,2410.0,0.1560751050710678
4.3046875,2412.0,0.1561279296875
4.3046875,2412.0,0.1561807543039322
4.3046875,2414.0,0.15623357892036438
4.30859375,2414.0,0.15628640353679657
4.30859375,2414.0,0.15633922815322876
4.3125,2416.0,0.15639205276966095
4.3125,2416.0,0.15644487738609314
4.3125,2418.0,0.15649770200252533
4.31640625,2418.0,0.15655052661895752
4.31640625,2420.0,0.1566033512353897
4.3203125,2420.0,0.1566561758518219
4.3203125,2422.0,0.1567090004682541
4.3203125,2422.0,0.15676182508468628
4.32421875,2424.0,0.15681464970111847
4.32421875,2424.0,0.15686747431755066
4.328125,2426.0,0.15692029893398285
4.328125,2426.0,0.15697312355041504
4.328125,2428.0,0.15702594816684723
4.33203125,2428.0,0.15707877278327942
4.33203125,2430.0,0.1571315973997116
4.3359375,2430.0,0.1571844220161438
4.3359375,2430.0,0.157237246632576
4.3359375,2432.0,0.15729007124900818
4.33984375,2432.0,0.15734289586544037
4.33984375,2434.0,0.15739572048187256
4.33984375,2434.0,0.15744854509830475
4.34375,2436.0,0.15750136971473694
4.34375,2436.0,0.15755419433116913
4.34375,2438.0,0.15760701894760132
4.34765625,2438.0,0.1576598435640335
4.34765625,2440.0,0.1577126681804657
4.34765625,2440.0,0.1577654927968979
4.3515625,2442.0,0.15781831741333008
4.3515625,2442.0,0.15787114202976227
4.3515625,2444.0,0.15792396664619446
4.35546875,2444.0,0.15797679126262665
4.35546875,2446.0,0.15802961587905884
4.35546875,2446.0,0.15808244049549103
4.359375,2446.0,0.15813526511192322
4.359375,2448.0,0.1581880897283554
4.359375,2448.0,0.1582409143447876
4.359375,2450.0,0.1582937389612198
4.36328125,2450.0,0.15834656357765198
4.36328125,2452.0,0.15839938819408417
4.36328125,2452.0,0.15845221281051636
4.3671875,2454.0,0.15850503742694855
4.3671875,2454.0,0.15855786204338074
4.3671875,2456.0,0.15861068665981293
4.3671875,2456.0,0.15866351127624512
4.37109375,2458.0,0.1587163358926773
4.37109375,2458.0,0.1587691605091095
4.37109375,2460.0,0.1588219851255417
4.37109375,2460.0,0.15887480974197388
4.37109375,2462.0,0.15892763435840607
4.375,2462.0,0.15898045897483826
4.375,2462.0,0.15903328359127045
4.375,2464.0,0.15908610820770264
4.375,2464.0,0.15913893282413483
4.375,2466.0,0.15919175744056702
4.375,2466.0,0.1592445820569992
4.37890625,2468.0,0.1592974066734314
4.37890625,2468.0,0.1593502312898636
4.37890625,2470.0,0.15940305590629578
4.37890625,2470.0,0.15945588052272797
4.37890625,2472.0,0.15950870513916016
4.37890625,2472.0,0.15956152975559235
4.37890625,2474.0,0.15961435437202454
4.3828125,2474.0,0.15966717898845673
4.3828125,2476.0,0.15972000360488892
4.3828125,2476.0,0.1597728282213211
4.3828125,2476.0,0.1598256528377533
4.3828125,2478.0,0.15987847745418549
4.3828125,2478.0,0.15993130207061768
4.3828125,2480.0,0.15998412668704987
4.3828125,2480.0,0.16003695130348206
4.3828125,2482.0,0.16008977591991425
4.3828125,2482.0,0.16014260053634644
4.3828125,2484.0,0.16019542515277863
4.3828125,2484.0,0.16024824976921082
4.3828125,2486.0,0.160301074385643
4.3828125,2486.0,0.1603538990020752
4.3828125,2488.0,0.16040672361850739
4.3828125,2488.0,0.16045954823493958
4.3828125,2490.0,0.16051237285137177
4.3828125,2490.0,0.16056519746780396
4.38671875,2492.0,0.16061802208423615
4.38671875,2492.0,0.16067084670066833
4.38671875,2494.0,0.16072367131710052
4.38671875,2494.0,0.16077649593353271
4.38671875,2494.0,0.1608293205499649
4.38671875,2496.0,0.1608821451663971
4.38671875,2496.0,0.16093496978282928
4.38671875,2498.0,0.16098779439926147
4.38671875,2498.0,0.16104061901569366
4.38671875,2500.0,0.16109344363212585
4.38671875,2500.0,0.16114626824855804
4.38671875,2502.0,0.16119909286499023
4.38671875,2502.0,0.16125191748142242
4.38671875,2504.0,0.16130474209785461
4.38671875,2504.0,0.1613575667142868
4.38671875,2506.0,0.161410391330719
4.38671875,2506.0,0.16146321594715118
4.38671875,2508.0,0.16151604056358337
4.38671875,2508.0,0.16156886518001556
4.38671875,2510.0,0.16162168979644775
4.38671875,2510.0,0.16167451441287994
4.38671875,2510.0,0.16172733902931213
4.38671875,2512.0,0.16178016364574432
4.38671875,2512.0,0.1618329882621765
4.38671875,2514.0,0.1618858128786087
4.38671875,2514.0,0.1619386374950409
4.38671875,2516.0,0.16199146211147308
4.38671875,2516.0,0.16204428672790527
4.38671875,2518.0,0.16209711134433746
4.38671875,2518.0,0.16214993596076965
4.38671875,2520.0,0.16220276057720184
4.390625,2520.0,0.16225558519363403
4.390625,2522.0,0.16230840981006622
4.390625,2522.0,0.1623612344264984
4.390625,2524.0,0.1624140590429306
4.390625,2524.0,0.1624668836593628
4.390625,2526.0,0.16251970827579498
4.390625,2526.0,0.16257253289222717
4.390625,2526.0,0.16262535750865936
4.39453125,2528.0,0.16267818212509155
4.39453125,2528.0,0.16273100674152374
4.39453125,2530.0,0.16278383135795593
4.39453125,2530.0,0.16283665597438812
4.39453125,2532.0,0.1628894805908203
4.39453125,2532.0,0.1629423052072525
4.3984375,2534.0,0.1629951298236847
4.3984375,2534.0,0.16304795444011688
4.3984375,2536.0,0.16310077905654907
4.3984375,2536.0,0.16315360367298126
4.3984375,2538.0,0.16320642828941345
4.40234375,2538.0,0.16325925290584564
4.40234375,2540.0,0.16331207752227783
4.40234375,2540.0,0.16336490213871002
4.40234375,2542.0,0.1634177267551422
4.40234375,2542.0,0.1634705513715744
4.40625,2542.0,0.1635233759880066
4.40625,2544.0,0.16357620060443878
4.40625,2544.0,0.16362902522087097
4.40625,2546.0,0.16368184983730316
4.40625,2546.0,0.16373467445373535
4.40625,2548.0,0.16378749907016754
4.41015625,2548.0,0.16384032368659973
4.41015625,2550.0,0.16389314830303192
4.41015625,2550.0,0.1639459729194641
4.41015625,2552.0,0.1639987975358963
4.41015625,2552.0,0.1640516221523285
4.4140625,2554.0,0.16410444676876068
4.4140625,2554.0,0.16415727138519287
4.4140625,2556.0,0.16421009600162506
4.4140625,2556.0,0.16426292061805725
4.4140625,2558.0,0.16431574523448944
4.4140625,2558.0,0.16436856985092163
4.4140625,2560.0,0.16442139446735382
4.4140625,2560.0,0.164474219083786
4.41796875,2560.0,0.1645270437002182
4.41796875,2562.0,0.1645798683166504
4.41796875,2562.0,0.16463269293308258
4.41796875,2564.0,0.16468551754951477
4.41796875,2564.0,0.16473834216594696
4.41796875,2566.0,0.16479116678237915
4.41796875,2566.0,0.16484399139881134
4.41796875,2568.0,0.16489681601524353
4.41796875,2568.0,0.16494964063167572
4.41796875,2570.0,0.1650024652481079
4.41796875,2570.0,0.1650552898645401
4.41796875,2572.0,0.1651081144809723
4.41796875,2572.0,0.16516093909740448
4.41796875,2574.0,0.16521376371383667
4.41796875,2574.0,0.16526658833026886
4.41796875,2576.0,0.16531941294670105
4.41796875,2576.0,0.16537223756313324
4.41796875,2576.0,0.16542506217956543
4.41796875,2578.0,0.16547788679599762
4.41796875,2578.0,0.1655307114124298
4.41796875,2580.0,0.165583536028862
4.41796875,2580.0,0.1656363606452942
4.41796875,2582.0,0.16568918526172638
4.41796875,2582.0,0.16574200987815857
4.4140625,2584.0,0.16579483449459076
4.4140625,2584.0,0.16584765911102295
4.4140625,2586.0,0.16590048372745514
4.4140625,2586.0,0.16595330834388733
4.4140625,2588.0,0.16600613296031952
4.4140625,2588.0,0.1660589575767517
4.41015625,2590.0,0.1661117821931839
4.41015625,2590.0,0.1661646068096161
4.41015625,2592.0,0.16621743142604828
4.41015625,2592.0,0.16627025604248047
4.41015625,2594.0,0.16632308065891266
4.41015625,2594.0,0.16637590527534485
4.40625,2594.0,0.16642872989177704
4.40625,2596.0,0.16648155450820923
4.40625,2596.0,0.16653437912464142
4.40625,2598.0,0.1665872037410736
4.40625,2598.0,0.1666400283575058
4.40625,2600.0,0.166692852973938
4.40234375,2600.0,0.16674567759037018
4.40234375,2602.0,0.16679850220680237
4.40234375,2602.0,0.16685132682323456
4.40234375,2604.0,0.16690415143966675
4.40234375,2604.0,0.16695697605609894
4.40234375,2606.0,0.16700980067253113
4.3984375,2606.0,0.16706262528896332
4.3984375,2608.0,0.1671154499053955
4.3984375,2608.0,0.1671682745218277
4.3984375,2610.0,0.1672210991382599
4.3984375,2610.0,0.16727392375469208
4.3984375,2612.0,0.16732674837112427
4.39453125,2612.0,0.16737957298755646
4.39453125,2612.0,0.16743239760398865
4.39453125,2614.0,0.16748522222042084
4.39453125,2614.0,0.16753804683685303
4.39453125,2616.0,0.16759087145328522
4.39453125,2616.0,0.1676436960697174
4.39453125,2618.0,0.1676965206861496
4.390625,2618.0,0.1677493453025818
4.390625,2620.0,0.16780216991901398
4.390625,2620.0,0.16785499453544617
4.390625,2622.0,0.16790781915187836
4.390625,2622.0,0.16796064376831055
4.390625,2624.0,0.16801346838474274
4.390625,2624.0,0.16806629300117493
4.390625,2626.0,0.16811911761760712
4.390625,2626.0,0.1681719422340393
4.390625,2628.0,0.1682247668504715
4.390625,2628.0,0.1682775914669037
4.390625,2628.0,0.16833041608333588
4.390625,2630.0,0.16838324069976807
4.390625,2630.0,0.16843606531620026
4.390625,2632.0,0.16848888993263245
4.390625,2632.0,0.16854171454906464
4.390625,2634.0,0.16859453916549683
4.390625,2634.0,0.16864736378192902
4.390625,2636.0,0.1687001883983612
4.390625,2636.0,0.1687530130147934
4.390625,2638.0,0.16880583763122559
4.390625,2638.0,0.16885866224765778
4.390625,2640.0,0.16891148686408997
4.390625,2640.0,0.16896431148052216
4.390625,2642.0,0.16901713609695435
4.390625,2642.0,0.16906996071338654
4.390625,2644.0,0.16912278532981873
4.39453125,2644.0,0.16917560994625092
4.39453125,2646.0,0.1692284345626831
4.39453125,2646.0,0.1692812591791153
4.39453125,2646.0,0.16933408379554749
4.39453125,2648.0,0.16938690841197968
4.39453125,2648.0,0.16943973302841187
4.39453125,2650.0,0.16949255764484406
4.39453125,2650.0,0.16954538226127625
4.3984375,2652.0,0.16959820687770844
4.3984375,2652.0,0.16965103149414062
4.3984375,2654.0,0.16970385611057281
4.3984375,2654.0,0.169756680727005
4.3984375,2656.0,0.1698095053434372
4.40234375,2656.0,0.16986232995986938
4.40234375,2658.0,0.16991515457630157
4.40234375,2658.0,0.16996797919273376
4.40234375,2660.0,0.17002080380916595
4.40234375,2660.0,0.17007362842559814
4.40625,2662.0,0.17012645304203033
4.40625,2662.0,0.17017927765846252
4.40625,2664.0,0.17023210227489471
4.40625,2664.0,0.1702849268913269
4.41015625,2664.0,0.1703377515077591
4.41015625,2666.0,0.17039057612419128
4.41015625,2666.0,0.17044340074062347
4.41015625,2668.0,0.17049622535705566
4.4140625,2668.0,0.17054904997348785
4.4140625,2670.0,0.17060187458992004
4.4140625,2670.0,0.17065469920635223
4.41796875,2672.0,0.17070752382278442
4.41796875,2672.0,0.1707603484392166
4.41796875,2674.0,0.1708131730556488
4.41796875,2674.0,0.170865997672081
4.421875,2676.0,0.17091882228851318
4.421875,2676.0,0.17097164690494537
4.421875,2678.0,0.17102447152137756
4.42578125,2678.0,0.17107729613780975
4.42578125,2680.0,0.17113012075424194
4.42578125,2680.0,0.17118294537067413
4.4296875,2682.0,0.17123576998710632
4.4296875,2682.0,0.1712885946035385
4.4296875,2684.0,0.1713414192199707
4.43359375,2684.0,0.1713942438364029
4.43359375,2684.0,0.17144706845283508
4.43359375,2686.0,0.17149989306926727
4.4375,2686.0,0.17155271768569946
4.4375,2688.0,0.17160554230213165
4.4375,2688.0,0.17165836691856384
4.44140625,2690.0,0.17171119153499603
4.44140625,2690.0,0.17176401615142822
4.44140625,2692.0,0.1718168407678604
4.4453125,2692.0,0.1718696653842926
4.4453125,2694.0,0.1719224900007248
4.4453125,2694.0,0.17197531461715698
4.44921875,2696.0,0.17202813923358917
4.44921875,2696.0,0.17208096385002136
4.44921875,2698.0,0.17213378846645355
4.44921875,2698.0,0.17218661308288574
4.453125,2700.0,0.17223943769931793
4.453125,2700.0,0.17229226231575012
4.453125,2702.0,0.1723450869321823
4.45703125,2702.0,0.1723979115486145
4.45703125,2702.0,0.1724507361650467
4.45703125,2704.0,0.17250356078147888
4.4609375,2704.0,0.17255638539791107
4.4609375,2706.0,0.17260921001434326
4.4609375,2706.0,0.17266203463077545
4.46484375,2708.0,0.17271485924720764
4.46484375,2708.0,0.17276768386363983
4.46484375,2710.0,0.17282050848007202
4.46484375,2710.0,0.1728733330965042
4.46875,2712.0,0.1729261577129364
4.46875,2712.0,0.1729789823293686
4.46875,2714.0,0.17303180694580078
4.47265625,2714.0,0.17308463156223297
4.47265625,2716.0,0.17313745617866516
4.47265625,2716.0,0.17319028079509735
4.47265625,2718.0,0.17324310541152954
4.4765625,2718.0,0.17329593002796173
4.4765625,2720.0,0.17334875464439392
4.4765625,2720.0,0.1734015792608261
4.4765625,2722.0,0.1734544038772583
4.48046875,2722.0,0.1735072284936905
4.48046875,2722.0,0.17356005311012268
4.48046875,2724.0,0.17361287772655487
4.484375,2724.0,0.17366570234298706
4.484375,2726.0,0.17371852695941925
4.484375,2726.0,0.17377135157585144
4.484375,2728.0,0.17382417619228363
4.48828125,2728.0,0.17387700080871582
4.48828125,2730.0,0.173929825425148
4.48828125,2730.0,0.1739826500415802
4.48828125,2732.0,0.1740354746580124
4.4921875,2732.0,0.17408829927444458
4.4921875,2734.0,0.17414112389087677
4.4921875,2734.0,0.17419394850730896
4.4921875,2736.0,0.17424677312374115
4.49609375,2736.0,0.17429959774017334
4.49609375,2738.0,0.17435242235660553
4.49609375,2738.0,0.17440524697303772
4.49609375,2740.0,0.1744580715894699
4.5,2740.0,0.1745108962059021
4.5,2740.0,0.1745637208223343
4.5,2742.0,0.17461654543876648
4.5,2742.0,0.17466937005519867
4.50390625,2744.0,0.17472219467163086
4.50390625,2744.0,0.17477501928806305
4.50390625,2746.0,0.17482784390449524
4.5078125,2746.0,0.17488066852092743
4.5078125,2748.0,0.17493349313735962
4.5078125,2748.0,0.1749863177537918
4.5078125,2750.0,0.175039142370224
4.51171875,2750.0,0.1750919669866562
4.51171875,2752.0,0.17514479160308838
4.51171875,2752.0,0.17519761621952057
4.51171875,2754.0,0.17525044083595276
4.51171875,2754.0,0.17530326545238495
4.515625,2756.0,0.17535609006881714
4.515625,2756.0,0.17540891468524933
4.515625,2758.0,0.17546173930168152
4.515625,2758.0,0.1755145639181137
4.515625,2760.0,0.1755673885345459
4.51953125,2760.0,0.1756202131509781
4.51953125,2760.0,0.17567303776741028
4.51953125,2762.0,0.17572586238384247
4.51953125,2762.0,0.17577868700027466
4.5234375,2764.0,0.17583151161670685
4.5234375,2764.0,0.17588433623313904
4.5234375,2766.0,0.17593716084957123
4.5234375,2766.0,0.17598998546600342
4.5234375,2768.0,0.1760428100824356
4.5234375,2768.0,0.1760956346988678
4.52734375,2770.0,0.1761484593153
4.52734375,2770.0,0.17620128393173218
4.52734375,2772.0,0.17625410854816437
4.52734375,2772.0,0.17630693316459656
4.52734375,2774.0,0.17635975778102875
4.52734375,2774.0,0.17641258239746094
4.52734375,2776.0,0.17646540701389313
4.52734375,2776.0,0.17651823163032532
4.53125,2778.0,0.1765710562467575
4.53125,2778.0,0.1766238808631897
4.53125,2780.0,0.1766767054796219
4.53125,2780.0,0.17672953009605408
4.53125,2780.0,0.17678235471248627
4.53125,2782.0,0.17683517932891846
4.53125,2782.0,0.17688800394535065
4.53125,2784.0,0.17694082856178284
4.53125,2784.0,0.17699365317821503
4.53125,2786.0,0.17704647779464722
4.53125,2786.0,0.1770993024110794
4.53125,2788.0,0.1771521270275116
4.53125,2788.0,0.1772049516439438
4.53125,2790.0,0.17725777626037598
4.53125,2790.0,0.17731060087680817
4.53125,2792.0,0.17736342549324036
4.53125,2792.0,0.17741625010967255
4.53125,2794.0,0.17746907472610474
4.53125,2794.0,0.17752189934253693
4.53125,2796.0,0.17757472395896912
4.53125,2796.0,0.1776275485754013
4.53125,2798.0,0.1776803731918335
4.53125,2798.0,0.17773319780826569
4.53125,2800.0,0.17778602242469788
4.53125,2800.0,0.17783884704113007
4.53125,2800.0,0.17789167165756226
4.53125,2802.0,0.17794449627399445
4.52734375,2802.0,0.17799732089042664
4.52734375,2804.0,0.17805014550685883
4.52734375,2804.0,0.17810297012329102
4.52734375,2806.0,0.1781557947397232
4.52734375,2806.0,0.1782086193561554
4.52734375,2808.0,0.17826144397258759
4.52734375,2808.0,0.17831426858901978
4.52734375,2810.0,0.17836709320545197
4.5234375,2810.0,0.17841991782188416
4.5234375,2812.0,0.17847274243831635
4.5234375,2812.0,0.17852556705474854
4.5234375,2814.0,0.17857839167118073
4.5234375,2814.0,0.17863121628761292
4.51953125,2816.0,0.1786840409040451
4.51953125,2816.0,0.1787368655204773
4.51953125,2818.0,0.17878969013690948
4.51953125,2818.0,0.17884251475334167
4.51953125,2820.0,0.17889533936977386
4.51953125,2820.0,0.17894816398620605
4.515625,2820.0,0.17900098860263824
4.515625,2822.0,0.17905381321907043
4.515625,2822.0,0.17910663783550262
4.515625,2824.0,0.17915946245193481
4.515625,2824.0,0.179212287068367
4.51171875,2826.0,0.1792651116847992
4.51171875,2826.0,0.17931793630123138
4.51171875,2828.0,0.17937076091766357
4.51171875,2828.0,0.17942358553409576
4.5078125,2830.0,0.17947641015052795
4.5078125,2830.0,0.17952923476696014
4.5078125,2832.0,0.17958205938339233
4.5078125,2832.0,0.17963488399982452
4.50390625,2834.0,0.1796877086162567
4.50390625,2834.0,0.1797405332326889
4.50390625,2836.0,0.1797933578491211
4.50390625,2836.0,0.17984618246555328
4.5,2838.0,0.17989900708198547
4.5,2838.0,0.17995183169841766
4.5,2840.0,0.18000465631484985
4.5,2840.0,0.18005748093128204
4.49609375,2842.0,0.18011030554771423
4.49609375,2842.0,0.18016313016414642
4.49609375,2842.0,0.1802159547805786
4.4921875,2844.0,0.1802687793970108
4.4921875,2844.0,0.180321604013443
4.4921875,2846.0,0.18037442862987518
4.4921875,2846.0,0.18042725324630737
4.48828125,2848.0,0.18048007786273956
4.48828125,2848.0,0.18053290247917175
4.48828125,2850.0,0.18058572709560394
4.48828125,2850.0,0.18063855171203613
4.484375,2852.0,0.18069137632846832
4.484375,2852.0,0.1807442009449005
4.484375,2854.0,0.1807970255613327
4.48046875,2854.0,0.1808498501777649
4.48046875,2856.0,0.18090267479419708
4.48046875,2856.0,0.18095549941062927
4.4765625,2858.0,0.18100832402706146
4.4765625,2858.0,0.18106114864349365
4.4765625,2860.0,0.18111397325992584
4.47265625,2860.0,0.18116679787635803
4.47265625,2862.0,0.18121962249279022
4.47265625,2862.0,0.1812724471092224
4.46875,2862.0,0.1813252717256546
4.46875,2864.0,0.1813780963420868
4.46875,2864.0,0.18143092095851898
4.46484375,2866.0,0.18148374557495117
4.46484375,2866.0,0.18153657019138336
4.46484375,2868.0,0.18158939480781555
4.4609375,2868.0,0.18164221942424774
4.4609375,2870.0,0.18169504404067993
4.4609375,2870.0,0.18174786865711212
4.45703125,2872.0,0.1818006932735443
4.45703125,2872.0,0.1818535178899765
4.45703125,2874.0,0.1819063425064087
4.453125,2874.0,0.18195916712284088
4.453125,2876.0,0.18201199173927307
4.453125,2876.0,0.18206481635570526
4.44921875,2878.0,0.18211764097213745
4.44921875,2878.0,0.18217046558856964
4.44921875,2880.0,0.18222329020500183
4.4453125,2880.0,0.18227611482143402
4.4453125,2882.0,0.1823289394378662
4.4453125,2882.0,0.1823817640542984
4.44140625,2884.0,0.1824345886707306
4.44140625,2884.0,0.18248741328716278
4.44140625,2884.0,0.18254023790359497
4.44140625,2886.0,0.18259306252002716
4.4375,2886.0,0.18264588713645935
4.4375,2888.0,0.18269871175289154
4.4375,2888.0,0.18275153636932373
4.43359375,2890.0,0.18280436098575592
4.43359375,2890.0,0.1828571856021881
4.43359375,2892.0,0.1829100102186203
4.43359375,2892.0,0.1829628348350525
4.4296875,2894.0,0.18301565945148468
4.4296875,2894.0,0.18306848406791687
4.4296875,2896.0,0.18312130868434906
4.4296875,2896.0,0.18317413330078125
4.42578125,2898.0,0.18322695791721344
4.42578125,2898.0,0.18327978253364563
4.42578125,2900.0,0.18333260715007782
4.42578125,2900.0,0.18338543176651
4.421875,2902.0,0.1834382563829422
4.421875,2902.0,0.1834910809993744
4.421875,2904.0,0.18354390561580658
4.421875,2904.0,0.18359673023223877
4.41796875,2906.0,0.18364955484867096
4.41796875,2906.0,0.18370237946510315
4.41796875,2906.0,0.18375520408153534
4.41796875,2908.0,0.18380802869796753
4.4140625,2908.0,0.18386085331439972
4.4140625,2910.0,0.1839136779308319
4.4140625,2910.0,0.1839665025472641
4.4140625,2912.0,0.1840193271636963
4.4140625,2912.0,0.18407215178012848
4.41015625,2914.0,0.18412497639656067
4.41015625,2914.0,0.18417780101299286
4.41015625,2916.0,0.18423062562942505
4.41015625,2916.0,0.18428345024585724
4.40625,2918.0,0.18433627486228943
4.40625,2918.0,0.18438909947872162
4.40625,2920.0,0.1844419240951538
4.40625,2920.0,0.184494748711586
4.40234375,2922.0,0.1845475733280182
4.40234375,2922.0,0.18460039794445038
4.40234375,2924.0,0.18465322256088257
4.40234375,2924.0,0.18470604717731476
4.3984375,2926.0,0.18475887179374695
4.3984375,2926.0,0.18481169641017914
4.3984375,2928.0,0.18486452102661133
4.3984375,2928.0,0.18491734564304352
4.39453125,2928.0,0.1849701702594757
4.39453125,2930.0,0.1850229948759079
4.39453125,2930.0,0.1850758194923401
4.390625,2932.0,0.18512864410877228
4.390625,2932.0,0.18518146872520447
4.390625,2934.0,0.18523429334163666
4.38671875,2934.0,0.18528711795806885
4.38671875,2936.0,0.18533994257450104
4.38671875,2936.0,0.18539276719093323
4.3828125,2938.0,0.18544559180736542
4.3828125,2938.0,0.1854984164237976
4.3828125,2940.0,0.1855512410402298
4.37890625,2940.0,0.185604065656662
4.37890625,2942.0,0.18565689027309418
4.375,2942.0,0.18570971488952637
4.375,2944.0,0.18576253950595856
4.375,2944.0,0.18581536412239075
4.37109375,2946.0,0.18586818873882294
4.37109375,2946.0,0.18592101335525513
4.3671875,2948.0,0.18597383797168732
4.3671875,2948.0,0.1860266625881195
4.3671875,2950.0,0.1860794872045517
4.36328125,2950.0,0.1861323118209839
4.36328125,2950.0,0.18618513643741608
4.359375,2952.0,0.18623796105384827
4.359375,2952.0,0.18629078567028046
4.35546875,2954.0,0.18634361028671265
4.35546875,2954.0,0.18639643490314484
4.3515625,2956.0,0.18644925951957703
4.3515625,2956.0,0.18650208413600922
4.3515625,2958.0,0.1865549087524414
4.34765625,2958.0,0.1866077333688736
4.34765625,2960.0,0.1866605579853058
4.34375,2960.0,0.18671338260173798
4.34375,2962.0,0.18676620721817017
4.33984375,2962.0,0.18681903183460236
4.33984375,2964.0,0.18687185645103455
4.3359375,2964.0,0.18692468106746674
4.3359375,2966.0,0.18697750568389893
4.33203125,2966.0,0.18703033030033112
4.33203125,2968.0,0.1870831549167633
4.328125,2968.0,0.1871359795331955
4.328125,2970.0,0.18718880414962769
4.32421875,2970.0,0.18724162876605988
4.32421875,2972.0,0.18729445338249207
4.3203125,2972.0,0.18734727799892426
4.3203125,2974.0,0.18740010261535645
4.31640625,2974.0,0.18745292723178864
4.31640625,2974.0,0.18750575184822083
4.3125,2976.0,0.18755857646465302
4.3125,2976.0,0.1876114010810852
4.30859375,2978.0,0.1876642256975174
4.30859375,2978.0,0.18771705031394958
4.30859375,2980.0,0.18776987493038177
4.3046875,2980.0,0.18782269954681396
4.3046875,2982.0,0.18787552416324615
4.30078125,2982.0,0.18792834877967834
4.30078125,2984.0,0.18798117339611053
4.296875,2984.0,0.18803399801254272
4.296875,2986.0,0.18808682262897491
4.29296875,2986.0,0.1881396472454071
4.29296875,2988.0,0.1881924718618393
4.29296875,2988.0,0.18824529647827148
4.2890625,2990.0,0.18829812109470367
4.2890625,2990.0,0.18835094571113586
4.28515625,2992.0,0.18840377032756805
4.28515625,2992.0,0.18845659494400024
4.28515625,2994.0,0.18850941956043243
4.28125,2994.0,0.18856224417686462
4.28125,2996.0,0.18861506879329681
4.28125,2996.0,0.188667893409729
4.27734375,2998.0,0.1887207180261612
4.27734375,2998.0,0.18877354264259338
4.2734375,2998.0,0.18882636725902557
4.2734375,3000.0,0.18887919187545776
4.2734375,3000.0,0.18893201649188995
4.26953125,3002.0,0.18898484110832214
4.26953125,3002.0,0.18903766572475433
4.26953125,3004.0,0.18909049034118652
4.26953125,3004.0,0.1891433149576187
4.265625,3006.0,0.1891961395740509
4.265625,3006.0,0.1892489641904831
4.265625,3008.0,0.18930178880691528
4.26171875,3008.0,0.18935461342334747
4.26171875,3010.0,0.18940743803977966
4.26171875,3010.0,0.18946026265621185
4.26171875,3012.0,0.18951308727264404
4.2578125,3012.0,0.18956591188907623
4.2578125,3014.0,0.18961873650550842
4.2578125,3014.0,0.1896715611219406
4.25390625,3016.0,0.1897243857383728
4.25390625,3016.0,0.189777210354805
4.25390625,3018.0,0.18983003497123718
4.25390625,3018.0,0.18988285958766937
4.25390625,3020.0,0.18993568420410156
4.25,3020.0,0.18998850882053375
4.25,3022.0,0.19004133343696594
4.25,3022.0,0.19009415805339813
4.25,3022.0,0.19014698266983032
4.24609375,3024.0,0.1901998072862625
4.24609375,3024.0,0.1902526319026947
4.24609375,3026.0,0.1903054565191269
4.24609375,3026.0,0.19035828113555908
4.24609375,3028.0,0.19041110575199127
4.2421875,3028.0,0.19046393036842346
4.2421875,3030.0,0.19051675498485565
4.2421875,3030.0,0.19056957960128784
4.2421875,3032.0,0.19062240421772003
4.2421875,3032.0,0.19067522883415222
4.2421875,3034.0,0.1907280534505844
4.23828125,3034.0,0.1907808780670166
4.23828125,3036.0,0.1908337026834488
4.23828125,3036.0,0.19088652729988098
4.23828125,3038.0,0.19093935191631317
4.23828125,3038.0,0.19099217653274536
4.234375,3040.0,0.19104500114917755
4.234375,3040.0,0.19109782576560974
4.234375,3042.0,0.19115065038204193
4.234375,3042.0,0.19120347499847412
4.234375,3044.0,0.1912562996149063
4.234375,3044.0,0.1913091242313385
4.234375,3046.0,0.1913619488477707
4.23046875,3046.0,0.19141477346420288
4.23046875,3046.0,0.19146759808063507
4.23046875,3048.0,0.19152042269706726
4.23046875,3048.0,0.19157324731349945
4.23046875,3050.0,0.19162607192993164
4.23046875,3050.0,0.19167889654636383
4.2265625,3052.0,0.19173172116279602
4.2265625,3052.0,0.1917845457792282
4.2265625,3054.0,0.1918373703956604
4.2265625,3054.0,0.1918901950120926
4.2265625,3056.0,0.19194301962852478
4.2265625,3056.0,0.19199584424495697
4.22265625,3058.0,0.19204866886138916
4.22265625,3058.0,0.19210149347782135
4.22265625,3060.0,0.19215431809425354
4.22265625,3060.0,0.19220714271068573
4.22265625,3062.0,0.19225996732711792
4.22265625,3062.0,0.1923127919435501
4.21875,3064.0,0.1923656165599823
4.21875,3064.0,0.1924184411764145
4.21875,3066.0,0.19247126579284668
4.21875,3066.0,0.19252409040927887
4.21875,3068.0,0.19257691502571106
4.21484375,3068.0,0.19262973964214325
4.21484375,3070.0,0.19268256425857544
4.21484375,3070.0,0.19273538887500763
4.21484375,3072.0,0.19278821349143982
4.21484375,3072.0,0.192841038107872
4.2109375,3072.0,0.1928938627243042
4.2109375,3074.0,0.1929466873407364
4.2109375,3074.0,0.19299951195716858
4.2109375,3076.0,0.19305233657360077
4.2109375,3076.0,0.19310516119003296
4.20703125,3078.0,0.19315798580646515
4.20703125,3078.0,0.19321081042289734
4.20703125,3080.0,0.19326363503932953
4.20703125,3080.0,0.19331645965576172
4.203125,3082.0,0.1933692842721939
4.203125,3082.0,0.1934221088886261
4.203125,3084.0,0.1934749335050583
4.203125,3084.0,0.19352775812149048
4.203125,3086.0,0.19358058273792267
4.19921875,3086.0,0.19363340735435486
4.19921875,3088.0,0.19368623197078705
4.19921875,3088.0,0.19373905658721924
4.19921875,3090.0,0.19379188120365143
4.1953125,3090.0,0.19384470582008362
4.1953125,3092.0,0.1938975304365158
4.1953125,3092.0,0.193950355052948
4.1953125,3094.0,0.1940031796693802
4.19140625,3094.0,0.19405600428581238
4.19140625,3096.0,0.19410882890224457
4.19140625,3096.0,0.19416165351867676
4.19140625,3096.0,0.19421447813510895
4.1875,3098.0,0.19426730275154114
4.1875,3098.0,0.19432012736797333
4.1875,3100.0,0.19437295198440552
4.1875,3100.0,0.1944257766008377
4.18359375,3102.0,0.1944786012172699
4.18359375,3102.0,0.1945314258337021
4.18359375,3104.0,0.19458425045013428
4.18359375,3104.0,0.19463707506656647
4.18359375,3106.0,0.19468989968299866
4.1796875,3106.0,0.19474272429943085
4.1796875,3108.0,0.19479554891586304
4.1796875,3108.0,0.19484837353229523
4.1796875,3110.0,0.19490119814872742
4.17578125,3110.0,0.1949540227651596
4.17578125,3112.0,0.1950068473815918
4.17578125,3112.0,0.195059671998024
4.17578125,3114.0,0.19511249661445618
4.171875,3114.0,0.19516532123088837
4.171875,3116.0,0.19521814584732056
4.171875,3116.0,0.19527097046375275
4.171875,3118.0,0.19532379508018494
4.171875,3118.0,0.19537661969661713
4.16796875,3120.0,0.19542944431304932
4.16796875,3120.0,0.1954822689294815
4.16796875,3122.0,0.1955350935459137
4.16796875,3122.0,0.1955879181623459
4.16796875,3122.0,0.19564074277877808
4.16796875,3124.0,0.19569356739521027
4.16796875,3124.0,0.19574639201164246
4.1640625,3126.0,0.19579921662807465
4.1640625,3126.0,0.19585204124450684
4.1640625,3128.0,0.19590486586093903
4.1640625,3128.0,0.19595769047737122
4.1640625,3130.0,0.1960105150938034
4.1640625,3130.0,0.1960633397102356
4.1640625,3132.0,0.19611616432666779
4.1640625,3132.0,0.19616898894309998
4.16015625,3134.0,0.19622181355953217
4.16015625,3134.0,0.19627463817596436
4.16015625,3136.0,0.19632746279239655
4.16015625,3136.0,0.19638028740882874
4.16015625,3138.0,0.19643311202526093
4.16015625,3138.0,0.19648593664169312
4.16015625,3140.0,0.1965387612581253
4.16015625,3140.0,0.1965915858745575
4.16015625,3142.0,0.19664441049098969
4.16015625,3142.0,0.19669723510742188
4.16015625,3144.0,0.19675005972385406
4.16015625,3144.0,0.19680288434028625
4.16015625,3146.0,0.19685570895671844
4.16015625,3146.0,0.19690853357315063
4.16015625,3148.0,0.19696135818958282
4.16015625,3148.0,0.19701418280601501
4.16015625,3150.0,0.1970670074224472
4.16015625,3150.0,0.1971198320388794
4.16015625,3150.0,0.19717265665531158
4.16015625,3152.0,0.19722548127174377
4.16015625,3152.0,0.19727830588817596
4.16015625,3154.0,0.19733113050460815
4.16015625,3154.0,0.19738395512104034
4.16015625,3156.0,0.19743677973747253
4.16015625,3156.0,0.19748960435390472
4.16015625,3158.0,0.19754242897033691
4.16015625,3158.0,0.1975952535867691
4.16015625,3160.0,0.1976480782032013
4.16015625,3160.0,0.19770090281963348
4.16015625,3162.0,0.19775372743606567
4.16015625,3162.0,0.19780655205249786
4.16015625,3164.0,0.19785937666893005
4.1640625,3164.0,0.19791220128536224
4.1640625,3166.0,0.19796502590179443
4.1640625,3166.0,0.19801785051822662
4.1640625,3168.0,0.1980706751346588
4.1640625,3168.0,0.198123499751091
4.1640625,3170.0,0.1981763243675232
4.1640625,3170.0,0.19822914898395538
4.1640625,3172.0,0.19828197360038757
4.1640625,3172.0,0.19833479821681976
4.1640625,3174.0,0.19838762283325195
4.16796875,3174.0,0.19844044744968414
4.16796875,3176.0,0.19849327206611633
4.16796875,3176.0,0.19854609668254852
4.16796875,3176.0,0.1985989212989807
4.16796875,3178.0,0.1986517459154129
4.16796875,3178.0,0.1987045705318451
4.16796875,3180.0,0.19875739514827728
4.171875,3180.0,0.19881021976470947
4.171875,3182.0,0.19886304438114166
4.171875,3182.0,0.19891586899757385
4.171875,3184.0,0.19896869361400604
4.171875,3184.0,0.19902151823043823
4.171875,3186.0,0.19907434284687042
4.17578125,3186.0,0.1991271674633026
4.17578125,3188.0,0.1991799920797348
4.17578125,3188.0,0.199232816696167
4.17578125,3190.0,0.19928564131259918
4.17578125,3190.0,0.19933846592903137
4.1796875,3192.0,0.19939129054546356
4.1796875,3192.0,0.19944411516189575
4.1796875,3194.0,0.19949693977832794
4.1796875,3194.0,0.19954976439476013
4.18359375,3196.0,0.19960258901119232
4.18359375,3196.0,0.1996554136276245
4.18359375,3198.0,0.1997082382440567
4.18359375,3198.0,0.1997610628604889
4.18359375,3200.0,0.19981388747692108
4.1875,3200.0,0.19986671209335327
4.1875,3202.0,0.19991953670978546
4.1875,3202.0,0.19997236132621765
4.1875,3204.0,0.20002518594264984
4.19140625,3204.0,0.20007801055908203
4.19140625,3206.0,0.20013083517551422
4.19140625,3206.0,0.2001836597919464
4.1953125,3206.0,0.2002364844083786
4.1953125,3208.0,0.2002893090248108
4.1953125,3208.0,0.20034213364124298
4.1953125,3210.0,0.20039495825767517
4.19921875,3210.0,0.20044778287410736
4.19921875,3212.0,0.20050060749053955
4.19921875,3212.0,0.20055343210697174
4.203125,3214.0,0.20060625672340393
4.203125,3214.0,0.20065908133983612
4.203125,3216.0,0.2007119059562683
4.203125,3216.0,0.2007647305727005
4.20703125,3218.0,0.2008175551891327
4.20703125,3218.0,0.20087037980556488
4.20703125,3220.0,0.20092320442199707
4.2109375,3220.0,0.20097602903842926
4.2109375,3222.0,0.20102885365486145
4.2109375,3222.0,0.20108167827129364
4.21484375,3224.0,0.20113450288772583
4.21484375,3224.0,0.20118732750415802
4.21484375,3226.0,0.2012401521205902
4.21875,3226.0,0.2012929767370224
4.21875,3228.0,0.2013458013534546
4.21875,3228.0,0.20139862596988678
4.22265625,3230.0,0.20145145058631897
4.22265625,3230.0,0.20150427520275116
4.22265625,3232.0,0.20155709981918335
4.2265625,3232.0,0.20160992443561554
4.2265625,3234.0,0.20166274905204773
4.2265625,3234.0,0.20171557366847992
4.23046875,3234.0,0.2017683982849121
4.23046875,3236.0,0.2018212229013443
4.23046875,3236.0,0.2018740475177765
4.234375,3238.0,0.20192687213420868
4.234375,3238.0,0.20197969675064087
4.234375,3240.0,0.20203252136707306
4.23828125,3240.0,0.20208534598350525
4.23828125,3242.0,0.20213817059993744
4.23828125,3242.0,0.20219099521636963
4.2421875,3244.0,0.20224381983280182
4.2421875,3244.0,0.202296644449234
4.2421875,3246.0,0.2023494690656662
4.24609375,3246.0,0.2024022936820984
4.24609375,3248.0,0.20245511829853058
4.25,3248.0,0.20250794291496277
4.25,3250.0,0.20256076753139496
4.25,3250.0,0.20261359214782715
4.25390625,3252.0,0.20266641676425934
4.25390625,3252.0,0.20271924138069153
4.25390625,3254.0,0.20277206599712372
4.2578125,3254.0,0.2028248906135559
4.2578125,3256.0,0.2028777152299881
4.2578125,3256.0,0.2029305398464203
4.26171875,3258.0,0.20298336446285248
4.26171875,3258.0,0.20303618907928467
4.26171875,3260.0,0.20308901369571686
4.265625,3260.0,0.20314183831214905
4.265625,3262.0,0.20319466292858124
4.26953125,3262.0,0.20324748754501343
4.26953125,3264.0,0.20330031216144562
4.26953125,3264.0,0.2033531367778778
4.2734375,3264.0,0.20340596139431
4.2734375,3266.0,0.2034587860107422
4.2734375,3266.0,0.20351161062717438
4.27734375,3268.0,0.20356443524360657
4.27734375,3268.0,0.20361725986003876
4.27734375,3270.0,0.20367008447647095
4.28125,3270.0,0.20372290909290314
4.28125,3272.0,0.20377573370933533
4.28125,3272.0,0.20382855832576752
4.28515625,3274.0,0.2038813829421997
4.28515625,3274.0,0.2039342075586319
4.28515625,3276.0,0.2039870321750641
4.2890625,3276.0,0.20403985679149628
4.2890625,3278.0,0.20409268140792847
4.29296875,3278.0,0.20414550602436066
4.29296875,3280.0,0.20419833064079285
4.29296875,3280.0,0.20425115525722504
4.296875,3282.0,0.20430397987365723
4.296875,3282.0,0.20435680449008942
4.296875,3284.0,0.2044096291065216
4.30078125,3284.0,0.2044624537229538
4.30078125,3286.0,0.204515278339386
4.30078125,3286.0,0.20456810295581818
4.3046875,3288.0,0.20462092757225037
4.3046875,3288.0,0.20467375218868256
4.3046875,3290.0,0.20472657680511475
4.30859375,3290.0,0.20477940142154694
4.30859375,3292.0,0.20483222603797913
4.30859375,3292.0,0.20488505065441132
4.3125,3294.0,0.2049378752708435
4.3125,3294.0,0.2049906998872757
4.3125,3294.0,0.20504352450370789
4.31640625,3296.0,0.20509634912014008
4.31640625,3296.0,0.20514917373657227
4.31640625,3298.0,0.20520199835300446
4.3203125,3298.0,0.20525482296943665
4.3203125,3300.0,0.20530764758586884
4.3203125,3300.0,0.20536047220230103
4.32421875,3302.0,0.20541329681873322
4.32421875,3302.0,0.2054661214351654
4.32421875,3304.0,0.2055189460515976
4.32421875,3304.0,0.20557177066802979
4.328125,3306.0,0.20562459528446198
4.328125,3306.0,0.20567741990089417
4.328125,3308.0,0.20573024451732635
4.33203125,3308.0,0.20578306913375854
4.33203125,3310.0,0.20583589375019073
4.33203125,3310.0,0.20588871836662292
4.33203125,3312.0,0.20594154298305511
4.3359375,3312.0,0.2059943675994873
4.3359375,3314.0,0.2060471922159195
4.3359375,3314.0,0.20610001683235168
4.3359375,3316.0,0.20615284144878387
4.3359375,3316.0,0.20620566606521606
4.33984375,3318.0,0.20625849068164825
4.33984375,3318.0,0.20631131529808044
4.33984375,3320.0,0.20636413991451263
4.33984375,3320.0,0.20641696453094482
4.33984375,3322.0,0.20646978914737701
4.34375,3322.0,0.2065226137638092
4.34375,3324.0,0.2065754383802414
4.34375,3324.0,0.20662826299667358
4.34375,3324.0,0.20668108761310577
4.34375,3326.0,0.20673391222953796
4.34375,3326.0,0.20678673684597015
4.34765625,3328.0,0.20683956146240234
4.34765625,3328.0,0.20689238607883453
4.34765625,3330.0,0.20694521069526672
4.34765625,3330.0,0.2069980353116989
4.34765625,3332.0,0.2070508599281311
4.34765625,3332.0,0.2071036845445633
4.34765625,3334.0,0.20715650916099548
4.34765625,3334.0,0.20720933377742767
4.3515625,3336.0,0.20726215839385986
4.3515625,3336.0,0.20731498301029205
4.3515625,3338.0,0.20736780762672424
4.3515625,3338.0,0.20742063224315643
4.3515625,3340.0,0.20747345685958862
4.3515625,3340.0,0.2075262814760208
4.3515625,3342.0,0.207579106092453
4.3515625,3342.0,0.2076319307088852
4.3515625,3344.0,0.20768475532531738
4.3515625,3344.0,0.20773757994174957
4.3515625,3346.0,0.20779040455818176
4.3515625,3346.0,0.20784322917461395
4.3515625,3348.0,0.20789605379104614
4.3515625,3348.0,0.20794887840747833
4.3515625,3350.0,0.20800170302391052
4.3515625,3350.0,0.2080545276403427
4.3515625,3352.0,0.2081073522567749
4.35546875,3352.0,0.2081601768732071
4.35546875,3354.0,0.20821300148963928
4.35546875,3354.0,0.20826582610607147
4.35546875,3356.0,0.20831865072250366
4.35546875,3356.0,0.20837147533893585
4.35546875,3356.0,0.20842429995536804
4.35546875,3358.0,0.20847712457180023
4.35546875,3358.0,0.20852994918823242
4.35546875,3360.0,0.2085827738046646
4.35546875,3360.0,0.2086355984210968
4.35546875,3362.0,0.208688423037529
4.35546875,3362.0,0.20874124765396118
4.35546875,3364.0,0.20879407227039337
4.35546875,3364.0,0.20884689688682556
4.35546875,3366.0,0.20889972150325775
4.35546875,3366.0,0.20895254611968994
4.35546875,3368.0,0.20900537073612213
4.35546875,3368.0,0.20905819535255432
4.35546875,3370.0,0.2091110199689865
4.35546875,3370.0,0.2091638445854187
4.35546875,3372.0,0.2092166692018509
4.35546875,3372.0,0.20926949381828308
4.35546875,3374.0,0.20932231843471527
4.35546875,3374.0,0.20937514305114746
4.35546875,3376.0,0.20942796766757965
4.35546875,3376.0,0.20948079228401184
4.35546875,3378.0,0.20953361690044403
4.35546875,3378.0,0.20958644151687622
4.35546875,3380.0,0.2096392661333084
4.35546875,3380.0,0.2096920907497406
4.35546875,3382.0,0.2097449153661728
4.35546875,3382.0,0.20979773998260498
4.35546875,3384.0,0.20985056459903717
4.35546875,3384.0,0.20990338921546936
4.35546875,3386.0,0.20995621383190155
4.35546875,3386.0,0.21000903844833374
4.35546875,3388.0,0.21006186306476593
4.35546875,3388.0,0.21011468768119812
4.35546875,3390.0,0.2101675122976303
4.35546875,3390.0,0.2102203369140625
4.359375,3390.0,0.2102731615304947
4.359375,3392.0,0.21032598614692688
4.359375,3392.0,0.21037881076335907
4.359375,3394.0,0.21043163537979126
4.359375,3394.0,0.21048445999622345
4.359375,3396.0,0.21053728461265564
4.359375,3396.0,0.21059010922908783
4.359375,3398.0,0.21064293384552002
4.359375,3398.0,0.2106957584619522
4.359375,3400.0,0.2107485830783844
4.359375,3400.0,0.2108014076948166
4.359375,3402.0,0.21085423231124878
4.359375,3402.0,0.21090705692768097
4.359375,3404.0,0.21095988154411316
4.359375,3404.0,0.21101270616054535
4.359375,3406.0,0.21106553077697754
4.359375,3406.0,0.21111835539340973
4.36328125,3408.0,0.21117118000984192
4.36328125,3408.0,0.2112240046262741
4.36328125,3410.0,0.2112768292427063
4.36328125,3410.0,0.2113296538591385
4.36328125,3412.0,0.21138247847557068
4.36328125,3412.0,0.21143530309200287
4.36328125,3414.0,0.21148812770843506
4.36328125,3414.0,0.21154095232486725
4.36328125,3416.0,0.21159377694129944
4.36328125,3416.0,0.21164660155773163
4.36328125,3418.0,0.21169942617416382
4.36328125,3418.0,0.211752250790596
4.3671875,3420.0,0.2118050754070282
4.3671875,3420.0,0.2118579000234604
4.3671875,3422.0,0.21191072463989258
4.3671875,3422.0,0.21196354925632477
4.3671875,3424.0,0.21201637387275696
4.3671875,3424.0,0.21206919848918915
4.3671875,3424.0,0.21212202310562134
4.3671875,3426.0,0.21217484772205353
4.3671875,3426.0,0.21222767233848572
4.3671875,3428.0,0.2122804969549179
4.3671875,3428.0,0.2123333215713501
4.3671875,3430.0,0.2123861461877823
4.37109375,3430.0,0.21243897080421448
4.37109375,3432.0,0.21249179542064667
4.37109375,3432.0,0.21254462003707886
4.37109375,3434.0,0.21259744465351105
4.37109375,3434.0,0.21265026926994324
4.37109375,3436.0,0.21270309388637543
4.37109375,3436.0,0.21275591850280762
4.37109375,3438.0,0.2128087431192398
4.37109375,3438.0,0.212861567735672
4.37109375,3440.0,0.2129143923521042
4.37109375,3440.0,0.21296721696853638
4.37109375,3442.0,0.21302004158496857
4.375,3442.0,0.21307286620140076
4.375,3444.0,0.21312569081783295
4.375,3444.0,0.21317851543426514
4.375,3446.0,0.21323134005069733
4.375,3446.0,0.21328416466712952
4.375,3448.0,0.2133369892835617
4.375,3448.0,0.2133898138999939
4.375,3450.0,0.2134426385164261
4.375,3450.0,0.21349546313285828
4.375,3452.0,0.21354828774929047
4.375,3452.0,0.21360111236572266
4.375,3454.0,0.21365393698215485
4.375,3454.0,0.21370676159858704
4.375,3456.0,0.21375958621501923
4.375,3456.0,0.21381241083145142
4.37890625,3458.0,0.2138652354478836
4.37890625,3458.0,0.2139180600643158
4.37890625,3460.0,0.21397088468074799
4.37890625,3460.0,0.21402370929718018
4.37890625,3460.0,0.21407653391361237
4.37890625,3462.0,0.21412935853004456
4.37890625,3462.0,0.21418218314647675
4.37890625,3464.0,0.21423500776290894
4.37890625,3464.0,0.21428783237934113
4.37890625,3466.0,0.21434065699577332
4.37890625,3466.0,0.2143934816122055
4.37890625,3468.0,0.2144463062286377
4.37890625,3468.0,0.21449913084506989
4.37890625,3470.0,0.21455195546150208
4.37890625,3470.0,0.21460478007793427
4.37890625,3472.0,0.21465760469436646
4.37890625,3472.0,0.21471042931079865
4.37890625,3474.0,0.21476325392723083
4.37890625,3474.0,0.21481607854366302
4.37890625,3476.0,0.21486890316009521
4.37890625,3476.0,0.2149217277765274
4.37890625,3478.0,0.2149745523929596
4.37890625,3478.0,0.21502737700939178
4.3828125,3480.0,0.21508020162582397
4.3828125,3480.0,0.21513302624225616
4.3828125,3482.0,0.21518585085868835
4.3828125,3482.0,0.21523867547512054
4.3828125,3484.0,0.21529150009155273
4.3828125,3484.0,0.21534432470798492
4.3828125,3486.0,0.21539714932441711
4.3828125,3486.0,0.2154499739408493
4.3828125,3488.0,0.2155027985572815
4.3828125,3488.0,0.21555562317371368
4.3828125,3490.0,0.21560844779014587
4.3828125,3490.0,0.21566127240657806
4.3828125,3492.0,0.21571409702301025
4.3828125,3492.0,0.21576692163944244
4.3828125,3494.0,0.21581974625587463
4.3828125,3494.0,0.21587257087230682
4.3828125,3496.0,0.215925395488739
4.3828125,3496.0,0.2159782201051712
4.3828125,3496.0,0.2160310447216034
4.3828125,3498.0,0.21608386933803558
4.3828125,3498.0,0.21613669395446777
4.3828125,3500.0,0.21618951857089996
4.3828125,3500.0,0.21624234318733215
4.3828125,3502.0,0.21629516780376434
4.3828125,3502.0,0.21634799242019653
4.3828125,3504.0,0.21640081703662872
4.3828125,3504.0,0.2164536416530609
4.3828125,3506.0,0.2165064662694931
4.3828125,3506.0,0.2165592908859253
4.3828125,3508.0,0.21661211550235748
4.3828125,3508.0,0.21666494011878967
4.3828125,3510.0,0.21671776473522186
4.3828125,3510.0,0.21677058935165405
4.3828125,3512.0,0.21682341396808624
4.38671875,3512.0,0.21687623858451843
4.38671875,3514.0,0.21692906320095062
4.38671875,3514.0,0.2169818878173828
4.38671875,3516.0,0.217034712433815
4.38671875,3516.0,0.2170875370502472
4.38671875,3518.0,0.21714036166667938
4.38671875,3518.0,0.21719318628311157
4.38671875,3520.0,0.21724601089954376
4.38671875,3520.0,0.21729883551597595
4.38671875,3522.0,0.21735166013240814
4.38671875,3522.0,0.21740448474884033
4.38671875,3524.0,0.21745730936527252
4.390625,3524.0,0.2175101339817047
4.390625,3526.0,0.2175629585981369
4.390625,3526.0,0.2176157832145691
4.390625,3528.0,0.21766860783100128
4.390625,3528.0,0.21772143244743347
4.390625,3530.0,0.21777425706386566
4.390625,3530.0,0.21782708168029785
4.390625,3532.0,0.21787990629673004
4.390625,3532.0,0.21793273091316223
4.39453125,3534.0,0.21798555552959442
4.39453125,3534.0,0.2180383801460266
4.39453125,3534.0,0.2180912047624588
4.39453125,3536.0,0.218144029378891
4.39453125,3536.0,0.21819685399532318
4.39453125,3538.0,0.21824967861175537
4.39453125,3538.0,0.21830250322818756
4.3984375,3540.0,0.21835532784461975
4.3984375,3540.0,0.21840815246105194
4.3984375,3542.0,0.21846097707748413
4.3984375,3542.0,0.21851380169391632
4.3984375,3544.0,0.2185666263103485
4.3984375,3544.0,0.2186194509267807
4.3984375,3546.0,0.2186722755432129
4.40234375,3546.0,0.21872510015964508
4.40234375,3548.0,0.21877792477607727
4.40234375,3548.0,0.21883074939250946
4.40234375,3550.0,0.21888357400894165
4.40234375,3550.0,0.21893639862537384
4.40234375,3552.0,0.21898922324180603
4.40625,3552.0,0.21904204785823822
4.40625,3554.0,0.2190948724746704
4.40625,3554.0,0.2191476970911026
4.40625,3556.0,0.2192005217075348
4.40625,3556.0,0.21925334632396698
4.40625,3558.0,0.21930617094039917
4.41015625,3558.0,0.21935899555683136
4.41015625,3560.0,0.21941182017326355
4.41015625,3560.0,0.21946464478969574
4.41015625,3562.0,0.21951746940612793
4.41015625,3562.0,0.21957029402256012
4.4140625,3564.0,0.2196231186389923
4.4140625,3564.0,0.2196759432554245
4.4140625,3566.0,0.2197287678718567
4.4140625,3566.0,0.21978159248828888
4.4140625,3568.0,0.21983441710472107
4.4140625,3568.0,0.21988724172115326
4.41796875,3570.0,0.21994006633758545
4.41796875,3570.0,0.21999289095401764
4.41796875,3572.0,0.22004571557044983
4.41796875,3572.0,0.22009854018688202
4.41796875,3574.0,0.2201513648033142
4.421875,3574.0,0.2202041894197464
4.421875,3574.0,0.2202570140361786
4.421875,3576.0,0.22030983865261078
4.421875,3576.0,0.22036266326904297
4.421875,3578.0,0.22041548788547516
4.42578125,3578.0,0.22046831250190735
4.42578125,3580.0,0.22052113711833954
4.42578125,3580.0,0.22057396173477173
4.42578125,3582.0,0.22062678635120392
4.42578125,3582.0,0.2206796109676361
4.42578125,3584.0,0.2207324355840683
4.4296875,3584.0,0.2207852602005005
4.4296875,3586.0,0.22083808481693268
4.4296875,3586.0,0.22089090943336487
4.4296875,3588.0,0.22094373404979706
4.4296875,3588.0,0.22099655866622925
4.43359375,3590.0,0.22104938328266144
4.43359375,3590.0,0.22110220789909363
4.43359375,3592.0,0.22115503251552582
4.43359375,3592.0,0.221207857131958
4.4375,3594.0,0.2212606817483902
4.4375,3594.0,0.2213135063648224
4.4375,3596.0,0.22136633098125458
4.4375,3596.0,0.22141915559768677
4.4375,3598.0,0.22147198021411896
4.44140625,3598.0,0.22152480483055115
4.44140625,3600.0,0.22157762944698334
4.44140625,3600.0,0.22163045406341553
4.44140625,3602.0,0.22168327867984772
4.44140625,3602.0,0.2217361032962799
4.4453125,3604.0,0.2217889279127121
4.4453125,3604.0,0.2218417525291443
4.4453125,3606.0,0.22189457714557648
4.4453125,3606.0,0.22194740176200867
4.4453125,3608.0,0.22200022637844086
4.44921875,3608.0,0.22205305099487305
4.44921875,3610.0,0.22210587561130524
4.44921875,3610.0,0.22215870022773743
4.44921875,3612.0,0.22221152484416962
4.44921875,3612.0,0.2222643494606018
4.453125,3614.0,0.222317174077034
4.453125,3614.0,0.2223699986934662
4.453125,3616.0,0.22242282330989838
4.453125,3616.0,0.22247564792633057
4.45703125,3616.0,0.22252847254276276
4.45703125,3618.0,0.22258129715919495
4.45703125,3618.0,0.22263412177562714
4.45703125,3620.0,0.22268694639205933
4.45703125,3620.0,0.22273977100849152
4.4609375,3622.0,0.2227925956249237
4.4609375,3622.0,0.2228454202413559
4.4609375,3624.0,0.22289824485778809
4.4609375,3624.0,0.22295106947422028
4.4609375,3626.0,0.22300389409065247
4.46484375,3626.0,0.22305671870708466
4.46484375,3628.0,0.22310954332351685
4.46484375,3628.0,0.22316236793994904
4.46484375,3630.0,0.22321519255638123
4.46875,3630.0,0.22326801717281342
4.46875,3632.0,0.2233208417892456
4.46875,3632.0,0.2233736664056778
4.46875,3634.0,0.22342649102210999
4.46875,3634.0,0.22347931563854218
4.47265625,3636.0,0.22353214025497437
4.47265625,3636.0,0.22358496487140656
4.47265625,3638.0,0.22363778948783875
4.47265625,3638.0,0.22369061410427094
4.47265625,3640.0,0.22374343872070312
4.4765625,3640.0,0.22379626333713531
4.4765625,3642.0,0.2238490879535675
4.4765625,3642.0,0.2239019125699997
4.4765625,3644.0,0.22395473718643188
4.4765625,3644.0,0.22400756180286407
4.48046875,3646.0,0.22406038641929626
4.48046875,3646.0,0.22411321103572845
4.48046875,3648.0,0.22416603565216064
4.48046875,3648.0,0.22421886026859283
4.484375,3650.0,0.22427168488502502
4.484375,3650.0,0.22432450950145721
4.484375,3652.0,0.2243773341178894
4.484375,3652.0,0.2244301587343216
4.484375,3654.0,0.22448298335075378
4.484375,3654.0,0.22453580796718597
4.48828125,3656.0,0.22458863258361816
4.48828125,3656.0,0.22464145720005035
4.48828125,3658.0,0.22469428181648254
4.48828125,3658.0,0.22474710643291473
4.48828125,3660.0,0.22479993104934692
4.4921875,3660.0,0.2248527556657791
4.4921875,3660.0,0.2249055802822113
4.4921875,3662.0,0.2249584048986435
4.4921875,3662.0,0.22501122951507568
4.4921875,3664.0,0.22506405413150787
4.4921875,3664.0,0.22511687874794006
4.49609375,3666.0,0.22516970336437225
4.49609375,3666.0,0.22522252798080444
4.49609375,3668.0,0.22527535259723663
4.49609375,3668.0,0.22532817721366882
4.49609375,3670.0,0.225381001830101
4.49609375,3670.0,0.2254338264465332
4.5,3672.0,0.2254866510629654
4.5,3672.0,0.22553947567939758
4.5,3674.0,0.22559230029582977
4.5,3674.0,0.22564512491226196
4.5,3676.0,0.22569794952869415
4.5,3676.0,0.22575077414512634
4.5,3678.0,0.22580359876155853
4.50390625,3678.0,0.22585642337799072
4.50390625,3680.0,0.2259092479944229
4.50390625,3680.0,0.2259620726108551
4.50390625,3682.0,0.2260148972272873
4.50390625,3682.0,0.22606772184371948
4.50390625,3684.0,0.22612054646015167
4.50390625,3684.0,0.22617337107658386
4.5078125,3686.0,0.22622619569301605
4.5078125,3686.0,0.22627902030944824
4.5078125,3688.0,0.22633184492588043
4.5078125,3688.0,0.22638466954231262
4.5078125,3690.0,0.2264374941587448
4.5078125,3690.0,0.226490318775177
4.5078125,3692.0,0.2265431433916092
4.51171875,3692.0,0.22659596800804138
4.51171875,3694.0,0.22664879262447357
4.51171875,3694.0,0.22670161724090576
4.51171875,3696.0,0.22675444185733795
4.51171875,3696.0,0.22680726647377014
4.51171875,3698.0,0.22686009109020233
4.51171875,3698.0,0.22691291570663452
4.51171875,3700.0,0.2269657403230667
4.51171875,3700.0,0.2270185649394989
4.515625,3702.0,0.2270713895559311
4.515625,3702.0,0.22712421417236328
4.515625,3704.0,0.22717703878879547
4.515625,3704.0,0.22722986340522766
4.515625,3704.0,0.22728268802165985
4.515625,3706.0,0.22733551263809204
4.515625,3706.0,0.22738833725452423
4.515625,3708.0,0.22744116187095642
4.515625,3708.0,0.2274939864873886
4.515625,3710.0,0.2275468111038208
4.51953125,3710.0,0.227599635720253
4.51953125,3712.0,0.22765246033668518
4.51953125,3712.0,0.22770528495311737
4.51953125,3714.0,0.22775810956954956
4.51953125,3714.0,0.22781093418598175
4.51953125,3716.0,0.22786375880241394
4.51953125,3716.0,0.22791658341884613
4.51953125,3718.0,0.22796940803527832
4.51953125,3718.0,0.2280222326517105
4.51953125,3720.0,0.2280750572681427
4.51953125,3720.0,0.2281278818845749
4.51953125,3722.0,0.22818070650100708
4.51953125,3722.0,0.22823353111743927
4.51953125,3724.0,0.22828635573387146
4.51953125,3724.0,0.22833918035030365
4.51953125,3726.0,0.22839200496673584
4.5234375,3726.0,0.22844482958316803
4.5234375,3728.0,0.22849765419960022
4.5234375,3728.0,0.2285504788160324
4.5234375,3730.0,0.2286033034324646
4.5234375,3730.0,0.2286561280488968
4.5234375,3732.0,0.22870895266532898
4.5234375,3732.0,0.22876177728176117
4.5234375,3734.0,0.22881460189819336
4.5234375,3734.0,0.22886742651462555
4.5234375,3736.0,0.22892025113105774
4.5234375,3736.0,0.22897307574748993
4.5234375,3738.0,0.22902590036392212
4.5234375,3738.0,0.2290787249803543
4.5234375,3740.0,0.2291315495967865
4.5234375,3740.0,0.2291843742132187
4.5234375,3742.0,0.22923719882965088
4.5234375,3742.0,0.22929002344608307
4.5234375,3744.0,0.22934284806251526
4.5234375,3744.0,0.22939567267894745
4.5234375,3746.0,0.22944849729537964
4.5234375,3746.0,0.22950132191181183
4.5234375,3748.0,0.22955414652824402
4.5234375,3748.0,0.2296069711446762
4.5234375,3750.0,0.2296597957611084
4.5234375,3750.0,0.2297126203775406
4.5234375,3752.0,0.22976544499397278
4.5234375,3752.0,0.22981826961040497
4.5234375,3754.0,0.22987109422683716
4.5234375,3754.0,0.22992391884326935
4.5234375,3754.0,0.22997674345970154
4.5234375,3756.0,0.23002956807613373
4.5234375,3756.0,0.23008239269256592
4.5234375,3758.0,0.2301352173089981
4.5234375,3758.0,0.2301880419254303
4.5234375,3760.0,0.2302408665418625
4.52734375,3760.0,0.23029369115829468
4.52734375,3762.0,0.23034651577472687
4.52734375,3762.0,0.23039934039115906
4.52734375,3764.0,0.23045216500759125
4.52734375,3764.0,0.23050498962402344
4.52734375,3766.0,0.23055781424045563
4.52734375,3766.0,0.23061063885688782
4.52734375,3768.0,0.23066346347332
4.52734375,3768.0,0.2307162880897522
4.52734375,3770.0,0.2307691127061844
4.52734375,3770.0,0.23082193732261658
4.52734375,3772.0,0.23087476193904877
4.52734375,3772.0,0.23092758655548096
4.52734375,3774.0,0.23098041117191315
4.52734375,3774.0,0.23103323578834534
4.52734375,3776.0,0.23108606040477753
4.52734375,3776.0,0.23113888502120972
4.52734375,3778.0,0.2311917096376419
4.52734375,3778.0,0.2312445342540741
4.52734375,3780.0,0.2312973588705063
4.52734375,3780.0,0.23135018348693848
4.52734375,3782.0,0.23140300810337067
4.52734375,3782.0,0.23145583271980286
4.52734375,3784.0,0.23150865733623505
4.52734375,3784.0,0.23156148195266724
4.53125,3786.0,0.23161430656909943
4.53125,3786.0,0.23166713118553162
4.53125,3788.0,0.2317199558019638
4.53125,3788.0,0.231772780418396
4.53125,3790.0,0.23182560503482819
4.53125,3790.0,0.23187842965126038
4.53125,3792.0,0.23193125426769257
4.53125,3792.0,0.23198407888412476
4.53125,3794.0,0.23203690350055695
4.53125,3794.0,0.23208972811698914
4.53125,3796.0,0.23214255273342133
4.53125,3796.0,0.23219537734985352
4.53125,3798.0,0.2322482019662857
4.53125,3798.0,0.2323010265827179
4.53125,3800.0,0.23235385119915009
4.53125,3800.0,0.23240667581558228
4.53125,3802.0,0.23245950043201447
4.53515625,3802.0,0.23251232504844666
4.53515625,3804.0,0.23256514966487885
4.53515625,3804.0,0.23261797428131104
4.53515625,3804.0,0.23267079889774323
4.53515625,3806.0,0.23272362351417542
4.53515625,3806.0,0.2327764481306076
4.53515625,3808.0,0.2328292727470398
4.53515625,3808.0,0.23288209736347198
4.53515625,3810.0,0.23293492197990417
4.53515625,3810.0,0.23298774659633636
4.53515625,3812.0,0.23304057121276855
4.53515625,3812.0,0.23309339582920074
4.53515625,3814.0,0.23314622044563293
4.53515625,3814.0,0.23319904506206512
4.53515625,3816.0,0.23325186967849731
4.53515625,3816.0,0.2333046942949295
4.53515625,3818.0,0.2333575189113617
4.53515625,3818.0,0.23341034352779388
4.53515625,3820.0,0.23346316814422607
4.5390625,3820.0,0.23351599276065826
4.5390625,3822.0,0.23356881737709045
4.5390625,3822.0,0.23362164199352264
4.5390625,3824.0,0.23367446660995483
4.5390625,3824.0,0.23372729122638702
4.5390625,3826.0,0.2337801158428192
4.5390625,3826.0,0.2338329404592514
4.5390625,3828.0,0.2338857650756836
4.5390625,3828.0,0.23393858969211578
4.5390625,3830.0,0.23399141430854797
4.5390625,3830.0,0.23404423892498016
4.5390625,3832.0,0.23409706354141235
4.5390625,3832.0,0.23414988815784454
4.5390625,3834.0,0.23420271277427673
4.5390625,3834.0,0.23425553739070892
4.5390625,3836.0,0.2343083620071411
4.5390625,3836.0,0.2343611866235733
4.5390625,3838.0,0.2344140112400055
4.5390625,3838.0,0.23446683585643768
4.5390625,3840.0,0.23451966047286987
4.5390625,3840.0,0.23457248508930206
4.5390625,3842.0,0.23462530970573425
4.5390625,3842.0,0.23467813432216644
4.5390625,3844.0,0.23473095893859863
4.5390625,3844.0,0.23478378355503082
4.5390625,3846.0,0.234836608171463
4.5390625,3846.0,0.2348894327878952
4.5390625,3848.0,0.2349422574043274
4.5390625,3848.0,0.23499508202075958
4.5390625,3850.0,0.23504790663719177
4.5390625,3850.0,0.23510073125362396
4.5390625,3852.0,0.23515355587005615
4.5390625,3852.0,0.23520638048648834
4.5390625,3854.0,0.23525920510292053
4.5390625,3854.0,0.23531202971935272
4.5390625,3856.0,0.2353648543357849
4.5390625,3856.0,0.2354176789522171
4.5390625,3858.0,0.2354705035686493
4.5390625,3858.0,0.23552332818508148
4.5390625,3860.0,0.23557615280151367
4.5390625,3860.0,0.23562897741794586
4.5390625,3860.0,0.23568180203437805
4.5390625,3862.0,0.23573462665081024
4.5390625,3862.0,0.23578745126724243
4.5390625,3864.0,0.23584027588367462
4.5390625,3864.0,0.2358931005001068
4.53515625,3866.0,0.235945925116539
4.53515625,3866.0,0.2359987497329712
4.53515625,3868.0,0.23605157434940338
4.53515625,3868.0,0.23610439896583557
4.53515625,3870.0,0.23615722358226776
4.53515625,3870.0,0.23621004819869995
4.53515625,3872.0,0.23626287281513214
4.53515625,3872.0,0.23631569743156433
4.53515625,3874.0,0.23636852204799652
4.53125,3874.0,0.2364213466644287
4.53125,3876.0,0.2364741712808609
4.53125,3876.0,0.2365269958972931
4.53125,3878.0,0.23657982051372528
4.53125,3878.0,0.23663264513015747
4.53125,3880.0,0.23668546974658966
4.53125,3880.0,0.23673829436302185
4.52734375,3882.0,0.23679111897945404
4.52734375,3882.0,0.23684394359588623
4.52734375,3884.0,0.23689676821231842
4.52734375,3884.0,0.2369495928287506
4.52734375,3886.0,0.2370024174451828
4.5234375,3886.0,0.237055242061615
4.5234375,3888.0,0.23710806667804718
4.5234375,3888.0,0.23716089129447937
4.5234375,3890.0,0.23721371591091156
4.51953125,3890.0,0.23726654052734375
4.51953125,3892.0,0.23731936514377594
4.51953125,3892.0,0.23737218976020813
4.51953125,3894.0,0.23742501437664032
4.51953125,3894.0,0.2374778389930725
4.515625,3896.0,0.2375306636095047
4.515625,3896.0,0.2375834882259369
4.515625,3898.0,0.23763631284236908
4.515625,3898.0,0.23768913745880127
4.51171875,3900.0,0.23774196207523346
4.51171875,3900.0,0.23779478669166565
4.51171875,3902.0,0.23784761130809784
4.5078125,3902.0,0.23790043592453003
4.5078125,3904.0,0.23795326054096222
4.5078125,3904.0,0.2380060851573944
4.5078125,3906.0,0.2380589097738266
4.50390625,3906.0,0.2381117343902588
4.50390625,3908.0,0.23816455900669098
4.50390625,3908.0,0.23821738362312317
4.50390625,3910.0,0.23827020823955536
4.5,3910.0,0.23832303285598755
4.5,3912.0,0.23837585747241974
4.5,3912.0,0.23842868208885193
4.49609375,3914.0,0.23848150670528412
4.49609375,3914.0,0.2385343313217163
4.49609375,3916.0,0.2385871559381485
4.4921875,3916.0,0.2386399805545807
4.4921875,3918.0,0.23869280517101288
4.4921875,3918.0,0.23874562978744507
4.48828125,3918.0,0.23879845440387726
4.48828125,3920.0,0.23885127902030945
4.48828125,3920.0,0.23890410363674164
4.484375,3922.0,0.23895692825317383
4.484375,3922.0,0.23900975286960602
4.484375,3924.0,0.2390625774860382
4.48046875,3924.0,0.2391154021024704
4.48046875,3926.0,0.2391682267189026
4.48046875,3926.0,0.23922105133533478
4.4765625,3928.0,0.23927387595176697
4.4765625,3928.0,0.23932670056819916
4.4765625,3930.0,0.23937952518463135
4.47265625,3930.0,0.23943234980106354
4.47265625,3932.0,0.23948517441749573
4.47265625,3932.0,0.23953799903392792
4.46875,3934.0,0.2395908236503601
4.46875,3934.0,0.2396436482667923
4.46875,3936.0,0.2396964728832245
4.46484375,3936.0,0.23974929749965668
4.46484375,3938.0,0.23980212211608887
4.46484375,3938.0,0.23985494673252106
4.4609375,3940.0,0.23990777134895325
4.4609375,3940.0,0.23996059596538544
4.45703125,3942.0,0.24001342058181763
4.45703125,3942.0,0.24006624519824982
4.45703125,3944.0,0.240119069814682
4.453125,3944.0,0.2401718944311142
4.453125,3946.0,0.2402247190475464
4.453125,3946.0,0.24027754366397858
4.44921875,3948.0,0.24033036828041077
4.44921875,3948.0,0.24038319289684296
4.44921875,3950.0,0.24043601751327515
4.4453125,3950.0,0.24048884212970734
4.4453125,3952.0,0.24054166674613953
4.4453125,3952.0,0.24059449136257172
4.44140625,3954.0,0.2406473159790039
4.44140625,3954.0,0.2407001405954361
4.44140625,3956.0,0.2407529652118683
4.4375,3956.0,0.24080578982830048
4.4375,3958.0,0.24085861444473267
4.4375,3958.0,0.24091143906116486
4.43359375,3960.0,0.24096426367759705
4.43359375,3960.0,0.24101708829402924
4.43359375,3962.0,0.24106991291046143
4.4296875,3962.0,0.24112273752689362
4.4296875,3964.0,0.2411755621433258
4.4296875,3964.0,0.241228386759758
4.42578125,3966.0,0.24128121137619019
4.42578125,3966.0,0.24133403599262238
4.42578125,3968.0,0.24138686060905457
4.421875,3968.0,0.24143968522548676
4.421875,3970.0,0.24149250984191895
4.421875,3970.0,0.24154533445835114
4.41796875,3972.0,0.24159815907478333
4.41796875,3972.0,0.24165098369121552
4.41796875,3974.0,0.2417038083076477
4.4140625,3974.0,0.2417566329240799
4.4140625,3976.0,0.24180945754051208
4.4140625,3976.0,0.24186228215694427
4.41015625,3978.0,0.24191510677337646
4.41015625,3978.0,0.24196793138980865
4.41015625,3980.0,0.24202075600624084
4.40625,3980.0,0.24207358062267303
4.40625,3982.0,0.24212640523910522
4.40625,3982.0,0.24217922985553741
4.40234375,3982.0,0.2422320544719696
4.40234375,3984.0,0.2422848790884018
4.40234375,3984.0,0.24233770370483398
4.3984375,3986.0,0.24239052832126617
4.3984375,3986.0,0.24244335293769836
4.3984375,3988.0,0.24249617755413055
4.39453125,3988.0,0.24254900217056274
4.39453125,3990.0,0.24260182678699493
4.39453125,3990.0,0.24265465140342712
4.390625,3992.0,0.24270747601985931
4.390625,3992.0,0.2427603006362915
4.390625,3994.0,0.2428131252527237
4.38671875,3994.0,0.24286594986915588
4.38671875,3996.0,0.24291877448558807
4.38671875,3996.0,0.24297159910202026
4.3828125,3998.0,0.24302442371845245
4.3828125,3998.0,0.24307724833488464
4.3828125,4000.0,0.24313007295131683
4.37890625,4000.0,0.24318289756774902
4.37890625,4002.0,0.2432357221841812
4.37890625,4002.0,0.2432885468006134
4.375,4004.0,0.2433413714170456
4.375,4004.0,0.24339419603347778
4.375,4006.0,0.24344702064990997
4.37109375,4006.0,0.24349984526634216
4.37109375,4008.0,0.24355266988277435
4.37109375,4008.0,0.24360549449920654
4.3671875,4010.0,0.24365831911563873
4.3671875,4010.0,0.24371114373207092
4.3671875,4012.0,0.2437639683485031
4.36328125,4012.0,0.2438167929649353
4.36328125,4014.0,0.2438696175813675
4.36328125,4014.0,0.24392244219779968
4.359375,4016.0,0.24397526681423187
4.359375,4016.0,0.24402809143066406
4.359375,4018.0,0.24408091604709625
4.35546875,4018.0,0.24413374066352844
4.35546875,4020.0,0.24418656527996063
4.35546875,4020.0,0.24423938989639282
4.3515625,4022.0,0.244292214512825
4.3515625,4022.0,0.2443450391292572
4.3515625,4024.0,0.2443978637456894
4.34765625,4024.0,0.24445068836212158
4.34765625,4026.0,0.24450351297855377
4.34765625,4026.0,0.24455633759498596
4.34375,4028.0,0.24460916221141815
4.34375,4028.0,0.24466198682785034
4.34375,4030.0,0.24471481144428253
4.33984375,4030.0,0.24476763606071472
4.33984375,4032.0,0.2448204606771469
4.33984375,4032.0,0.2448732852935791
4.3359375,4034.0,0.2449261099100113
4.3359375,4034.0,0.24497893452644348
4.33203125,4036.0,0.24503175914287567
4.33203125,4036.0,0.24508458375930786
4.33203125,4038.0,0.24513740837574005
4.328125,4038.0,0.24519023299217224
4.328125,4040.0,0.24524305760860443
4.328125,4040.0,0.24529588222503662
4.32421875,4042.0,0.2453487068414688
4.32421875,4042.0,0.245401531457901
4.32421875,4044.0,0.2454543560743332
4.3203125,4044.0,0.24550718069076538
4.3203125,4046.0,0.24556000530719757
4.3203125,4046.0,0.24561282992362976
4.31640625,4048.0,0.24566565454006195
4.31640625,4048.0,0.24571847915649414
4.31640625,4050.0,0.24577130377292633
4.3125,4050.0,0.24582412838935852
4.3125,4052.0,0.2458769530057907
4.30859375,4052.0,0.2459297776222229
4.30859375,4052.0,0.2459826022386551
4.30859375,4054.0,0.24603542685508728
4.3046875,4054.0,0.24608825147151947
4.3046875,4056.0,0.24614107608795166
4.3046875,4056.0,0.24619390070438385
4.30078125,4058.0,0.24624672532081604
4.30078125,4058.0,0.24629954993724823
4.30078125,4060.0,0.24635237455368042
4.296875,4060.0,0.2464051991701126
4.296875,4062.0,0.2464580237865448
4.296875,4062.0,0.246510848402977
4.29296875,4064.0,0.24656367301940918
4.29296875,4064.0,0.24661649763584137
4.29296875,4066.0,0.24666932225227356
4.2890625,4066.0,0.24672214686870575
4.2890625,4068.0,0.24677497148513794
4.2890625,4068.0,0.24682779610157013
4.2890625,4070.0,0.24688062071800232
4.28515625,4070.0,0.2469334453344345
4.28515625,4072.0,0.2469862699508667
4.28515625,4072.0,0.2470390945672989
4.28125,4074.0,0.24709191918373108
4.28125,4074.0,0.24714474380016327
4.28125,4076.0,0.24719756841659546
4.27734375,4076.0,0.24725039303302765
4.27734375,4078.0,0.24730321764945984
4.27734375,4078.0,0.24735604226589203
4.27734375,4080.0,0.24740886688232422
4.2734375,4080.0,0.2474616914987564
4.2734375,4082.0,0.2475145161151886
4.2734375,4082.0,0.2475673407316208
4.26953125,4084.0,0.24762016534805298
4.26953125,4084.0,0.24767298996448517
4.26953125,4086.0,0.24772581458091736
4.26953125,4086.0,0.24777863919734955
4.265625,4088.0,0.24783146381378174
4.265625,4088.0,0.24788428843021393
4.265625,4090.0,0.24793711304664612
4.265625,4090.0,0.2479899376630783
4.26171875,4092.0,0.2480427622795105
4.26171875,4092.0,0.2480955868959427
4.26171875,4094.0,0.24814841151237488
4.26171875,4094.0,0.24820123612880707
4.2578125,4096.0,0.24825406074523926
4.2578125,4096.0,0.24830688536167145
4.2578125,4096.0,0.24835970997810364
4.2578125,4096.0,0.24841253459453583
4.25390625,4100.0,0.24846535921096802
4.25390625,4100.0,0.2485181838274002
4.25390625,4100.0,0.2485710084438324
4.25390625,4100.0,0.2486238330602646
4.25390625,4104.0,0.24867665767669678
4.25390625,4104.0,0.24872948229312897
4.25,4104.0,0.24878230690956116
4.25,4104.0,0.24883513152599335
4.25,4108.0,0.24888795614242554
4.25,4108.0,0.24894078075885773
4.25,4108.0,0.24899360537528992
4.24609375,4108.0,0.2490464299917221
4.24609375,4112.0,0.2490992546081543
4.24609375,4112.0,0.2491520792245865
4.24609375,4112.0,0.24920490384101868
4.24609375,4112.0,0.24925772845745087
4.24609375,4116.0,0.24931055307388306
4.24609375,4116.0,0.24936337769031525
4.2421875,4116.0,0.24941620230674744
4.2421875,4116.0,0.24946902692317963
4.2421875,4120.0,0.24952185153961182
4.2421875,4120.0,0.249574676156044
4.2421875,4120.0,0.2496275007724762
4.2421875,4120.0,0.2496803253889084
4.2421875,4124.0,0.24973315000534058
4.2421875,4124.0,0.24978597462177277
4.2421875,4124.0,0.24983879923820496
4.2421875,4124.0,0.24989162385463715
4.23828125,4128.0,0.24994444847106934
4.23828125,4128.0,0.24999727308750153
4.23828125,4128.0,0.2500501573085785
4.23828125,4128.0,0.25010305643081665
4.23828125,4132.0,0.2501559555530548
4.23828125,4132.0,0.25020885467529297
4.23828125,4132.0,0.25026175379753113
4.23828125,4132.0,0.2503146529197693
4.23828125,4136.0,0.25036755204200745
4.23828125,4136.0,0.2504204511642456
4.23828125,4136.0,0.25047335028648376
4.23828125,4136.0,0.2505262494087219
4.23828125,4140.0,0.2505791485309601
4.23828125,4140.0,0.25063204765319824
4.234375,4140.0,0.2506849467754364
4.234375,4140.0,0.25073784589767456
4.234375,4140.0,0.2507907450199127
4.234375,4144.0,0.2508436441421509
4.234375,4144.0,0.25089654326438904
4.234375,4144.0,0.2509494423866272
4.234375,4144.0,0.25100234150886536
4.234375,4148.0,0.2510552406311035
4.234375,4148.0,0.2511081397533417
4.234375,4148.0,0.25116103887557983
4.234375,4148.0,0.251213937997818
4.234375,4152.0,0.25126683712005615
4.234375,4152.0,0.2513197362422943
4.234375,4152.0,0.25137263536453247
4.234375,4152.0,0.25142553448677063
4.234375,4156.0,0.2514784336090088
4.234375,4156.0,0.25153133273124695
4.234375,4156.0,0.2515842318534851
4.234375,4156.0,0.25163713097572327
4.234375,4160.0,0.2516900300979614
4.234375,4160.0,0.2517429292201996
4.234375,4160.0,0.25179582834243774
4.234375,4160.0,0.2518487274646759
4.234375,4164.0,0.25190162658691406
4.234375,4164.0,0.2519545257091522
4.234375,4164.0,0.2520074248313904
4.23828125,4164.0,0.25206032395362854
4.23828125,4168.0,0.2521132230758667
4.23828125,4168.0,0.25216612219810486
4.23828125,4168.0,0.252219021320343
4.23828125,4168.0,0.2522719204425812
4.23828125,4172.0,0.25232481956481934
4.23828125,4172.0,0.2523777186870575
4.23828125,4172.0,0.25243061780929565
4.23828125,4172.0,0.2524835169315338
4.23828125,4176.0,0.252536416053772
4.23828125,4176.0,0.25258931517601013
4.23828125,4176.0,0.2526422142982483
4.23828125,4176.0,0.25269511342048645
4.23828125,4180.0,0.2527480125427246
4.23828125,4180.0,0.25280091166496277
4.2421875,4180.0,0.2528538107872009
4.2421875,4180.0,0.2529067099094391
4.2421875,4184.0,0.25295960903167725
4.2421875,4184.0,0.2530125081539154
4.2421875,4184.0,0.25306540727615356
4.2421875,4184.0,0.2531183063983917
4.2421875,4188.0,0.2531712055206299
4.2421875,4188.0,0.25322410464286804
4.2421875,4188.0,0.2532770037651062
4.2421875,4188.0,0.25332990288734436
4.24609375,4192.0,0.2533828020095825
4.24609375,4192.0,0.2534357011318207
4.24609375,4192.0,0.25348860025405884
4.24609375,4192.0,0.253541499376297
4.24609375,4196.0,0.25359439849853516
4.24609375,4196.0,0.2536472976207733
4.24609375,4196.0,0.2537001967430115
4.24609375,4196.0,0.25375309586524963
4.24609375,4200.0,0.2538059949874878
4.25,4200.0,0.25385889410972595
4.25,4200.0,0.2539117932319641
4.25,4200.0,0.25396469235420227
4.25,4204.0,0.25401759147644043
4.25,4204.0,0.2540704905986786
4.25,4204.0,0.25412338972091675
4.25,4204.0,0.2541762888431549
4.25,4208.0,0.25422918796539307
4.25390625,4208.0,0.2542820870876312
4.25390625,4208.0,0.2543349862098694
4.25390625,4208.0,0.25438788533210754
4.25390625,4212.0,0.2544407844543457
4.25390625,4212.0,0.25449368357658386
4.25390625,4212.0,0.254546582698822
4.25390625,4212.0,0.2545994818210602
4.25390625,4216.0,0.25465238094329834
4.2578125,4216.0,0.2547052800655365
4.2578125,4216.0,0.25475817918777466
4.2578125,4216.0,0.2548110783100128
4.2578125,4220.0,0.254863977432251
4.2578125,4220.0,0.25491687655448914
4.2578125,4220.0,0.2549697756767273
4.2578125,4220.0,0.25502267479896545
4.26171875,4224.0,0.2550755739212036
4.26171875,4224.0,0.2551284730434418
4.26171875,4224.0,0.25518137216567993
4.26171875,4224.0,0.2552342712879181
4.26171875,4228.0,0.25528717041015625
4.26171875,4228.0,0.2553400695323944
4.26171875,4228.0,0.25539296865463257
4.26171875,4228.0,0.2554458677768707
4.265625,4232.0,0.2554987668991089
4.265625,4232.0,0.25555166602134705
4.265625,4232.0,0.2556045651435852
4.265625,4232.0,0.25565746426582336
4.265625,4236.0,0.2557103633880615
4.265625,4236.0,0.2557632625102997
4.265625,4236.0,0.25581616163253784
4.26953125,4236.0,0.255869060754776
4.26953125,4236.0,0.25592195987701416
4.26953125,4240.0,0.2559748589992523
4.26953125,4240.0,0.2560277581214905
4.26953125,4240.0,0.25608065724372864
4.26953125,4240.0,0.2561335563659668
4.26953125,4244.0,0.25618645548820496
4.2734375,4244.0,0.2562393546104431
4.2734375,4244.0,0.2562922537326813
4.2734375,4244.0,0.25634515285491943
4.2734375,4248.0,0.2563980519771576
4.2734375,4248.0,0.25645095109939575
4.2734375,4248.0,0.2565038502216339
4.27734375,4248.0,0.25655674934387207
4.27734375,4252.0,0.25660964846611023
4.27734375,4252.0,0.2566625475883484
4.27734375,4252.0,0.25671544671058655
4.27734375,4252.0,0.2567683458328247
4.27734375,4256.0,0.25682124495506287
4.27734375,4256.0,0.256874144077301
4.28125,4256.0,0.2569270431995392
4.28125,4256.0,0.25697994232177734
4.28125,4260.0,0.2570328414440155
4.28125,4260.0,0.25708574056625366
4.28125,4260.0,0.2571386396884918
4.28125,4260.0,0.25719153881073
4.28125,4264.0,0.25724443793296814
4.28515625,4264.0,0.2572973370552063
4.28515625,4264.0,0.25735023617744446
4.28515625,4264.0,0.2574031352996826
4.28515625,4268.0,0.2574560344219208
4.28515625,4268.0,0.25750893354415894
4.28515625,4268.0,0.2575618326663971
4.28515625,4268.0,0.25761473178863525
4.2890625,4272.0,0.2576676309108734
4.2890625,4272.0,0.2577205300331116
4.2890625,4272.0,0.25777342915534973
4.2890625,4272.0,0.2578263282775879
4.2890625,4276.0,0.25787922739982605
4.2890625,4276.0,0.2579321265220642
4.2890625,4276.0,0.25798502564430237
4.2890625,4276.0,0.2580379247665405
4.2890625,4280.0,0.2580908238887787
4.29296875,4280.0,0.25814372301101685
4.29296875,4280.0,0.258196622133255
4.29296875,4280.0,0.25824952125549316
4.29296875,4284.0,0.2583024203777313
4.29296875,4284.0,0.2583553194999695
4.29296875,4284.0,0.25840821862220764
4.29296875,4284.0,0.2584611177444458
4.29296875,4288.0,0.25851401686668396
4.29296875,4288.0,0.2585669159889221
4.296875,4288.0,0.2586198151111603
4.296875,4288.0,0.25867271423339844
4.296875,4292.0,0.2587256133556366
4.296875,4292.0,0.25877851247787476
4.296875,4292.0,0.2588314116001129
4.296875,4292.0,0.2588843107223511
4.296875,4296.0,0.25893720984458923
4.296875,4296.0,0.2589901089668274
4.296875,4296.0,0.25904300808906555
4.30078125,4296.0,0.2590959072113037
4.30078125,4300.0,0.25914880633354187
4.30078125,4300.0,0.25920170545578003
4.30078125,4300.0,0.2592546045780182
4.30078125,4300.0,0.25930750370025635
4.30078125,4304.0,0.2593604028224945
4.30078125,4304.0,0.25941330194473267
4.30078125,4304.0,0.2594662010669708
4.30078125,4304.0,0.259519100189209
4.30078125,4308.0,0.25957199931144714
4.3046875,4308.0,0.2596248984336853
4.3046875,4308.0,0.25967779755592346
4.3046875,4308.0,0.2597306966781616
4.3046875,4312.0,0.2597835958003998
4.3046875,4312.0,0.25983649492263794
4.3046875,4312.0,0.2598893940448761
4.3046875,4312.0,0.25994229316711426
4.3046875,4316.0,0.2599951922893524
4.3046875,4316.0,0.2600480914115906
4.3046875,4316.0,0.26010099053382874
4.3046875,4316.0,0.2601538896560669
4.30859375,4320.0,0.26020678877830505
4.30859375,4320.0,0.2602596879005432
4.30859375,4320.0,0.26031258702278137
4.30859375,4320.0,0.26036548614501953
4.30859375,4324.0,0.2604183852672577
4.30859375,4324.0,0.26047128438949585
4.30859375,4324.0,0.260524183511734
4.30859375,4324.0,0.26057708263397217
4.30859375,4328.0,0.2606299817562103
4.30859375,4328.0,0.2606828808784485
4.30859375,4328.0,0.26073578000068665
4.30859375,4328.0,0.2607886791229248
4.30859375,4332.0,0.26084157824516296
4.30859375,4332.0,0.2608944773674011
4.30859375,4332.0,0.2609473764896393
4.3125,4332.0,0.26100027561187744
4.3125,4336.0,0.2610531747341156
4.3125,4336.0,0.26110607385635376
4.3125,4336.0,0.2611589729785919
4.3125,4336.0,0.2612118721008301
4.3125,4340.0,0.26126477122306824
4.3125,4340.0,0.2613176703453064
4.3125,4340.0,0.26137056946754456
4.3125,4340.0,0.2614234685897827
4.3125,4344.0,0.2614763677120209
4.3125,4344.0,0.26152926683425903
4.3125,4344.0,0.2615821659564972
4.3125,4344.0,0.26163506507873535
4.3125,4348.0,0.2616879642009735
4.3125,4348.0,0.26174086332321167
4.3125,4348.0,0.26179376244544983
4.3125,4348.0,0.261846661567688
4.3125,4352.0,0.26189956068992615
4.3125,4352.0,0.2619524598121643
4.3125,4352.0,0.26200535893440247
4.3125,4352.0,0.2620582580566406
4.3125,4352.0,0.2621111571788788
4.3125,4356.0,0.26216405630111694
4.3125,4356.0,0.2622169554233551
4.3125,4356.0,0.26226985454559326
4.3125,4356.0,0.2623227536678314
4.3125,4360.0,0.2623756527900696
4.3125,4360.0,0.26242855191230774
4.3125,4360.0,0.2624814510345459
4.3125,4360.0,0.26253435015678406
4.3125,4364.0,0.2625872492790222
4.3125,4364.0,0.2626401484012604
4.3125,4364.0,0.26269304752349854
4.3125,4364.0,0.2627459466457367
4.3125,4368.0,0.26279884576797485
4.3125,4368.0,0.262851744890213
4.3125,4368.0,0.26290464401245117
4.31640625,4368.0,0.26295754313468933
4.31640625,4372.0,0.2630104422569275
4.31640625,4372.0,0.26306334137916565
4.31640625,4372.0,0.2631162405014038
4.31640625,4372.0,0.26316913962364197
4.31640625,4376.0,0.2632220387458801
4.31640625,4376.0,0.2632749378681183
4.31640625,4376.0,0.26332783699035645
4.31640625,4376.0,0.2633807361125946
4.31640625,4380.0,0.26343363523483276
4.31640625,4380.0,0.2634865343570709
4.31640625,4380.0,0.2635394334793091
4.31640625,4380.0,0.26359233260154724
4.31640625,4384.0,0.2636452317237854
4.3203125,4384.0,0.26369813084602356
4.3203125,4384.0,0.2637510299682617
4.3203125,4384.0,0.2638039290904999
4.3203125,4388.0,0.26385682821273804
4.3203125,4388.0,0.2639097273349762
4.3203125,4388.0,0.26396262645721436
4.3203125,4388.0,0.2640155255794525
4.3203125,4392.0,0.2640684247016907
4.3203125,4392.0,0.26412132382392883
4.32421875,4392.0,0.264174222946167
4.32421875,4392.0,0.26422712206840515
4.32421875,4396.0,0.2642800211906433
4.32421875,4396.0,0.26433292031288147
4.32421875,4396.0,0.26438581943511963
4.32421875,4396.0,0.2644387185573578
4.32421875,4400.0,0.26449161767959595
4.32421875,4400.0,0.2645445168018341
4.328125,4400.0,0.26459741592407227
4.328125,4400.0,0.2646503150463104
4.328125,4404.0,0.2647032141685486
4.328125,4404.0,0.26475611329078674
4.328125,4404.0,0.2648090124130249
4.328125,4404.0,0.26486191153526306
4.328125,4408.0,0.2649148106575012
4.328125,4408.0,0.2649677097797394
4.33203125,4408.0,0.26502060890197754
4.33203125,4408.0,0.2650735080242157
4.33203125,4412.0,0.26512640714645386
4.33203125,4412.0,0.265179306268692
4.33203125,4412.0,0.2652322053909302
4.33203125,4412.0,0.26528510451316833
4.33203125,4416.0,0.2653380036354065
4.33203125,4416.0,0.26539090275764465
4.33203125,4416.0,0.2654438018798828
4.3359375,4416.0,0.26549670100212097
4.3359375,4420.0,0.26554960012435913
4.3359375,4420.0,0.2656024992465973
4.3359375,4420.0,0.26565539836883545
4.3359375,4420.0,0.2657082974910736
4.3359375,4424.0,0.26576119661331177
4.3359375,4424.0,0.2658140957355499
4.3359375,4424.0,0.2658669948577881
4.3359375,4424.0,0.26591989398002625
4.33984375,4428.0,0.2659727931022644
4.33984375,4428.0,0.26602569222450256
4.33984375,4428.0,0.2660785913467407
4.33984375,4428.0,0.2661314904689789
4.33984375,4432.0,0.26618438959121704
4.33984375,4432.0,0.2662372887134552
4.33984375,4432.0,0.26629018783569336
4.33984375,4432.0,0.2663430869579315
4.33984375,4436.0,0.2663959860801697
4.33984375,4436.0,0.26644888520240784
4.34375,4436.0,0.266501784324646
4.34375,4436.0,0.26655468344688416
4.34375,4440.0,0.2666075825691223
4.34375,4440.0,0.2666604816913605
4.34375,4440.0,0.26671338081359863
4.34375,4440.0,0.2667662799358368
4.34375,4444.0,0.26681917905807495
4.34375,4444.0,0.2668720781803131
4.34375,4444.0,0.26692497730255127
4.34765625,4444.0,0.26697787642478943
4.34765625,4448.0,0.2670307755470276
4.34765625,4448.0,0.26708367466926575
4.34765625,4448.0,0.2671365737915039
4.34765625,4448.0,0.26718947291374207
4.34765625,4452.0,0.2672423720359802
4.34765625,4452.0,0.2672952711582184
4.34765625,4452.0,0.26734817028045654
4.3515625,4452.0,0.2674010694026947
4.3515625,4456.0,0.26745396852493286
4.3515625,4456.0,0.267506867647171
4.3515625,4456.0,0.2675597667694092
4.3515625,4456.0,0.26761266589164734
4.3515625,4460.0,0.2676655650138855
4.3515625,4460.0,0.26771846413612366
4.3515625,4460.0,0.2677713632583618
4.35546875,4460.0,0.2678242623806
4.35546875,4464.0,0.26787716150283813
4.35546875,4464.0,0.2679300606250763
4.35546875,4464.0,0.26798295974731445
4.35546875,4464.0,0.2680358588695526
4.35546875,4468.0,0.26808875799179077
4.35546875,4468.0,0.26814165711402893
4.35546875,4468.0,0.2681945562362671
4.359375,4468.0,0.26824745535850525
4.359375,4472.0,0.2683003544807434
4.359375,4472.0,0.26835325360298157
4.359375,4472.0,0.2684061527252197
4.359375,4472.0,0.2684590518474579
4.359375,4476.0,0.26851195096969604
4.359375,4476.0,0.2685648500919342
4.359375,4476.0,0.26861774921417236
4.36328125,4476.0,0.2686706483364105
4.36328125,4480.0,0.2687235474586487
4.36328125,4480.0,0.26877644658088684
4.36328125,4480.0,0.268829345703125
4.36328125,4480.0,0.26888224482536316
4.36328125,4484.0,0.2689351439476013
4.36328125,4484.0,0.2689880430698395
4.36328125,4484.0,0.26904094219207764
4.36328125,4484.0,0.2690938413143158
4.36328125,4488.0,0.26914674043655396
4.3671875,4488.0,0.2691996395587921
4.3671875,4488.0,0.2692525386810303
4.3671875,4488.0,0.26930543780326843
4.3671875,4492.0,0.2693583369255066
4.3671875,4492.0,0.26941123604774475
4.3671875,4492.0,0.2694641351699829
4.3671875,4492.0,0.26951703429222107
4.3671875,4496.0,0.26956993341445923
4.3671875,4496.0,0.2696228325366974
4.3671875,4496.0,0.26967573165893555
4.3671875,4496.0,0.2697286307811737
4.3671875,4500.0,0.26978152990341187
4.37109375,4500.0,0.26983442902565
4.37109375,4500.0,0.2698873281478882
4.37109375,4500.0,0.26994022727012634
4.37109375,4504.0,0.2699931263923645
4.37109375,4504.0,0.27004602551460266
4.37109375,4504.0,0.2700989246368408
4.37109375,4504.0,0.270151823759079
4.37109375,4508.0,0.27020472288131714
4.37109375,4508.0,0.2702576220035553
4.37109375,4508.0,0.27031052112579346
4.37109375,4508.0,0.2703634202480316
4.37109375,4512.0,0.2704163193702698
4.37109375,4512.0,0.27046921849250793
4.37109375,4512.0,0.2705221176147461
4.37109375,4512.0,0.27057501673698425
4.37109375,4516.0,0.2706279158592224
4.37109375,4516.0,0.27068081498146057
4.375,4516.0,0.27073371410369873
4.375,4516.0,0.2707866132259369
4.375,4520.0,0.27083951234817505
4.375,4520.0,0.2708924114704132
4.375,4520.0,0.27094531059265137
4.375,4520.0,0.2709982097148895
4.375,4520.0,0.2710511088371277
4.375,4524.0,0.27110400795936584
4.375,4524.0,0.271156907081604
4.375,4524.0,0.27120980620384216
4.375,4524.0,0.2712627053260803
4.375,4528.0,0.2713156044483185
4.375,4528.0,0.27136850357055664
4.375,4528.0,0.2714214026927948
4.375,4528.0,0.27147430181503296
4.375,4532.0,0.2715272009372711
4.375,4532.0,0.2715801000595093
4.375,4532.0,0.27163299918174744
4.375,4532.0,0.2716858983039856
4.375,4536.0,0.27173879742622375
4.375,4536.0,0.2717916965484619
4.375,4536.0,0.2718445956707001
4.375,4536.0,0.27189749479293823
4.375,4540.0,0.2719503939151764
4.37890625,4540.0,0.27200329303741455
4.37890625,4540.0,0.2720561921596527
4.37890625,4540.0,0.27210909128189087
4.37890625,4544.0,0.27216199040412903
4.37890625,4544.0,0.2722148895263672
4.37890625,4544.0,0.27226778864860535
4.37890625,4544.0,0.2723206877708435
4.37890625,4548.0,0.27237358689308167
4.37890625,4548.0,0.2724264860153198
4.37890625,4548.0,0.272479385137558
4.37890625,4548.0,0.27253228425979614
4.37890625,4552.0,0.2725851833820343
4.37890625,4552.0,0.27263808250427246
4.37890625,4552.0,0.2726909816265106
4.37890625,4552.0,0.2727438807487488
4.37890625,4556.0,0.27279677987098694
4.37890625,4556.0,0.2728496789932251
4.37890625,4556.0,0.27290257811546326
4.37890625,4556.0,0.2729554772377014
4.37890625,4560.0,0.2730083763599396
4.37890625,4560.0,0.27306127548217773
4.37890625,4560.0,0.2731141746044159
4.37890625,4560.0,0.27316707372665405
4.37890625,4564.0,0.2732199728488922
4.37890625,4564.0,0.27327287197113037
4.37890625,4564.0,0.27332577109336853
4.37890625,4564.0,0.2733786702156067
4.37890625,4568.0,0.27343156933784485
4.37890625,4568.0,0.273484468460083
4.37890625,4568.0,0.27353736758232117
4.37890625,4568.0,0.2735902667045593
4.37890625,4572.0,0.2736431658267975
4.37890625,4572.0,0.27369606494903564
4.37890625,4572.0,0.2737489640712738
4.37890625,4572.0,0.27380186319351196
4.37890625,4576.0,0.2738547623157501
4.37890625,4576.0,0.2739076614379883
4.37890625,4576.0,0.27396056056022644
4.37890625,4576.0,0.2740134596824646
4.3828125,4580.0,0.27406635880470276
4.3828125,4580.0,0.2741192579269409
4.3828125,4580.0,0.2741721570491791
4.3828125,4580.0,0.27422505617141724
4.3828125,4584.0,0.2742779552936554
4.3828125,4584.0,0.27433085441589355
4.3828125,4584.0,0.2743837535381317
4.3828125,4584.0,0.2744366526603699
4.3828125,4588.0,0.27448955178260803
4.3828125,4588.0,0.2745424509048462
4.3828125,4588.0,0.27459535002708435
4.3828125,4588.0,0.2746482491493225
4.3828125,4592.0,0.27470114827156067
4.3828125,4592.0,0.27475404739379883
4.3828125,4592.0,0.274806946516037
4.3828125,4592.0,0.27485984563827515
4.38671875,4596.0,0.2749127447605133
4.38671875,4596.0,0.27496564388275146
4.38671875,4596.0,0.2750185430049896
4.38671875,4596.0,0.2750714421272278
4.38671875,4600.0,0.27512434124946594
4.38671875,4600.0,0.2751772403717041
4.38671875,4600.0,0.27523013949394226
4.38671875,4600.0,0.2752830386161804
4.38671875,4604.0,0.2753359377384186
4.38671875,4604.0,0.27538883686065674
4.38671875,4604.0,0.2754417359828949
4.38671875,4604.0,0.27549463510513306
4.390625,4608.0,0.2755475342273712
4.390625,4608.0,0.2756004333496094
4.390625,4608.0,0.27565333247184753
4.390625,4608.0,0.2757062315940857
4.390625,4612.0,0.27575913071632385
4.390625,4612.0,0.275812029838562
4.390625,4612.0,0.27586492896080017
4.390625,4612.0,0.27591782808303833
4.390625,4616.0,0.2759707272052765
4.390625,4616.0,0.27602362632751465
4.39453125,4616.0,0.2760765254497528
4.39453125,4616.0,0.27612942457199097
4.39453125,4620.0,0.2761823236942291
4.39453125,4620.0,0.2762352228164673
4.39453125,4620.0,0.27628812193870544
4.39453125,4620.0,0.2763410210609436
4.39453125,4624.0,0.27639392018318176
4.39453125,4624.0,0.2764468193054199
4.39453125,4624.0,0.2764997184276581
4.3984375,4624.0,0.27655261754989624
4.3984375,4628.0,0.2766055166721344
4.3984375,4628.0,0.27665841579437256
4.3984375,4628.0,0.2767113149166107
4.3984375,4628.0,0.2767642140388489
4.3984375,4632.0,0.27681711316108704
4.3984375,4632.0,0.2768700122833252
4.3984375,4632.0,0.27692291140556335
4.3984375,4632.0,0.2769758105278015
4.3984375,4636.0,0.2770287096500397
4.40234375,4636.0,0.27708160877227783
4.40234375,4636.0,0.277134507894516
4.40234375,4636.0,0.27718740701675415
4.40234375,4640.0,0.2772403061389923
4.40234375,4640.0,0.27729320526123047
4.40234375,4640.0,0.27734610438346863
4.40234375,4640.0,0.2773990035057068
4.40234375,4644.0,0.27745190262794495
4.40234375,4644.0,0.2775048017501831
4.40625,4644.0,0.27755770087242126
4.40625,4644.0,0.2776105999946594
4.40625,4648.0,0.2776634991168976
4.40625,4648.0,0.27771639823913574
4.40625,4648.0,0.2777692973613739
4.40625,4648.0,0.27782219648361206
4.40625,4652.0,0.2778750956058502
4.40625,4652.0,0.2779279947280884
4.41015625,4652.0,0.27798089385032654
4.41015625,4652.0,0.2780337929725647
4.41015625,4656.0,0.27808669209480286
4.41015625,4656.0,0.278139591217041
4.41015625,4656.0,0.2781924903392792
4.41015625,4656.0,0.27824538946151733
4.41015625,4660.0,0.2782982885837555
4.41015625,4660.0,0.27835118770599365
4.4140625,4660.0,0.2784040868282318
4.4140625,4660.0,0.27845698595046997
4.4140625,4664.0,0.27850988507270813
4.4140625,4664.0,0.2785627841949463
4.4140625,4664.0,0.27861568331718445
4.4140625,4664.0,0.2786685824394226
4.4140625,4668.0,0.27872148156166077
4.4140625,4668.0,0.2787743806838989
4.41796875,4668.0,0.2788272798061371
4.41796875,4668.0,0.27888017892837524
4.41796875,4672.0,0.2789330780506134
4.41796875,4672.0,0.27898597717285156
4.41796875,4672.0,0.2790388762950897
4.41796875,4672.0,0.2790917754173279
4.41796875,4676.0,0.27914467453956604
4.41796875,4676.0,0.2791975736618042
4.41796875,4676.0,0.27925047278404236
4.421875,4676.0,0.2793033719062805
4.421875,4680.0,0.2793562710285187
4.421875,4680.0,0.27940917015075684
4.421875,4680.0,0.279462069272995
4.421875,4680.0,0.27951496839523315
4.421875,4684.0,0.2795678675174713
4.421875,4684.0,0.2796207666397095
4.421875,4684.0,0.27967366576194763
4.421875,4684.0,0.2797265648841858
4.42578125,4688.0,0.27977946400642395
4.42578125,4688.0,0.2798323631286621
4.42578125,4688.0,0.27988526225090027
4.42578125,4688.0,0.2799381613731384
4.42578125,4692.0,0.2799910604953766
4.42578125,4692.0,0.28004395961761475
4.42578125,4692.0,0.2800968587398529
4.42578125,4692.0,0.28014975786209106
4.4296875,4696.0,0.2802026569843292
4.4296875,4696.0,0.2802555561065674
4.4296875,4696.0,0.28030845522880554
4.4296875,4696.0,0.2803613543510437
4.4296875,4700.0,0.28041425347328186
4.4296875,4700.0,0.28046715259552
4.4296875,4700.0,0.2805200517177582
4.4296875,4700.0,0.28057295083999634
4.4296875,4704.0,0.2806258499622345
4.43359375,4704.0,0.28067874908447266
4.43359375,4704.0,0.2807316482067108
4.43359375,4704.0,0.280784547328949
4.43359375,4708.0,0.28083744645118713
4.43359375,4708.0,0.2808903455734253
4.43359375,4708.0,0.28094324469566345
4.43359375,4708.0,0.2809961438179016
4.43359375,4712.0,0.28104904294013977
4.43359375,4712.0,0.28110194206237793
4.4375,4712.0,0.2811548411846161
4.4375,4712.0,0.28120774030685425
4.4375,4716.0,0.2812606394290924
4.4375,4716.0,0.28131353855133057
4.4375,4716.0,0.2813664376735687
4.4375,4716.0,0.2814193367958069
4.4375,4720.0,0.28147223591804504
4.4375,4720.0,0.2815251350402832
4.44140625,4720.0,0.28157803416252136
4.44140625,4720.0,0.2816309332847595
4.44140625,4724.0,0.2816838324069977
4.44140625,4724.0,0.28173673152923584
4.44140625,4724.0,0.281789630651474
4.44140625,4724.0,0.28184252977371216
4.44140625,4728.0,0.2818954288959503
4.44140625,4728.0,0.2819483280181885
4.4453125,4728.0,0.28200122714042664
4.4453125,4728.0,0.2820541262626648
4.4453125,4732.0,0.28210702538490295
4.4453125,4732.0,0.2821599245071411
4.4453125,4732.0,0.2822128236293793
4.4453125,4732.0,0.28226572275161743
4.4453125,4736.0,0.2823186218738556
4.44921875,4736.0,0.28237152099609375
4.44921875,4736.0,0.2824244201183319
4.44921875,4736.0,0.28247731924057007
4.44921875,4740.0,0.2825302183628082
4.44921875,4740.0,0.2825831174850464
4.44921875,4740.0,0.28263601660728455
4.44921875,4740.0,0.2826889157295227
4.453125,4744.0,0.28274181485176086
4.453125,4744.0,0.282794713973999
4.453125,4744.0,0.2828476130962372
4.453125,4744.0,0.28290051221847534
4.453125,4748.0,0.2829534113407135
4.453125,4748.0,0.28300631046295166
4.453125,4748.0,0.2830592095851898
4.45703125,4748.0,0.283112108707428
4.45703125,4752.0,0.28316500782966614
4.45703125,4752.0,0.2832179069519043
4.45703125,4752.0,0.28327080607414246
4.45703125,4752.0,0.2833237051963806
4.45703125,4756.0,0.2833766043186188
4.45703125,4756.0,0.28342950344085693
4.45703125,4756.0,0.2834824025630951
4.45703125,4756.0,0.28353530168533325
4.4609375,4760.0,0.2835882008075714
4.4609375,4760.0,0.28364109992980957
4.4609375,4760.0,0.28369399905204773
4.4609375,4760.0,0.2837468981742859
4.4609375,4764.0,0.28379979729652405
4.4609375,4764.0,0.2838526964187622
4.4609375,4764.0,0.28390559554100037
4.4609375,4764.0,0.2839584946632385
4.4609375,4768.0,0.2840113937854767
4.4609375,4768.0,0.28406429290771484
4.46484375,4768.0,0.284117192029953
4.46484375,4768.0,0.28417009115219116
4.46484375,4772.0,0.2842229902744293
4.46484375,4772.0,0.2842758893966675
4.46484375,4772.0,0.28432878851890564
4.46484375,4772.0,0.2843816876411438
4.46484375,4776.0,0.28443458676338196
4.46484375,4776.0,0.2844874858856201
4.46484375,4776.0,0.2845403850078583
4.46484375,4776.0,0.28459328413009644
4.46484375,4780.0,0.2846461832523346
4.46875,4780.0,0.28469908237457275
4.46875,4780.0,0.2847519814968109
4.46875,4780.0,0.2848048806190491
4.46875,4784.0,0.28485777974128723
4.46875,4784.0,0.2849106788635254
4.46875,4784.0,0.28496357798576355
4.46875,4784.0,0.2850164771080017
4.46875,4788.0,0.28506937623023987
4.46875,4788.0,0.285122275352478
4.46875,4788.0,0.2851751744747162
4.47265625,4788.0,0.28522807359695435
4.47265625,4792.0,0.2852809727191925
4.47265625,4792.0,0.28533387184143066
4.47265625,4792.0,0.2853867709636688
4.47265625,4792.0,0.285439670085907
4.47265625,4796.0,0.28549256920814514
4.47265625,4796.0,0.2855454683303833
4.47265625,4796.0,0.28559836745262146
4.4765625,4796.0,0.2856512665748596
4.4765625,4800.0,0.2857041656970978
4.4765625,4800.0,0.28575706481933594
4.4765625,4800.0,0.2858099639415741
4.4765625,4800.0,0.28586286306381226
4.4765625,4804.0,0.2859157621860504
4.48046875,4804.0,0.2859686613082886
4.48046875,4804.0,0.28602156043052673
4.48046875,4804.0,0.2860744595527649
4.48046875,4808.0,0.28612735867500305
4.48046875,4808.0,0.2861802577972412
4.48046875,4808.0,0.28623315691947937
4.484375,4808.0,0.28628605604171753
4.484375,4812.0,0.2863389551639557
4.484375,4812.0,0.28639185428619385
4.484375,4812.0,0.286444753408432
4.484375,4812.0,0.28649765253067017
4.484375,4816.0,0.2865505516529083
4.48828125,4816.0,0.2866034507751465
4.48828125,4816.0,0.28665634989738464
4.48828125,4816.0,0.2867092490196228
4.48828125,4820.0,0.28676214814186096
4.48828125,4820.0,0.2868150472640991
4.4921875,4820.0,0.2868679463863373
4.4921875,4820.0,0.28692084550857544
4.4921875,4824.0,0.2869737446308136
4.4921875,4824.0,0.28702664375305176
4.4921875,4824.0,0.2870795428752899
4.49609375,4824.0,0.2871324419975281
4.49609375,4828.0,0.28718534111976624
4.49609375,4828.0,0.2872382402420044
4.49609375,4828.0,0.28729113936424255
4.5,4828.0,0.2873440384864807
4.5,4832.0,0.28739693760871887
4.5,4832.0,0.28744983673095703
4.5,4832.0,0.2875027358531952
4.5,4832.0,0.28755563497543335
4.50390625,4836.0,0.2876085340976715
4.50390625,4836.0,0.28766143321990967
4.50390625,4836.0,0.2877143323421478
4.50390625,4836.0,0.287767231464386
4.5078125,4840.0,0.28782013058662415
4.5078125,4840.0,0.2878730297088623
4.5078125,4840.0,0.28792592883110046
4.5078125,4840.0,0.2879788279533386
4.5078125,4844.0,0.2880317270755768
4.51171875,4844.0,0.28808462619781494
4.51171875,4844.0,0.2881375253200531
4.51171875,4844.0,0.28819042444229126
4.51171875,4848.0,0.2882433235645294
4.515625,4848.0,0.2882962226867676
4.515625,4848.0,0.28834912180900574
4.515625,4848.0,0.2884020209312439
4.515625,4852.0,0.28845492005348206
4.51953125,4852.0,0.2885078191757202
4.51953125,4852.0,0.2885607182979584
4.51953125,4852.0,0.28861361742019653
4.51953125,4856.0,0.2886665165424347
4.51953125,4856.0,0.28871941566467285
4.5234375,4856.0,0.288772314786911
4.5234375,4856.0,0.28882521390914917
4.5234375,4860.0,0.28887811303138733
4.5234375,4860.0,0.2889310121536255
4.52734375,4860.0,0.28898391127586365
4.52734375,4860.0,0.2890368103981018
4.52734375,4864.0,0.28908970952033997
4.52734375,4864.0,0.2891426086425781
4.53125,4864.0,0.2891955077648163
4.53125,4864.0,0.28924840688705444
4.53125,4868.0,0.2893013060092926
4.53515625,4868.0,0.28935420513153076
4.53515625,4868.0,0.2894071042537689
4.53515625,4868.0,0.2894600033760071
4.53515625,4872.0,0.28951290249824524
4.5390625,4872.0,0.2895658016204834
4.5390625,4872.0,0.28961870074272156
4.5390625,4872.0,0.2896715998649597
4.5390625,4876.0,0.2897244989871979
4.54296875,4876.0,0.28977739810943604
4.54296875,4876.0,0.2898302972316742
4.54296875,4876.0,0.28988319635391235
4.546875,4880.0,0.2899360954761505
4.546875,4880.0,0.28998899459838867
4.546875,4880.0,0.29004189372062683
4.546875,4880.0,0.290094792842865
4.55078125,4884.0,0.29014769196510315
4.55078125,4884.0,0.2902005910873413
4.55078125,4884.0,0.29025349020957947
4.5546875,4884.0,0.2903063893318176
4.5546875,4888.0,0.2903592884540558
4.5546875,4888.0,0.29041218757629395
4.55859375,4888.0,0.2904650866985321
4.55859375,4888.0,0.29051798582077026
4.55859375,4892.0,0.2905708849430084
4.5625,4892.0,0.2906237840652466
4.5625,4892.0,0.29067668318748474
4.5625,4892.0,0.2907295823097229
4.5625,4896.0,0.29078248143196106
4.56640625,4896.0,0.2908353805541992
4.56640625,4896.0,0.2908882796764374
4.56640625,4896.0,0.29094117879867554
4.5703125,4900.0,0.2909940779209137
4.5703125,4900.0,0.29104697704315186
4.5703125,4900.0,0.29109987616539
4.5703125,4900.0,0.2911527752876282
4.57421875,4904.0,0.29120567440986633
4.57421875,4904.0,0.2912585735321045
4.57421875,4904.0,0.29131147265434265
4.578125,4904.0,0.2913643717765808
4.578125,4908.0,0.29141727089881897
4.578125,4908.0,0.29147017002105713
4.578125,4908.0,0.2915230691432953
4.58203125,4908.0,0.29157596826553345
4.58203125,4912.0,0.2916288673877716
4.58203125,4912.0,0.29168176651000977
4.58203125,4912.0,0.2917346656322479
4.58203125,4912.0,0.2917875647544861
4.5859375,4916.0,0.29184046387672424
4.5859375,4916.0,0.2918933629989624
4.5859375,4916.0,0.29194626212120056
4.5859375,4916.0,0.2919991612434387
4.58984375,4920.0,0.2920520603656769
4.58984375,4920.0,0.29210495948791504
4.58984375,4920.0,0.2921578586101532
4.58984375,4920.0,0.29221075773239136
4.58984375,4924.0,0.2922636568546295
4.59375,4924.0,0.2923165559768677
4.59375,4924.0,0.29236945509910583
4.59375,4924.0,0.292422354221344
4.59375,4928.0,0.29247525334358215
4.59375,4928.0,0.2925281524658203
4.59375,4928.0,0.29258105158805847
4.59765625,4928.0,0.29263395071029663
4.59765625,4932.0,0.2926868498325348
4.59765625,4932.0,0.29273974895477295
4.59765625,4932.0,0.2927926480770111
4.59765625,4932.0,0.29284554719924927
4.59765625,4936.0,0.2928984463214874
4.59765625,4936.0,0.2929513454437256
4.6015625,4936.0,0.29300424456596375
4.6015625,4936.0,0.2930571436882019
4.6015625,4940.0,0.29311004281044006
4.6015625,4940.0,0.2931629419326782
4.6015625,4940.0,0.2932158410549164
4.6015625,4940.0,0.29326874017715454
4.6015625,4944.0,0.2933216392993927
4.6015625,4944.0,0.29337453842163086
4.6015625,4944.0,0.293427437543869
4.6015625,4944.0,0.2934803366661072
4.60546875,4948.0,0.29353323578834534
4.60546875,4948.0,0.2935861349105835
4.60546875,4948.0,0.29363903403282166
4.60546875,4948.0,0.2936919331550598
4.60546875,4952.0,0.293744832277298
4.60546875,4952.0,0.29379773139953613
4.60546875,4952.0,0.2938506305217743
4.60546875,4952.0,0.29390352964401245
4.60546875,4956.0,0.2939564287662506
4.60546875,4956.0,0.29400932788848877
4.60546875,4956.0,0.29406222701072693
4.60546875,4956.0,0.2941151261329651
4.60546875,4960.0,0.29416802525520325
4.60546875,4960.0,0.2942209243774414
4.60546875,4960.0,0.29427382349967957
4.60546875,4960.0,0.2943267226219177
4.60546875,4964.0,0.2943796217441559
4.60546875,4964.0,0.29443252086639404
4.60546875,4964.0,0.2944854199886322
4.60546875,4964.0,0.29453831911087036
4.60546875,4968.0,0.2945912182331085
4.60546875,4968.0,0.2946441173553467
4.60546875,4968.0,0.29469701647758484
4.60546875,4968.0,0.294749915599823
4.60546875,4972.0,0.29480281472206116
4.60546875,4972.0,0.2948557138442993
4.60546875,4972.0,0.2949086129665375
4.60546875,4972.0,0.29496151208877563
4.60546875,4976.0,0.2950144112110138
4.60546875,4976.0,0.29506731033325195
4.60546875,4976.0,0.2951202094554901
4.60546875,4976.0,0.29517310857772827
4.60546875,4980.0,0.29522600769996643
4.60546875,4980.0,0.2952789068222046
4.60546875,4980.0,0.29533180594444275
4.60546875,4980.0,0.2953847050666809
4.60546875,4984.0,0.29543760418891907
4.60546875,4984.0,0.2954905033111572
4.60546875,4984.0,0.2955434024333954
4.60546875,4984.0,0.29559630155563354
4.60546875,4988.0,0.2956492006778717
4.60546875,4988.0,0.29570209980010986
4.60546875,4988.0,0.295754998922348
4.60546875,4988.0,0.2958078980445862
4.60546875,4992.0,0.29586079716682434
4.60546875,4992.0,0.2959136962890625
4.60546875,4992.0,0.29596659541130066
4.60546875,4992.0,0.2960194945335388
4.60546875,4996.0,0.296072393655777
4.60546875,4996.0,0.29612529277801514
4.6015625,4996.0,0.2961781919002533
4.6015625,4996.0,0.29623109102249146
4.6015625,5000.0,0.2962839901447296
4.6015625,5000.0,0.2963368892669678
4.6015625,5000.0,0.29638978838920593
4.6015625,5000.0,0.2964426875114441
4.6015625,5004.0,0.29649558663368225
4.6015625,5004.0,0.2965484857559204
4.6015625,5004.0,0.29660138487815857
4.6015625,5004.0,0.29665428400039673
4.6015625,5008.0,0.2967071831226349
4.6015625,5008.0,0.29676008224487305
4.6015625,5008.0,0.2968129813671112
4.6015625,5008.0,0.29686588048934937
4.6015625,5012.0,0.2969187796115875
4.6015625,5012.0,0.2969716787338257
4.6015625,5012.0,0.29702457785606384
4.6015625,5012.0,0.297077476978302
4.6015625,5016.0,0.29713037610054016
4.6015625,5016.0,0.2971832752227783
4.59765625,5016.0,0.2972361743450165
4.59765625,5016.0,0.29728907346725464
4.59765625,5020.0,0.2973419725894928
4.59765625,5020.0,0.29739487171173096
4.59765625,5020.0,0.2974477708339691
4.59765625,5020.0,0.2975006699562073
4.59765625,5024.0,0.29755356907844543
4.59765625,5024.0,0.2976064682006836
4.59765625,5024.0,0.29765936732292175
4.59765625,5024.0,0.2977122664451599
4.59765625,5028.0,0.29776516556739807
4.59765625,5028.0,0.29781806468963623
4.59765625,5028.0,0.2978709638118744
4.59375,5028.0,0.29792386293411255
4.59375,5032.0,0.2979767620563507
4.59375,5032.0,0.29802966117858887
4.59375,5032.0,0.298082560300827
4.59375,5032.0,0.2981354594230652
4.59375,5036.0,0.29818835854530334
4.59375,5036.0,0.2982412576675415
4.59375,5036.0,0.29829415678977966
4.59375,5036.0,0.2983470559120178
4.59375,5040.0,0.298399955034256
4.59375,5040.0,0.29845285415649414
4.58984375,5040.0,0.2985057532787323
4.58984375,5040.0,0.29855865240097046
4.58984375,5044.0,0.2986115515232086
4.58984375,5044.0,0.2986644506454468
4.58984375,5044.0,0.29871734976768494
4.58984375,5044.0,0.2987702488899231
4.58984375,5048.0,0.29882314801216125
4.58984375,5048.0,0.2988760471343994
4.58984375,5048.0,0.2989289462566376
4.58984375,5048.0,0.29898184537887573
4.58984375,5052.0,0.2990347445011139
4.58984375,5052.0,0.29908764362335205
4.58984375,5052.0,0.2991405427455902
4.58984375,5052.0,0.29919344186782837
4.5859375,5056.0,0.29924634099006653
4.5859375,5056.0,0.2992992401123047
4.5859375,5056.0,0.29935213923454285
4.5859375,5056.0,0.299405038356781
4.5859375,5060.0,0.29945793747901917
4.5859375,5060.0,0.2995108366012573
4.5859375,5060.0,0.2995637357234955
4.5859375,5060.0,0.29961663484573364
4.5859375,5064.0,0.2996695339679718
4.5859375,5064.0,0.29972243309020996
4.5859375,5064.0,0.2997753322124481
4.5859375,5064.0,0.2998282313346863
4.5859375,5068.0,0.29988113045692444
4.5859375,5068.0,0.2999340295791626
4.5859375,5068.0,0.29998692870140076
4.5859375,5068.0,0.3000398278236389
4.5859375,5072.0,0.3000927269458771
4.5859375,5072.0,0.30014562606811523
4.58203125,5072.0,0.3001985251903534
4.58203125,5072.0,0.30025142431259155
4.58203125,5076.0,0.3003043234348297
4.58203125,5076.0,0.30035722255706787
4.58203125,5076.0,0.30041012167930603
4.58203125,5076.0,0.3004630208015442
4.58203125,5080.0,0.30051591992378235
4.58203125,5080.0,0.3005688190460205
4.58203125,5080.0,0.30062171816825867
4.58203125,5080.0,0.3006746172904968
4.58203125,5084.0,0.300727516412735
4.58203125,5084.0,0.30078041553497314
4.58203125,5084.0,0.3008333146572113
4.58203125,5084.0,0.30088621377944946
4.58203125,5088.0,0.3009391129016876
4.58203125,5088.0,0.3009920120239258
4.58203125,5088.0,0.30104491114616394
4.58203125,5088.0,0.3010978102684021
4.58203125,5092.0,0.30115070939064026
4.58203125,5092.0,0.3012036085128784
4.58203125,5092.0,0.3012565076351166
4.58203125,5092.0,0.30130940675735474
4.58203125,5096.0,0.3013623058795929
4.578125,5096.0,0.30141520500183105
4.578125,5096.0,0.3014681041240692
4.578125,5096.0,0.3015210032463074
4.578125,5100.0,0.30157390236854553
4.578125,5100.0,0.3016268014907837
4.578125,5100.0,0.30167970061302185
4.578125,5104.0,0.30173259973526
4.578125,5104.0,0.30178549885749817
4.578125,5104.0,0.30183839797973633
4.578125,5104.0,0.3018912971019745
4.578125,5108.0,0.30194419622421265
4.578125,5108.0,0.3019970953464508
4.578125,5108.0,0.30204999446868896
4.578125,5108.0,0.3021028935909271
4.578125,5112.0,0.3021557927131653
4.57421875,5112.0,0.30220869183540344
4.57421875,5112.0,0.3022615909576416
4.57421875,5112.0,0.30231449007987976
4.57421875,5116.0,0.3023673892021179
4.57421875,5116.0,0.3024202883243561
4.57421875,5116.0,0.30247318744659424
4.57421875,5116.0,0.3025260865688324
4.57421875,5120.0,0.30257898569107056
4.57421875,5120.0,0.3026318848133087
4.57421875,5120.0,0.3026847839355469
4.5703125,5120.0,0.30273768305778503
4.5703125,5124.0,0.3027905821800232
4.5703125,5124.0,0.30284348130226135
4.5703125,5124.0,0.3028963804244995
4.5703125,5124.0,0.30294927954673767
4.5703125,5128.0,0.30300217866897583
4.5703125,5128.0,0.303055077791214
4.5703125,5128.0,0.30310797691345215
4.5703125,5128.0,0.3031608760356903
4.5703125,5132.0,0.30321377515792847
4.56640625,5132.0,0.3032666742801666
4.56640625,5132.0,0.3033195734024048
4.56640625,5132.0,0.30337247252464294
4.56640625,5136.0,0.3034253716468811
4.56640625,5136.0,0.30347827076911926
4.56640625,5136.0,0.3035311698913574
4.56640625,5136.0,0.3035840690135956
4.56640625,5140.0,0.30363696813583374
4.56640625,5140.0,0.3036898672580719
4.5625,5140.0,0.30374276638031006
4.5625,5140.0,0.3037956655025482
4.5625,5144.0,0.3038485646247864
4.5625,5144.0,0.30390146374702454
4.5625,5144.0,0.3039543628692627
4.5625,5144.0,0.30400726199150085
4.5625,5148.0,0.304060161113739
4.5625,5148.0,0.3041130602359772
4.5625,5148.0,0.30416595935821533
4.5625,5148.0,0.3042188584804535
4.5625,5152.0,0.30427175760269165
4.55859375,5152.0,0.3043246567249298
4.55859375,5152.0,0.30437755584716797
4.55859375,5152.0,0.30443045496940613
4.55859375,5156.0,0.3044833540916443
4.55859375,5156.0,0.30453625321388245
4.55859375,5156.0,0.3045891523361206
4.55859375,5156.0,0.30464205145835876
4.55859375,5160.0,0.3046949505805969
4.55859375,5160.0,0.3047478497028351
4.55859375,5160.0,0.30480074882507324
4.55859375,5160.0,0.3048536479473114
4.5546875,5164.0,0.30490654706954956
4.5546875,5164.0,0.3049594461917877
4.5546875,5164.0,0.3050123453140259
4.5546875,5164.0,0.30506524443626404
4.5546875,5168.0,0.3051181435585022
4.5546875,5168.0,0.30517104268074036
4.5546875,5168.0,0.3052239418029785
4.5546875,5168.0,0.3052768409252167
4.5546875,5172.0,0.30532974004745483
4.5546875,5172.0,0.305382639169693
4.55078125,5172.0,0.30543553829193115
4.55078125,5172.0,0.3054884374141693
4.55078125,5176.0,0.30554133653640747
4.55078125,5176.0,0.30559423565864563
4.55078125,5176.0,0.3056471347808838
4.55078125,5176.0,0.30570003390312195
4.55078125,5180.0,0.3057529330253601
4.546875,5180.0,0.30580583214759827
4.546875,5180.0,0.3058587312698364
4.546875,5180.0,0.3059116303920746
4.546875,5184.0,0.30596452951431274
4.546875,5184.0,0.3060174286365509
4.546875,5184.0,0.30607032775878906
4.546875,5184.0,0.3061232268810272
4.54296875,5188.0,0.3061761260032654
4.54296875,5188.0,0.30622902512550354
4.54296875,5188.0,0.3062819242477417
4.54296875,5188.0,0.30633482336997986
4.54296875,5192.0,0.306387722492218
4.54296875,5192.0,0.3064406216144562
4.54296875,5192.0,0.30649352073669434
4.5390625,5192.0,0.3065464198589325
4.5390625,5196.0,0.30659931898117065
4.5390625,5196.0,0.3066522181034088
4.5390625,5196.0,0.306705117225647
4.5390625,5196.0,0.30675801634788513
4.5390625,5200.0,0.3068109154701233
4.53515625,5200.0,0.30686381459236145
4.53515625,5200.0,0.3069167137145996
4.53515625,5200.0,0.30696961283683777
4.53515625,5204.0,0.3070225119590759
4.53515625,5204.0,0.3070754110813141
4.53515625,5204.0,0.30712831020355225
4.53515625,5204.0,0.3071812093257904
4.53125,5208.0,0.30723410844802856
4.53125,5208.0,0.3072870075702667
4.53125,5208.0,0.3073399066925049
4.53125,5208.0,0.30739280581474304
4.53125,5212.0,0.3074457049369812
4.53125,5212.0,0.30749860405921936
4.52734375,5212.0,0.3075515031814575
4.52734375,5212.0,0.3076044023036957
4.52734375,5216.0,0.30765730142593384
4.52734375,5216.0,0.307710200548172
4.52734375,5216.0,0.30776309967041016
4.52734375,5216.0,0.3078159987926483
4.52734375,5220.0,0.3078688979148865
4.5234375,5220.0,0.30792179703712463
4.5234375,5220.0,0.3079746961593628
4.5234375,5220.0,0.30802759528160095
4.5234375,5224.0,0.3080804944038391
4.5234375,5224.0,0.30813339352607727
4.5234375,5224.0,0.30818629264831543
4.51953125,5224.0,0.3082391917705536
4.51953125,5228.0,0.30829209089279175
4.51953125,5228.0,0.3083449900150299
4.51953125,5228.0,0.30839788913726807
4.51953125,5228.0,0.3084507882595062
4.51953125,5232.0,0.3085036873817444
4.51953125,5232.0,0.30855658650398254
4.515625,5232.0,0.3086094856262207
4.515625,5232.0,0.30866238474845886
4.515625,5236.0,0.308715283870697
4.515625,5236.0,0.3087681829929352
4.515625,5236.0,0.30882108211517334
4.515625,5236.0,0.3088739812374115
4.51171875,5240.0,0.30892688035964966
4.51171875,5240.0,0.3089797794818878
4.51171875,5240.0,0.309032678604126
4.51171875,5240.0,0.30908557772636414
4.51171875,5244.0,0.3091384768486023
4.5078125,5244.0,0.30919137597084045
4.5078125,5244.0,0.3092442750930786
4.5078125,5244.0,0.3092971742153168
4.5078125,5248.0,0.30935007333755493
4.5078125,5248.0,0.3094029724597931
4.5078125,5248.0,0.30945587158203125
4.50390625,5248.0,0.3095087707042694
4.50390625,5252.0,0.30956166982650757
4.50390625,5252.0,0.3096145689487457
4.50390625,5252.0,0.3096674680709839
4.50390625,5252.0,0.30972036719322205
4.5,5256.0,0.3097732663154602
4.5,5256.0,0.30982616543769836
4.5,5256.0,0.3098790645599365
4.5,5256.0,0.3099319636821747
4.5,5260.0,0.30998486280441284
4.49609375,5260.0,0.310037761926651
4.49609375,5260.0,0.31009066104888916
4.49609375,5260.0,0.3101435601711273
4.49609375,5264.0,0.3101964592933655
4.4921875,5264.0,0.31024935841560364
4.4921875,5264.0,0.3103022575378418
4.4921875,5264.0,0.31035515666007996
4.4921875,5268.0,0.3104080557823181
4.48828125,5268.0,0.3104609549045563
4.48828125,5268.0,0.31051385402679443
4.48828125,5268.0,0.3105667531490326
4.48828125,5272.0,0.31061965227127075
4.48828125,5272.0,0.3106725513935089
4.484375,5272.0,0.31072545051574707
4.484375,5272.0,0.31077834963798523
4.484375,5276.0,0.3108312487602234
4.484375,5276.0,0.31088414788246155
4.48046875,5276.0,0.3109370470046997
4.48046875,5276.0,0.31098994612693787
4.48046875,5280.0,0.311042845249176
4.48046875,5280.0,0.3110957443714142
4.4765625,5280.0,0.31114864349365234
4.4765625,5280.0,0.3112015426158905
4.4765625,5284.0,0.31125444173812866
4.4765625,5284.0,0.3113073408603668
4.47265625,5284.0,0.311360239982605
4.47265625,5284.0,0.31141313910484314
4.47265625,5288.0,0.3114660382270813
4.47265625,5288.0,0.31151893734931946
4.47265625,5288.0,0.3115718364715576
4.46875,5292.0,0.3116247355937958
4.46875,5292.0,0.31167763471603394
4.46875,5292.0,0.3117305338382721
4.46875,5292.0,0.31178343296051025
4.46484375,5296.0,0.3118363320827484
4.46484375,5296.0,0.3118892312049866
4.46484375,5296.0,0.31194213032722473
4.46484375,5296.0,0.3119950294494629
4.4609375,5300.0,0.31204792857170105
4.4609375,5300.0,0.3121008276939392
4.4609375,5300.0,0.31215372681617737
4.4609375,5300.0,0.3122066259384155
4.45703125,5304.0,0.3122595250606537
4.45703125,5304.0,0.31231242418289185
4.45703125,5304.0,0.31236532330513
4.45703125,5304.0,0.31241822242736816
4.45703125,5308.0,0.3124711215496063
4.453125,5308.0,0.3125240206718445
4.453125,5308.0,0.31257691979408264
4.453125,5308.0,0.3126298189163208
4.453125,5312.0,0.31268271803855896
4.453125,5312.0,0.3127356171607971
4.44921875,5312.0,0.3127885162830353
4.44921875,5312.0,0.31284141540527344
4.44921875,5316.0,0.3128943145275116
4.44921875,5316.0,0.31294721364974976
4.44921875,5316.0,0.3130001127719879
4.4453125,5316.0,0.3130530118942261
4.4453125,5320.0,0.31310591101646423
4.4453125,5320.0,0.3131588101387024
4.4453125,5320.0,0.31321170926094055
4.4453125,5320.0,0.3132646083831787
4.4453125,5324.0,0.31331750750541687
4.44140625,5324.0,0.31337040662765503
4.44140625,5324.0,0.3134233057498932
4.44140625,5324.0,0.31347620487213135
4.44140625,5328.0,0.3135291039943695
4.44140625,5328.0,0.31358200311660767
4.44140625,5328.0,0.3136349022388458
4.4375,5328.0,0.313687801361084
4.4375,5332.0,0.31374070048332214
4.4375,5332.0,0.3137935996055603
4.4375,5332.0,0.31384649872779846
4.4375,5332.0,0.3138993978500366
4.4375,5336.0,0.3139522969722748
4.43359375,5336.0,0.31400519609451294
4.43359375,5336.0,0.3140580952167511
4.43359375,5336.0,0.31411099433898926
4.43359375,5340.0,0.3141638934612274
4.43359375,5340.0,0.3142167925834656
4.43359375,5340.0,0.31426969170570374
4.43359375,5340.0,0.3143225908279419
4.4296875,5344.0,0.31437548995018005
4.4296875,5344.0,0.3144283890724182
4.4296875,5344.0,0.31448128819465637
4.4296875,5344.0,0.31453418731689453
4.4296875,5348.0,0.3145870864391327
4.4296875,5348.0,0.31463998556137085
4.4296875,5348.0,0.314692884683609
4.4296875,5348.0,0.31474578380584717
4.4296875,5352.0,0.3147986829280853
4.42578125,5352.0,0.3148515820503235
4.42578125,5352.0,0.31490448117256165
4.42578125,5352.0,0.3149573802947998
4.42578125,5356.0,0.31501027941703796
4.42578125,5356.0,0.3150631785392761
4.42578125,5356.0,0.3151160776615143
4.42578125,5356.0,0.31516897678375244
4.42578125,5360.0,0.3152218759059906
4.421875,5360.0,0.31527477502822876
4.421875,5360.0,0.3153276741504669
4.421875,5360.0,0.3153805732727051
4.421875,5364.0,0.31543347239494324
4.421875,5364.0,0.3154863715171814
4.421875,5364.0,0.31553927063941956
4.421875,5364.0,0.3155921697616577
4.421875,5368.0,0.3156450688838959
4.421875,5368.0,0.31569796800613403
4.41796875,5368.0,0.3157508671283722
4.41796875,5368.0,0.31580376625061035
4.41796875,5372.0,0.3158566653728485
4.41796875,5372.0,0.31590956449508667
4.41796875,5372.0,0.31596246361732483
4.41796875,5372.0,0.316015362739563
4.41796875,5376.0,0.31606826186180115
4.41796875,5376.0,0.3161211609840393
4.41796875,5376.0,0.31617406010627747
4.41796875,5376.0,0.3162269592285156
4.4140625,5380.0,0.3162798583507538
4.4140625,5380.0,0.31633275747299194
4.4140625,5380.0,0.3163856565952301
4.4140625,5380.0,0.31643855571746826
4.4140625,5384.0,0.3164914548397064
4.4140625,5384.0,0.3165443539619446
4.4140625,5384.0,0.31659725308418274
4.4140625,5384.0,0.3166501522064209
4.4140625,5388.0,0.31670305132865906
4.4140625,5388.0,0.3167559504508972
4.41015625,5388.0,0.3168088495731354
4.41015625,5388.0,0.31686174869537354
4.41015625,5392.0,0.3169146478176117
4.41015625,5392.0,0.31696754693984985
4.41015625,5392.0,0.317020446062088
4.41015625,5392.0,0.31707334518432617
4.41015625,5396.0,0.31712624430656433
4.41015625,5396.0,0.3171791434288025
4.41015625,5396.0,0.31723204255104065
4.41015625,5396.0,0.3172849416732788
4.40625,5400.0,0.31733784079551697
4.40625,5400.0,0.3173907399177551
4.40625,5400.0,0.3174436390399933
4.40625,5400.0,0.31749653816223145
4.40625,5404.0,0.3175494372844696
4.40625,5404.0,0.31760233640670776
4.40625,5404.0,0.3176552355289459
4.40625,5404.0,0.3177081346511841
4.40234375,5408.0,0.31776103377342224
4.40234375,5408.0,0.3178139328956604
4.40234375,5408.0,0.31786683201789856
4.40234375,5408.0,0.3179197311401367
4.40234375,5412.0,0.3179726302623749
4.40234375,5412.0,0.31802552938461304
4.40234375,5412.0,0.3180784285068512
4.40234375,5412.0,0.31813132762908936
4.40234375,5416.0,0.3181842267513275
4.40234375,5416.0,0.3182371258735657
4.3984375,5416.0,0.31829002499580383
4.3984375,5416.0,0.318342924118042
4.3984375,5420.0,0.31839582324028015
4.3984375,5420.0,0.3184487223625183
4.3984375,5420.0,0.31850162148475647
4.3984375,5420.0,0.31855452060699463
4.3984375,5424.0,0.3186074197292328
4.3984375,5424.0,0.31866031885147095
4.3984375,5424.0,0.3187132179737091
4.3984375,5428.0,0.31876611709594727
4.3984375,5428.0,0.3188190162181854
4.39453125,5428.0,0.3188719153404236
4.39453125,5428.0,0.31892481446266174
4.39453125,5432.0,0.3189777135848999
4.39453125,5432.0,0.31903061270713806
4.39453125,5432.0,0.3190835118293762
4.39453125,5432.0,0.3191364109516144
4.39453125,5436.0,0.31918931007385254
4.39453125,5436.0,0.3192422091960907
4.39453125,5436.0,0.31929510831832886
4.39453125,5436.0,0.319348007440567
4.39453125,5440.0,0.3194009065628052
4.39453125,5440.0,0.31945380568504333
4.390625,5440.0,0.3195067048072815
4.390625,5440.0,0.31955960392951965
4.390625,5444.0,0.3196125030517578
4.390625,5444.0,0.31966540217399597
4.390625,5444.0,0.31971830129623413
4.390625,5444.0,0.3197712004184723
4.390625,5448.0,0.31982409954071045
4.390625,5448.0,0.3198769986629486
4.390625,5448.0,0.31992989778518677
4.390625,5448.0,0.3199827969074249
4.390625,5452.0,0.3200356960296631
4.38671875,5452.0,0.32008859515190125
4.38671875,5452.0,0.3201414942741394
4.38671875,5452.0,0.32019439339637756
4.38671875,5456.0,0.3202472925186157
4.38671875,5456.0,0.3203001916408539
4.38671875,5456.0,0.32035309076309204
4.38671875,5456.0,0.3204059898853302
4.38671875,5460.0,0.32045888900756836
4.38671875,5460.0,0.3205117881298065
4.38671875,5460.0,0.3205646872520447
4.3828125,5460.0,0.32061758637428284
4.3828125,5464.0,0.320670485496521
4.3828125,5464.0,0.32072338461875916
4.3828125,5464.0,0.3207762837409973
4.3828125,5464.0,0.3208291828632355
4.3828125,5468.0,0.32088208198547363
4.3828125,5468.0,0.3209349811077118
4.3828125,5468.0,0.32098788022994995
4.3828125,5468.0,0.3210407793521881
4.3828125,5472.0,0.32109367847442627
4.3828125,5472.0,0.32114657759666443
4.37890625,5472.0,0.3211994767189026
4.37890625,5472.0,0.32125237584114075
4.37890625,5476.0,0.3213052749633789
4.37890625,5476.0,0.32135817408561707
4.37890625,5476.0,0.3214110732078552
4.37890625,5476.0,0.3214639723300934
4.37890625,5480.0,0.32151687145233154
4.37890625,5480.0,0.3215697705745697
4.37890625,5480.0,0.32162266969680786
4.37890625,5480.0,0.321675568819046
4.37890625,5484.0,0.3217284679412842
4.37890625,5484.0,0.32178136706352234
4.37890625,5484.0,0.3218342661857605
4.37890625,5484.0,0.32188716530799866
4.37890625,5488.0,0.3219400644302368
4.37890625,5488.0,0.321992963552475
4.37890625,5488.0,0.32204586267471313
4.37890625,5488.0,0.3220987617969513
4.37890625,5492.0,0.32215166091918945
4.37890625,5492.0,0.3222045600414276
4.37890625,5492.0,0.32225745916366577
4.37890625,5492.0,0.32231035828590393
4.37890625,5496.0,0.3223632574081421
4.37890625,5496.0,0.32241615653038025
4.37890625,5496.0,0.3224690556526184
4.37890625,5496.0,0.32252195477485657
4.37890625,5500.0,0.3225748538970947
4.37890625,5500.0,0.3226277530193329
4.37890625,5500.0,0.32268065214157104
4.37890625,5500.0,0.3227335512638092
4.37890625,5504.0,0.32278645038604736
4.37890625,5504.0,0.3228393495082855
4.37890625,5504.0,0.3228922486305237
4.37890625,5504.0,0.32294514775276184
4.37890625,5508.0,0.322998046875
4.37890625,5508.0,0.32305094599723816
4.37890625,5508.0,0.3231038451194763
4.37890625,5508.0,0.3231567442417145
4.37890625,5512.0,0.32320964336395264
4.37890625,5512.0,0.3232625424861908
4.37890625,5512.0,0.32331544160842896
4.37890625,5512.0,0.3233683407306671
4.37890625,5516.0,0.3234212398529053
4.37890625,5516.0,0.32347413897514343
4.37890625,5516.0,0.3235270380973816
4.37890625,5516.0,0.32357993721961975
4.37890625,5520.0,0.3236328363418579
4.37890625,5520.0,0.32368573546409607
4.37890625,5520.0,0.32373863458633423
4.37890625,5520.0,0.3237915337085724
4.37890625,5524.0,0.32384443283081055
4.37890625,5524.0,0.3238973319530487
4.37890625,5524.0,0.32395023107528687
4.37890625,5524.0,0.324003130197525
4.37890625,5528.0,0.3240560293197632
4.3828125,5528.0,0.32410892844200134
4.3828125,5528.0,0.3241618275642395
4.3828125,5528.0,0.32421472668647766
4.3828125,5532.0,0.3242676258087158
4.3828125,5532.0,0.324320524930954
4.3828125,5532.0,0.32437342405319214
4.3828125,5532.0,0.3244263231754303
4.3828125,5536.0,0.32447922229766846
4.3828125,5536.0,0.3245321214199066
4.3828125,5536.0,0.3245850205421448
4.3828125,5536.0,0.32463791966438293
4.3828125,5540.0,0.3246908187866211
4.3828125,5540.0,0.32474371790885925
4.3828125,5540.0,0.3247966170310974
4.3828125,5544.0,0.32484951615333557
4.38671875,5544.0,0.32490241527557373
4.38671875,5544.0,0.3249553143978119
4.38671875,5544.0,0.32500821352005005
4.38671875,5548.0,0.3250611126422882
4.38671875,5548.0,0.32511401176452637
4.38671875,5548.0,0.3251669108867645
4.38671875,5548.0,0.3252198100090027
4.38671875,5552.0,0.32527270913124084
4.38671875,5552.0,0.325325608253479
4.38671875,5552.0,0.32537850737571716
4.38671875,5552.0,0.3254314064979553
4.390625,5556.0,0.3254843056201935
4.390625,5556.0,0.32553720474243164
4.390625,5556.0,0.3255901038646698
4.390625,5556.0,0.32564300298690796
4.390625,5560.0,0.3256959021091461
4.390625,5560.0,0.3257488012313843
4.390625,5560.0,0.32580170035362244
4.390625,5560.0,0.3258545994758606
4.390625,5564.0,0.32590749859809875
4.390625,5564.0,0.3259603977203369
4.39453125,5564.0,0.3260132968425751
4.39453125,5564.0,0.32606619596481323
4.39453125,5568.0,0.3261190950870514
4.39453125,5568.0,0.32617199420928955
4.39453125,5568.0,0.3262248933315277
4.39453125,5568.0,0.32627779245376587
4.39453125,5572.0,0.32633069157600403
4.39453125,5572.0,0.3263835906982422
4.39453125,5572.0,0.32643648982048035
4.39453125,5572.0,0.3264893889427185
4.39453125,5576.0,0.32654228806495667
4.39453125,5576.0,0.3265951871871948
4.3984375,5576.0,0.326648086309433
4.3984375,5576.0,0.32670098543167114
4.3984375,5580.0,0.3267538845539093
4.3984375,5580.0,0.32680678367614746
4.3984375,5580.0,0.3268596827983856
4.3984375,5580.0,0.3269125819206238
4.3984375,5584.0,0.32696548104286194
4.3984375,5584.0,0.3270183801651001
4.3984375,5584.0,0.32707127928733826
4.3984375,5584.0,0.3271241784095764
4.3984375,5588.0,0.3271770775318146
4.3984375,5588.0,0.32722997665405273
4.3984375,5588.0,0.3272828757762909
4.3984375,5588.0,0.32733577489852905
4.3984375,5592.0,0.3273886740207672
4.3984375,5592.0,0.32744157314300537
4.3984375,5592.0,0.32749447226524353
4.3984375,5592.0,0.3275473713874817
4.40234375,5596.0,0.32760027050971985
4.40234375,5596.0,0.327653169631958
4.40234375,5596.0,0.32770606875419617
4.40234375,5596.0,0.3277589678764343
4.40234375,5600.0,0.3278118669986725
4.40234375,5600.0,0.32786476612091064
4.40234375,5600.0,0.3279176652431488
4.40234375,5600.0,0.32797056436538696
4.40234375,5604.0,0.3280234634876251
4.40234375,5604.0,0.3280763626098633
4.40234375,5604.0,0.32812926173210144
4.40234375,5604.0,0.3281821608543396
4.40234375,5608.0,0.32823505997657776
4.40234375,5608.0,0.3282879590988159
4.40234375,5608.0,0.3283408582210541
4.40234375,5608.0,0.32839375734329224
4.40234375,5612.0,0.3284466564655304
4.40234375,5612.0,0.32849955558776855
4.40234375,5612.0,0.3285524547100067
4.40234375,5612.0,0.3286053538322449
4.40234375,5616.0,0.32865825295448303
4.40234375,5616.0,0.3287111520767212
4.40234375,5616.0,0.32876405119895935
4.40234375,5616.0,0.3288169503211975
4.40234375,5620.0,0.32886984944343567
4.40234375,5620.0,0.32892274856567383
4.40234375,5620.0,0.328975647687912
4.40234375,5620.0,0.32902854681015015
4.40234375,5624.0,0.3290814459323883
4.40234375,5624.0,0.32913434505462646
4.40234375,5624.0,0.3291872441768646
4.40234375,5624.0,0.3292401432991028
4.40234375,5628.0,0.32929304242134094
4.40234375,5628.0,0.3293459415435791
4.40234375,5628.0,0.32939884066581726
4.40234375,5628.0,0.3294517397880554
4.40234375,5632.0,0.3295046389102936
4.40234375,5632.0,0.32955753803253174
4.40234375,5632.0,0.3296104371547699
4.40234375,5632.0,0.32966333627700806
4.40234375,5636.0,0.3297162353992462
4.40234375,5636.0,0.3297691345214844
4.40234375,5636.0,0.32982203364372253
4.40234375,5636.0,0.3298749327659607
4.40234375,5640.0,0.32992783188819885
4.40234375,5640.0,0.329980731010437
4.40234375,5640.0,0.33003363013267517
4.40234375,5644.0,0.33008652925491333
4.40234375,5644.0,0.3301394283771515
4.40234375,5644.0,0.33019232749938965
4.40234375,5644.0,0.3302452266216278
4.40234375,5648.0,0.33029812574386597
4.40234375,5648.0,0.3303510248661041
4.40234375,5648.0,0.3304039239883423
4.40234375,5648.0,0.33045682311058044
4.40234375,5652.0,0.3305097222328186
4.40234375,5652.0,0.33056262135505676
4.40234375,5652.0,0.3306155204772949
4.40234375,5652.0,0.3306684195995331
4.40234375,5656.0,0.33072131872177124
4.40234375,5656.0,0.3307742178440094
4.40234375,5656.0,0.33082711696624756
4.40234375,5656.0,0.3308800160884857
4.40234375,5660.0,0.3309329152107239
4.40234375,5660.0,0.33098581433296204
4.40234375,5660.0,0.3310387134552002
4.40234375,5660.0,0.33109161257743835
4.40234375,5664.0,0.3311445116996765
4.40234375,5664.0,0.3311974108219147
4.40234375,5664.0,0.33125030994415283
4.40234375,5664.0,0.331303209066391
4.40234375,5668.0,0.33135610818862915
4.40234375,5668.0,0.3314090073108673
4.40234375,5668.0,0.33146190643310547
4.40234375,5668.0,0.33151480555534363
4.40234375,5672.0,0.3315677046775818
4.40234375,5672.0,0.33162060379981995
4.40234375,5672.0,0.3316735029220581
4.40234375,5672.0,0.33172640204429626
4.40234375,5676.0,0.3317793011665344
4.40234375,5676.0,0.3318322002887726
4.40234375,5676.0,0.33188509941101074
4.40234375,5676.0,0.3319379985332489
4.40234375,5680.0,0.33199089765548706
4.40234375,5680.0,0.3320437967777252
4.40234375,5680.0,0.3320966958999634
4.40234375,5680.0,0.33214959502220154
4.40234375,5684.0,0.3322024941444397
4.40625,5684.0,0.33225539326667786
4.40625,5684.0,0.332308292388916
4.40625,5684.0,0.3323611915111542
4.40625,5688.0,0.33241409063339233
4.40625,5688.0,0.3324669897556305
4.40625,5688.0,0.33251988887786865
4.40625,5688.0,0.3325727880001068
4.40625,5692.0,0.33262568712234497
4.40625,5692.0,0.33267858624458313
4.40625,5692.0,0.3327314853668213
4.40625,5692.0,0.33278438448905945
4.40625,5696.0,0.3328372836112976
4.40625,5696.0,0.33289018273353577
4.40625,5696.0,0.3329430818557739
4.40625,5696.0,0.3329959809780121
4.40625,5700.0,0.33304888010025024
4.40625,5700.0,0.3331017792224884
4.40625,5700.0,0.33315467834472656
4.40625,5700.0,0.3332075774669647
4.40625,5704.0,0.3332604765892029
4.40625,5704.0,0.33331337571144104
4.40625,5704.0,0.3333662748336792
4.40625,5704.0,0.33341917395591736
4.40625,5708.0,0.3334720730781555
4.41015625,5708.0,0.3335249722003937
4.41015625,5708.0,0.33357787132263184
4.41015625,5708.0,0.33363077044487
4.41015625,5712.0,0.33368366956710815
4.41015625,5712.0,0.3337365686893463
4.41015625,5712.0,0.3337894678115845
4.41015625,5712.0,0.33384236693382263
4.41015625,5716.0,0.3338952660560608
4.41015625,5716.0,0.33394816517829895
4.41015625,5716.0,0.3340010643005371
4.41015625,5716.0,0.33405396342277527
4.41015625,5720.0,0.3341068625450134
4.41015625,5720.0,0.3341597616672516
4.41015625,5720.0,0.33421266078948975
4.41015625,5720.0,0.3342655599117279
4.41015625,5724.0,0.33431845903396606
4.41015625,5724.0,0.3343713581562042
4.41015625,5724.0,0.3344242572784424
4.41015625,5724.0,0.33447715640068054
4.41015625,5728.0,0.3345300555229187
4.41015625,5728.0,0.33458295464515686
4.41015625,5728.0,0.334635853767395
4.41015625,5728.0,0.3346887528896332
4.41015625,5732.0,0.33474165201187134
4.41015625,5732.0,0.3347945511341095
4.41015625,5732.0,0.33484745025634766
4.41015625,5736.0,0.3349003493785858
4.41015625,5736.0,0.334953248500824
4.41015625,5736.0,0.33500614762306213
4.41015625,5736.0,0.3350590467453003
4.41015625,5740.0,0.33511194586753845
4.41015625,5740.0,0.3351648449897766
4.41015625,5740.0,0.33521774411201477
4.41015625,5740.0,0.33527064323425293
4.41015625,5744.0,0.3353235423564911
4.41015625,5744.0,0.33537644147872925
4.41015625,5744.0,0.3354293406009674
4.41015625,5744.0,0.33548223972320557
4.41015625,5748.0,0.3355351388454437
4.41015625,5748.0,0.3355880379676819
4.41015625,5748.0,0.33564093708992004
4.41015625,5748.0,0.3356938362121582
4.41015625,5752.0,0.33574673533439636
4.41015625,5752.0,0.3357996344566345
4.41015625,5752.0,0.3358525335788727
4.41015625,5752.0,0.33590543270111084
4.41015625,5756.0,0.335958331823349
4.41015625,5756.0,0.33601123094558716
4.41015625,5756.0,0.3360641300678253
4.41015625,5756.0,0.3361170291900635
4.41015625,5760.0,0.33616992831230164
4.41015625,5760.0,0.3362228274345398
4.41015625,5760.0,0.33627572655677795
4.41015625,5760.0,0.3363286256790161
4.41015625,5764.0,0.3363815248012543
4.41015625,5764.0,0.33643442392349243
4.41015625,5764.0,0.3364873230457306
4.41015625,5764.0,0.33654022216796875
4.41015625,5768.0,0.3365931212902069
4.41015625,5768.0,0.33664602041244507
4.41015625,5768.0,0.3366989195346832
4.41015625,5768.0,0.3367518186569214
4.41015625,5772.0,0.33680471777915955
4.41015625,5772.0,0.3368576169013977
4.41015625,5772.0,0.33691051602363586
4.41015625,5772.0,0.336963415145874
4.41015625,5776.0,0.3370163142681122
4.41015625,5776.0,0.33706921339035034
4.41015625,5776.0,0.3371221125125885
4.41015625,5776.0,0.33717501163482666
4.41015625,5780.0,0.3372279107570648
4.41015625,5780.0,0.337280809879303
4.41015625,5780.0,0.33733370900154114
4.41015625,5780.0,0.3373866081237793
4.41015625,5784.0,0.33743950724601746
4.41015625,5784.0,0.3374924063682556
4.41015625,5784.0,0.3375453054904938
4.41015625,5784.0,0.33759820461273193
4.41015625,5788.0,0.3376511037349701
4.41015625,5788.0,0.33770400285720825
4.41015625,5788.0,0.3377569019794464
4.41015625,5788.0,0.33780980110168457
4.41015625,5792.0,0.33786270022392273
4.41015625,5792.0,0.3379155993461609
4.41015625,5792.0,0.33796849846839905
4.41015625,5792.0,0.3380213975906372
4.41015625,5796.0,0.33807429671287537
4.41015625,5796.0,0.3381271958351135
4.41015625,5796.0,0.3381800949573517
4.41015625,5796.0,0.33823299407958984
4.41015625,5800.0,0.338285893201828
4.41015625,5800.0,0.33833879232406616
4.41015625,5800.0,0.3383916914463043
4.41015625,5800.0,0.3384445905685425
4.41015625,5804.0,0.33849748969078064
4.41015625,5804.0,0.3385503888130188
4.41015625,5804.0,0.33860328793525696
4.40625,5804.0,0.3386561870574951
4.40625,5808.0,0.3387090861797333
4.40625,5808.0,0.33876198530197144
4.40625,5808.0,0.3388148844242096
4.40625,5808.0,0.33886778354644775
4.40625,5812.0,0.3389206826686859
4.40625,5812.0,0.3389735817909241
4.40625,5812.0,0.33902648091316223
4.40625,5812.0,0.3390793800354004
4.40625,5816.0,0.33913227915763855
4.40625,5816.0,0.3391851782798767
4.40625,5816.0,0.33923807740211487
4.40625,5816.0,0.339290976524353
4.40625,5820.0,0.3393438756465912
4.40625,5820.0,0.33939677476882935
4.40625,5820.0,0.3394496738910675
4.40625,5824.0,0.33950257301330566
4.40625,5824.0,0.3395554721355438
4.40625,5824.0,0.339608371257782
4.40625,5824.0,0.33966127038002014
4.40625,5828.0,0.3397141695022583
4.40625,5828.0,0.33976706862449646
4.40625,5828.0,0.3398199677467346
4.40625,5828.0,0.3398728668689728
4.40625,5832.0,0.33992576599121094
4.40625,5832.0,0.3399786651134491
4.40625,5832.0,0.34003156423568726
4.40625,5832.0,0.3400844633579254
4.40625,5836.0,0.3401373624801636
4.40625,5836.0,0.34019026160240173
4.40625,5836.0,0.3402431607246399
4.40625,5836.0,0.34029605984687805
4.40625,5840.0,0.3403489589691162
4.41015625,5840.0,0.34040185809135437
4.41015625,5840.0,0.34045475721359253
4.41015625,5840.0,0.3405076563358307
4.41015625,5844.0,0.34056055545806885
4.41015625,5844.0,0.340613454580307
4.41015625,5844.0,0.34066635370254517
4.41015625,5844.0,0.3407192528247833
4.41015625,5848.0,0.3407721519470215
4.41015625,5848.0,0.34082505106925964
4.41015625,5848.0,0.3408779501914978
4.41015625,5848.0,0.34093084931373596
4.41015625,5852.0,0.3409837484359741
4.41015625,5852.0,0.3410366475582123
4.41015625,5852.0,0.34108954668045044
4.41015625,5852.0,0.3411424458026886
4.41015625,5856.0,0.34119534492492676
4.41015625,5856.0,0.3412482440471649
4.41015625,5856.0,0.3413011431694031
4.41015625,5856.0,0.34135404229164124
4.4140625,5860.0,0.3414069414138794
4.4140625,5860.0,0.34145984053611755
4.4140625,5860.0,0.3415127396583557
4.4140625,5860.0,0.34156563878059387
4.4140625,5864.0,0.34161853790283203
4.4140625,5864.0,0.3416714370250702
4.4140625,5864.0,0.34172433614730835
4.4140625,5864.0,0.3417772352695465
4.4140625,5868.0,0.34183013439178467
4.4140625,5868.0,0.3418830335140228
4.4140625,5868.0,0.341935932636261
4.4140625,5868.0,0.34198883175849915
4.4140625,5872.0,0.3420417308807373
4.4140625,5872.0,0.34209463000297546
4.4140625,5872.0,0.3421475291252136
4.4140625,5872.0,0.3422004282474518
4.4140625,5876.0,0.34225332736968994
4.4140625,5876.0,0.3423062264919281
4.4140625,5876.0,0.34235912561416626
4.4140625,5876.0,0.3424120247364044
4.4140625,5880.0,0.3424649238586426
4.41796875,5880.0,0.34251782298088074
4.41796875,5880.0,0.3425707221031189
4.41796875,5880.0,0.34262362122535706
4.41796875,5884.0,0.3426765203475952
4.41796875,5884.0,0.3427294194698334
4.41796875,5884.0,0.34278231859207153
4.41796875,5884.0,0.3428352177143097
4.41796875,5888.0,0.34288811683654785
4.41796875,5888.0,0.342941015958786
4.41796875,5888.0,0.34299391508102417
4.41796875,5888.0,0.34304681420326233
4.41796875,5892.0,0.3430997133255005
4.41796875,5892.0,0.34315261244773865
4.41796875,5892.0,0.3432055115699768
4.41796875,5892.0,0.34325841069221497
4.41796875,5896.0,0.3433113098144531
4.41796875,5896.0,0.3433642089366913
4.41796875,5896.0,0.34341710805892944
4.41796875,5896.0,0.3434700071811676
4.41796875,5900.0,0.34352290630340576
4.41796875,5900.0,0.3435758054256439
4.41796875,5900.0,0.3436287045478821
4.41796875,5904.0,0.34368160367012024
4.41796875,5904.0,0.3437345027923584
4.41796875,5904.0,0.34378740191459656
4.41796875,5904.0,0.3438403010368347
4.41796875,5908.0,0.3438932001590729
4.41796875,5908.0,0.34394609928131104
4.41796875,5908.0,0.3439989984035492
4.41796875,5908.0,0.34405189752578735
4.41796875,5912.0,0.3441047966480255
4.41796875,5912.0,0.34415769577026367
4.41796875,5912.0,0.34421059489250183
4.41796875,5912.0,0.34426349401474
4.41796875,5916.0,0.34431639313697815
4.41796875,5916.0,0.3443692922592163
4.41796875,5916.0,0.34442219138145447
4.41796875,5916.0,0.3444750905036926
4.41796875,5920.0,0.3445279896259308
4.41796875,5920.0,0.34458088874816895
4.41796875,5920.0,0.3446337878704071
4.41796875,5920.0,0.34468668699264526
4.41796875,5924.0,0.3447395861148834
4.41796875,5924.0,0.3447924852371216
4.41796875,5924.0,0.34484538435935974
4.41796875,5924.0,0.3448982834815979
4.41796875,5928.0,0.34495118260383606
4.41796875,5928.0,0.3450040817260742
4.41796875,5928.0,0.3450569808483124
4.41796875,5928.0,0.34510987997055054
4.41796875,5932.0,0.3451627790927887
4.41796875,5932.0,0.34521567821502686
4.41796875,5932.0,0.345268577337265
4.41796875,5932.0,0.3453214764595032
4.41796875,5936.0,0.34537437558174133
4.41796875,5936.0,0.3454272747039795
4.41796875,5936.0,0.34548017382621765
4.41796875,5936.0,0.3455330729484558
4.41796875,5940.0,0.34558597207069397
4.41796875,5940.0,0.34563887119293213
4.41796875,5940.0,0.3456917703151703
4.41796875,5940.0,0.34574466943740845
4.41796875,5944.0,0.3457975685596466
4.41796875,5944.0,0.34585046768188477
4.41796875,5944.0,0.3459033668041229
4.41796875,5944.0,0.3459562659263611
4.41796875,5948.0,0.34600916504859924
4.41796875,5948.0,0.3460620641708374
4.41796875,5948.0,0.34611496329307556
4.41796875,5948.0,0.3461678624153137
4.41796875,5952.0,0.3462207615375519
4.41796875,5952.0,0.34627366065979004
4.41796875,5952.0,0.3463265597820282
4.41796875,5952.0,0.34637945890426636
4.41796875,5956.0,0.3464323580265045
4.41796875,5956.0,0.3464852571487427
4.41796875,5956.0,0.34653815627098083
4.41796875,5956.0,0.346591055393219
4.41796875,5960.0,0.34664395451545715
4.41796875,5960.0,0.3466968536376953
4.41796875,5960.0,0.34674975275993347
4.41796875,5960.0,0.34680265188217163
4.41796875,5964.0,0.3468555510044098
4.41796875,5964.0,0.34690845012664795
4.41796875,5964.0,0.3469613492488861
4.41796875,5964.0,0.34701424837112427
4.41796875,5968.0,0.3470671474933624
4.41796875,5968.0,0.3471200466156006
4.41796875,5968.0,0.34717294573783875
4.41796875,5968.0,0.3472258448600769
4.41796875,5972.0,0.34727874398231506
4.41796875,5972.0,0.3473316431045532
4.41796875,5972.0,0.3473845422267914
4.421875,5972.0,0.34743744134902954
4.421875,5976.0,0.3474903404712677
4.421875,5976.0,0.34754323959350586
4.421875,5976.0,0.347596138715744
4.421875,5980.0,0.3476490378379822
4.421875,5980.0,0.34770193696022034
4.421875,5980.0,0.3477548360824585
4.421875,5980.0,0.34780773520469666
4.421875,5984.0,0.3478606343269348
4.421875,5984.0,0.347913533449173
4.421875,5984.0,0.34796643257141113
4.421875,5984.0,0.3480193316936493
4.421875,5988.0,0.34807223081588745
4.421875,5988.0,0.3481251299381256
4.421875,5988.0,0.34817802906036377
4.421875,5988.0,0.34823092818260193
4.421875,5992.0,0.3482838273048401
4.421875,5992.0,0.34833672642707825
4.421875,5992.0,0.3483896255493164
4.421875,5992.0,0.34844252467155457
4.42578125,5996.0,0.3484954237937927
4.42578125,5996.0,0.3485483229160309
4.42578125,5996.0,0.34860122203826904
4.42578125,5996.0,0.3486541211605072
4.42578125,6000.0,0.34870702028274536
4.42578125,6000.0,0.3487599194049835
4.42578125,6000.0,0.3488128185272217
4.42578125,6000.0,0.34886571764945984
4.42578125,6004.0,0.348918616771698
4.42578125,6004.0,0.34897151589393616
4.42578125,6004.0,0.3490244150161743
4.4296875,6004.0,0.3490773141384125
4.4296875,6008.0,0.34913021326065063
4.4296875,6008.0,0.3491831123828888
4.4296875,6008.0,0.34923601150512695
4.4296875,6008.0,0.3492889106273651
4.4296875,6012.0,0.34934180974960327
4.4296875,6012.0,0.34939470887184143
4.4296875,6012.0,0.3494476079940796
4.43359375,6012.0,0.34950050711631775
4.43359375,6016.0,0.3495534062385559
4.43359375,6016.0,0.34960630536079407
4.43359375,6016.0,0.3496592044830322
4.43359375,6016.0,0.3497121036052704
4.43359375,6020.0,0.34976500272750854
4.43359375,6020.0,0.3498179018497467
4.4375,6020.0,0.34987080097198486
4.4375,6020.0,0.349923700094223
4.4375,6024.0,0.3499765992164612
4.4375,6024.0,0.35002949833869934
4.4375,6024.0,0.3500823974609375
4.4375,6024.0,0.35013529658317566
4.4375,6028.0,0.3501881957054138
4.4375,6028.0,0.350241094827652
4.4375,6028.0,0.35029399394989014
4.44140625,6028.0,0.3503468930721283
4.44140625,6032.0,0.35039979219436646
4.44140625,6032.0,0.3504526913166046
4.44140625,6032.0,0.3505055904388428
4.44140625,6032.0,0.35055848956108093
4.44140625,6036.0,0.3506113886833191
4.44140625,6036.0,0.35066428780555725
4.44140625,6036.0,0.3507171869277954
4.44140625,6036.0,0.35077008605003357
4.44140625,6040.0,0.35082298517227173
4.44140625,6040.0,0.3508758842945099
4.44140625,6040.0,0.35092878341674805
4.4453125,6040.0,0.3509816825389862
4.4453125,6044.0,0.35103458166122437
4.4453125,6044.0,0.3510874807834625
4.4453125,6044.0,0.3511403799057007
4.4453125,6048.0,0.35119327902793884
4.4453125,6048.0,0.351246178150177
4.4453125,6048.0,0.35129907727241516
4.4453125,6048.0,0.3513519763946533
4.4453125,6052.0,0.3514048755168915
4.4453125,6052.0,0.35145777463912964
4.4453125,6052.0,0.3515106737613678
4.4453125,6052.0,0.35156357288360596
4.4453125,6056.0,0.3516164720058441
4.44921875,6056.0,0.3516693711280823
4.44921875,6056.0,0.35172227025032043
4.44921875,6056.0,0.3517751693725586
4.44921875,6060.0,0.35182806849479675
4.44921875,6060.0,0.3518809676170349
4.44921875,6060.0,0.35193386673927307
4.44921875,6060.0,0.35198676586151123
4.44921875,6064.0,0.3520396649837494
4.44921875,6064.0,0.35209256410598755
4.44921875,6064.0,0.3521454632282257
4.44921875,6064.0,0.35219836235046387
4.44921875,6068.0,0.352251261472702
4.44921875,6068.0,0.3523041605949402
4.44921875,6068.0,0.35235705971717834
4.44921875,6068.0,0.3524099588394165
4.44921875,6072.0,0.35246285796165466
4.44921875,6072.0,0.3525157570838928
4.453125,6072.0,0.352568656206131
4.453125,6072.0,0.35262155532836914
4.453125,6076.0,0.3526744544506073
4.453125,6076.0,0.35272735357284546
4.453125,6076.0,0.3527802526950836
4.453125,6076.0,0.3528331518173218
4.453125,6080.0,0.35288605093955994
4.453125,6080.0,0.3529389500617981
4.453125,6080.0,0.35299184918403625
4.453125,6080.0,0.3530447483062744
4.453125,6084.0,0.3530976474285126
4.453125,6084.0,0.35315054655075073
4.453125,6084.0,0.3532034456729889
4.453125,6084.0,0.35325634479522705
4.453125,6088.0,0.3533092439174652
4.453125,6088.0,0.35336214303970337
4.453125,6088.0,0.35341504216194153
4.453125,6088.0,0.3534679412841797
4.453125,6092.0,0.35352084040641785
4.453125,6092.0,0.353573739528656
4.453125,6092.0,0.35362663865089417
4.453125,6092.0,0.3536795377731323
4.453125,6096.0,0.3537324368953705
4.453125,6096.0,0.35378533601760864
4.45703125,6096.0,0.3538382351398468
4.45703125,6096.0,0.35389113426208496
4.45703125,6100.0,0.3539440333843231
4.45703125,6100.0,0.3539969325065613
4.45703125,6100.0,0.35404983162879944
4.45703125,6100.0,0.3541027307510376
4.45703125,6104.0,0.35415562987327576
4.45703125,6104.0,0.3542085289955139
4.45703125,6104.0,0.3542614281177521
4.45703125,6104.0,0.35431432723999023
4.45703125,6108.0,0.3543672263622284
4.45703125,6108.0,0.35442012548446655
4.45703125,6108.0,0.3544730246067047
4.45703125,6108.0,0.35452592372894287
4.45703125,6112.0,0.35457882285118103
4.45703125,6112.0,0.3546317219734192
4.45703125,6112.0,0.35468462109565735
4.45703125,6112.0,0.3547375202178955
4.45703125,6116.0,0.35479041934013367
4.4609375,6116.0,0.3548433184623718
4.4609375,6116.0,0.35489621758461
4.4609375,6120.0,0.35494911670684814
4.4609375,6120.0,0.3550020158290863
4.4609375,6120.0,0.35505491495132446
4.4609375,6120.0,0.3551078140735626
4.4609375,6124.0,0.3551607131958008
4.4609375,6124.0,0.35521361231803894
4.4609375,6124.0,0.3552665114402771
4.4609375,6124.0,0.35531941056251526
4.46484375,6128.0,0.3553723096847534
4.46484375,6128.0,0.3554252088069916
4.46484375,6128.0,0.35547810792922974
4.46484375,6128.0,0.3555310070514679
4.46484375,6132.0,0.35558390617370605
4.46484375,6132.0,0.3556368052959442
4.46484375,6132.0,0.3556897044181824
4.46875,6132.0,0.35574260354042053
4.46875,6136.0,0.3557955026626587
4.46875,6136.0,0.35584840178489685
4.46875,6136.0,0.355901300907135
4.46875,6136.0,0.35595420002937317
4.46875,6140.0,0.35600709915161133
4.46875,6140.0,0.3560599982738495
4.46875,6140.0,0.35611289739608765
4.47265625,6140.0,0.3561657965183258
4.47265625,6144.0,0.35621869564056396
4.47265625,6144.0,0.3562715947628021
4.47265625,6144.0,0.3563244938850403
4.47265625,6144.0,0.35637739300727844
4.47265625,6148.0,0.3564302921295166
4.47265625,6148.0,0.35648319125175476
4.4765625,6148.0,0.3565360903739929
4.4765625,6148.0,0.3565889894962311
4.4765625,6152.0,0.35664188861846924
4.4765625,6152.0,0.3566947877407074
4.4765625,6152.0,0.35674768686294556
4.4765625,6152.0,0.3568005859851837
4.4765625,6156.0,0.3568534851074219
4.48046875,6156.0,0.35690638422966003
4.48046875,6156.0,0.3569592833518982
4.48046875,6156.0,0.35701218247413635
4.48046875,6160.0,0.3570650815963745
4.48046875,6160.0,0.35711798071861267
4.48046875,6160.0,0.35717087984085083
4.48046875,6160.0,0.357223778963089
4.484375,6164.0,0.35727667808532715
4.484375,6164.0,0.3573295772075653
4.484375,6164.0,0.35738247632980347
4.484375,6164.0,0.3574353754520416
4.484375,6168.0,0.3574882745742798
4.484375,6168.0,0.35754117369651794
4.484375,6168.0,0.3575940728187561
4.48828125,6168.0,0.35764697194099426
4.48828125,6172.0,0.3576998710632324
4.48828125,6172.0,0.3577527701854706
4.48828125,6172.0,0.35780566930770874
4.48828125,6172.0,0.3578585684299469
4.48828125,6176.0,0.35791146755218506
4.48828125,6176.0,0.3579643666744232
4.4921875,6176.0,0.3580172657966614
4.4921875,6176.0,0.35807016491889954
4.4921875,6180.0,0.3581230640411377
4.4921875,6180.0,0.35817596316337585
4.4921875,6180.0,0.358228862285614
4.4921875,6184.0,0.3582817614078522
4.49609375,6184.0,0.35833466053009033
4.49609375,6184.0,0.3583875596523285
4.49609375,6184.0,0.35844045877456665
4.49609375,6188.0,0.3584933578968048
4.49609375,6188.0,0.35854625701904297
4.49609375,6188.0,0.35859915614128113
4.49609375,6188.0,0.3586520552635193
4.5,6192.0,0.35870495438575745
4.5,6192.0,0.3587578535079956
4.5,6192.0,0.35881075263023376
4.5,6192.0,0.3588636517524719
4.5,6196.0,0.3589165508747101
4.5,6196.0,0.35896944999694824
4.5,6196.0,0.3590223491191864
4.5,6196.0,0.35907524824142456
4.50390625,6200.0,0.3591281473636627
4.50390625,6200.0,0.3591810464859009
4.50390625,6200.0,0.35923394560813904
4.50390625,6200.0,0.3592868447303772
4.50390625,6204.0,0.35933974385261536
4.50390625,6204.0,0.3593926429748535
4.50390625,6204.0,0.3594455420970917
4.50390625,6204.0,0.35949844121932983
4.50390625,6208.0,0.359551340341568
4.5078125,6208.0,0.35960423946380615
4.5078125,6208.0,0.3596571385860443
4.5078125,6208.0,0.35971003770828247
4.5078125,6212.0,0.35976293683052063
4.5078125,6212.0,0.3598158359527588
4.5078125,6212.0,0.35986873507499695
4.5078125,6212.0,0.3599216341972351
4.5078125,6216.0,0.35997453331947327
4.5078125,6216.0,0.3600274324417114
4.5078125,6216.0,0.3600803315639496
4.5078125,6216.0,0.36013323068618774
4.5078125,6220.0,0.3601861298084259
4.5078125,6220.0,0.36023902893066406
4.51171875,6220.0,0.3602919280529022
4.51171875,6220.0,0.3603448271751404
4.51171875,6224.0,0.36039772629737854
4.51171875,6224.0,0.3604506254196167
4.51171875,6224.0,0.36050352454185486
4.51171875,6224.0,0.360556423664093
4.51171875,6228.0,0.3606093227863312
4.51171875,6228.0,0.36066222190856934
4.51171875,6228.0,0.3607151210308075
4.51171875,6228.0,0.36076802015304565
4.51171875,6232.0,0.3608209192752838
4.51171875,6232.0,0.360873818397522
4.51171875,6232.0,0.36092671751976013
4.51171875,6232.0,0.3609796166419983
4.51171875,6236.0,0.36103251576423645
4.515625,6236.0,0.3610854148864746
4.515625,6236.0,0.36113831400871277
4.515625,6236.0,0.3611912131309509
4.515625,6240.0,0.3612441122531891
4.515625,6240.0,0.36129701137542725
4.515625,6240.0,0.3613499104976654
4.515625,6240.0,0.36140280961990356
4.515625,6244.0,0.3614557087421417
4.515625,6244.0,0.3615086078643799
4.515625,6244.0,0.36156150698661804
4.515625,6244.0,0.3616144061088562
4.515625,6248.0,0.36166730523109436
4.515625,6248.0,0.3617202043533325
4.515625,6248.0,0.3617731034755707
4.51953125,6252.0,0.36182600259780884
4.51953125,6252.0,0.361878901720047
4.51953125,6252.0,0.36193180084228516
4.51953125,6252.0,0.3619846999645233
4.51953125,6256.0,0.3620375990867615
4.51953125,6256.0,0.36209049820899963
4.51953125,6256.0,0.3621433973312378
4.51953125,6256.0,0.36219629645347595
4.51953125,6260.0,0.3622491955757141
4.51953125,6260.0,0.36230209469795227
4.51953125,6260.0,0.36235499382019043
4.5234375,6260.0,0.3624078929424286
4.5234375,6264.0,0.36246079206466675
4.5234375,6264.0,0.3625136911869049
4.5234375,6264.0,0.36256659030914307
4.5234375,6264.0,0.3626194894313812
4.5234375,6268.0,0.3626723885536194
4.5234375,6268.0,0.36272528767585754
4.5234375,6268.0,0.3627781867980957
4.5234375,6268.0,0.36283108592033386
4.52734375,6272.0,0.362883985042572
4.52734375,6272.0,0.3629368841648102
4.52734375,6272.0,0.36298978328704834
4.52734375,6272.0,0.3630426824092865
4.52734375,6276.0,0.36309558153152466
4.52734375,6276.0,0.3631484806537628
4.52734375,6276.0,0.363201379776001
4.52734375,6276.0,0.36325427889823914
4.52734375,6280.0,0.3633071780204773
4.53125,6280.0,0.36336007714271545
4.53125,6280.0,0.3634129762649536
4.53125,6280.0,0.3634658753871918
4.53125,6284.0,0.36351877450942993
4.53125,6284.0,0.3635716736316681
4.53125,6284.0,0.36362457275390625
4.53125,6284.0,0.3636774718761444
4.53515625,6288.0,0.36373037099838257
4.53515625,6288.0,0.3637832701206207
4.53515625,6288.0,0.3638361692428589
4.53515625,6288.0,0.36388906836509705
4.53515625,6292.0,0.3639419674873352
4.53515625,6292.0,0.36399486660957336
4.5390625,6292.0,0.3640477657318115
4.5390625,6292.0,0.3641006648540497
4.5390625,6296.0,0.36415356397628784
4.5390625,6296.0,0.364206463098526
4.5390625,6296.0,0.36425936222076416
4.54296875,6296.0,0.3643122613430023
4.54296875,6300.0,0.3643651604652405
4.54296875,6300.0,0.36441805958747864
4.54296875,6300.0,0.3644709587097168
4.54296875,6300.0,0.36452385783195496
4.546875,6304.0,0.3645767569541931
4.546875,6304.0,0.3646296560764313
4.546875,6304.0,0.36468255519866943
4.546875,6304.0,0.3647354543209076
4.55078125,6308.0,0.36478835344314575
4.55078125,6308.0,0.3648412525653839
4.55078125,6308.0,0.36489415168762207
4.55078125,6312.0,0.36494705080986023
4.5546875,6312.0,0.3649999499320984
4.5546875,6312.0,0.36505284905433655
4.5546875,6312.0,0.3651057481765747
4.5546875,6316.0,0.36515864729881287
4.55859375,6316.0,0.365211546421051
4.55859375,6316.0,0.3652644455432892
4.55859375,6316.0,0.36531734466552734
4.55859375,6320.0,0.3653702437877655
4.55859375,6320.0,0.36542314291000366
4.5625,6320.0,0.3654760420322418
4.5625,6320.0,0.36552894115448
4.5625,6324.0,0.36558184027671814
4.5625,6324.0,0.3656347393989563
4.56640625,6324.0,0.36568763852119446
4.56640625,6324.0,0.3657405376434326
4.56640625,6328.0,0.3657934367656708
4.56640625,6328.0,0.36584633588790894
4.5703125,6328.0,0.3658992350101471
4.5703125,6328.0,0.36595213413238525
4.5703125,6332.0,0.3660050332546234
4.5703125,6332.0,0.3660579323768616
4.57421875,6332.0,0.36611083149909973
4.57421875,6332.0,0.3661637306213379
4.57421875,6336.0,0.36621662974357605
4.57421875,6336.0,0.3662695288658142
4.578125,6336.0,0.36632242798805237
4.578125,6336.0,0.3663753271102905
4.578125,6340.0,0.3664282262325287
4.58203125,6340.0,0.36648112535476685
4.58203125,6340.0,0.366534024477005
4.58203125,6340.0,0.36658692359924316
4.58203125,6344.0,0.3666398227214813
4.5859375,6344.0,0.3666927218437195
4.5859375,6344.0,0.36674562096595764
4.5859375,6344.0,0.3667985200881958
4.5859375,6348.0,0.36685141921043396
4.58984375,6348.0,0.3669043183326721
4.58984375,6348.0,0.3669572174549103
4.58984375,6348.0,0.36701011657714844
4.58984375,6352.0,0.3670630156993866
4.59375,6352.0,0.36711591482162476
4.59375,6352.0,0.3671688139438629
4.59375,6352.0,0.3672217130661011
4.59765625,6356.0,0.36727461218833923
4.59765625,6356.0,0.3673275113105774
4.59765625,6356.0,0.36738041043281555
4.59765625,6356.0,0.3674333095550537
4.6015625,6360.0,0.36748620867729187
4.6015625,6360.0,0.36753910779953003
4.6015625,6360.0,0.3675920069217682
4.6015625,6360.0,0.36764490604400635
4.60546875,6364.0,0.3676978051662445
4.60546875,6364.0,0.36775070428848267
4.60546875,6364.0,0.3678036034107208
4.60546875,6364.0,0.367856502532959
4.609375,6368.0,0.36790940165519714
4.609375,6368.0,0.3679623007774353
4.609375,6368.0,0.36801519989967346
4.609375,6372.0,0.3680680990219116
4.61328125,6372.0,0.3681209981441498
4.61328125,6372.0,0.36817389726638794
4.61328125,6372.0,0.3682267963886261
4.61328125,6376.0,0.36827969551086426
4.61328125,6376.0,0.3683325946331024
4.6171875,6376.0,0.3683854937553406
4.6171875,6376.0,0.36843839287757874
4.6171875,6380.0,0.3684912919998169
4.6171875,6380.0,0.36854419112205505
4.62109375,6380.0,0.3685970902442932
4.62109375,6380.0,0.36864998936653137
4.62109375,6384.0,0.36870288848876953
4.62109375,6384.0,0.3687557876110077
4.62109375,6384.0,0.36880868673324585
4.62109375,6384.0,0.368861585855484
4.625,6388.0,0.36891448497772217
4.625,6388.0,0.3689673840999603
4.625,6388.0,0.3690202832221985
4.625,6388.0,0.36907318234443665
4.625,6392.0,0.3691260814666748
4.625,6392.0,0.36917898058891296
4.625,6392.0,0.3692318797111511
4.62890625,6392.0,0.3692847788333893
4.62890625,6396.0,0.36933767795562744
4.62890625,6396.0,0.3693905770778656
4.62890625,6396.0,0.36944347620010376
4.62890625,6396.0,0.3694963753223419
4.62890625,6400.0,0.3695492744445801
4.62890625,6400.0,0.36960217356681824
4.6328125,6400.0,0.3696550726890564
4.6328125,6400.0,0.36970797181129456
4.6328125,6404.0,0.3697608709335327
4.6328125,6404.0,0.3698137700557709
4.6328125,6404.0,0.36986666917800903
4.6328125,6404.0,0.3699195683002472
4.6328125,6408.0,0.36997246742248535
4.63671875,6408.0,0.3700253665447235
4.63671875,6408.0,0.37007826566696167
4.63671875,6408.0,0.37013116478919983
4.63671875,6412.0,0.370184063911438
4.63671875,6412.0,0.37023696303367615
4.63671875,6412.0,0.3702898621559143
4.63671875,6412.0,0.37034276127815247
4.640625,6416.0,0.3703956604003906
4.640625,6416.0,0.3704485595226288
4.640625,6416.0,0.37050145864486694
4.640625,6416.0,0.3705543577671051
4.640625,6420.0,0.37060725688934326
4.640625,6420.0,0.3706601560115814
4.640625,6420.0,0.3707130551338196
4.640625,6420.0,0.37076595425605774
4.64453125,6424.0,0.3708188533782959
4.64453125,6424.0,0.37087175250053406
4.64453125,6424.0,0.3709246516227722
4.64453125,6424.0,0.3709775507450104
4.64453125,6428.0,0.37103044986724854
4.64453125,6428.0,0.3710833489894867
4.64453125,6428.0,0.37113624811172485
4.64453125,6432.0,0.371189147233963
4.64453125,6432.0,0.37124204635620117
4.64453125,6432.0,0.37129494547843933
4.6484375,6432.0,0.3713478446006775
4.6484375,6436.0,0.37140074372291565
4.6484375,6436.0,0.3714536428451538
4.6484375,6436.0,0.37150654196739197
4.6484375,6436.0,0.3715594410896301
4.6484375,6440.0,0.3716123402118683
4.6484375,6440.0,0.37166523933410645
4.6484375,6440.0,0.3717181384563446
4.6484375,6440.0,0.37177103757858276
4.6484375,6444.0,0.3718239367008209
4.6484375,6444.0,0.3718768358230591
4.6484375,6444.0,0.37192973494529724
4.65234375,6444.0,0.3719826340675354
4.65234375,6448.0,0.37203553318977356
4.65234375,6448.0,0.3720884323120117
4.65234375,6448.0,0.3721413314342499
4.65234375,6448.0,0.37219423055648804
4.65234375,6452.0,0.3722471296787262
4.65234375,6452.0,0.37230002880096436
4.65234375,6452.0,0.3723529279232025
4.65234375,6452.0,0.3724058270454407
4.65234375,6456.0,0.37245872616767883
4.65234375,6456.0,0.372511625289917
4.65625,6456.0,0.37256452441215515
4.65625,6456.0,0.3726174235343933
4.65625,6460.0,0.37267032265663147
4.65625,6460.0,0.37272322177886963
4.65625,6460.0,0.3727761209011078
4.65625,6460.0,0.37282902002334595
4.65625,6464.0,0.3728819191455841
4.65625,6464.0,0.37293481826782227
4.65625,6464.0,0.3729877173900604
4.65625,6464.0,0.3730406165122986
4.65625,6468.0,0.37309351563453674
4.66015625,6468.0,0.3731464147567749
4.66015625,6468.0,0.37319931387901306
4.66015625,6468.0,0.3732522130012512
4.66015625,6472.0,0.3733051121234894
4.66015625,6472.0,0.37335801124572754
4.66015625,6472.0,0.3734109103679657
4.66015625,6472.0,0.37346380949020386
4.66015625,6476.0,0.373516708612442
4.66015625,6476.0,0.3735696077346802
4.66015625,6476.0,0.37362250685691833
4.66015625,6476.0,0.3736754059791565
4.6640625,6480.0,0.37372830510139465
4.6640625,6480.0,0.3737812042236328
4.6640625,6480.0,0.37383410334587097
4.6640625,6480.0,0.37388700246810913
4.6640625,6484.0,0.3739399015903473
4.6640625,6484.0,0.37399280071258545
4.6640625,6484.0,0.3740456998348236
4.6640625,6484.0,0.37409859895706177
4.6640625,6488.0,0.3741514980792999
4.6640625,6488.0,0.3742043972015381
4.6640625,6488.0,0.37425729632377625
4.6640625,6492.0,0.3743101954460144
4.6640625,6492.0,0.37436309456825256
4.6640625,6492.0,0.3744159936904907
4.6640625,6492.0,0.3744688928127289
4.6640625,6496.0,0.37452179193496704
4.6640625,6496.0,0.3745746910572052
4.6640625,6496.0,0.37462759017944336
4.6640625,6496.0,0.3746804893016815
4.6640625,6500.0,0.3747333884239197
4.6640625,6500.0,0.37478628754615784
4.6640625,6500.0,0.374839186668396
4.6640625,6500.0,0.37489208579063416
4.6640625,6504.0,0.3749449849128723
4.6640625,6504.0,0.3749978840351105
4.6640625,6504.0,0.37505078315734863
4.6640625,6504.0,0.3751036822795868
4.6640625,6508.0,0.37515658140182495
4.6640625,6508.0,0.3752094805240631
4.6640625,6508.0,0.37526237964630127
4.6640625,6508.0,0.37531527876853943
4.6640625,6512.0,0.3753681778907776
4.6640625,6512.0,0.37542107701301575
4.6640625,6512.0,0.3754739761352539
4.6640625,6512.0,0.37552687525749207
4.6640625,6516.0,0.3755797743797302
4.6640625,6516.0,0.3756326735019684
4.6640625,6516.0,0.37568557262420654
4.6640625,6516.0,0.3757384717464447
4.6640625,6520.0,0.37579137086868286
4.6640625,6520.0,0.375844269990921
4.6640625,6520.0,0.3758971691131592
4.6640625,6520.0,0.37595006823539734
4.6640625,6524.0,0.3760029673576355
4.6640625,6524.0,0.37605586647987366
4.6640625,6524.0,0.3761087656021118
4.6640625,6524.0,0.37616166472435
4.6640625,6528.0,0.37621456384658813
4.6640625,6528.0,0.3762674629688263
4.6640625,6528.0,0.37632036209106445
4.6640625,6528.0,0.3763732612133026
4.66015625,6532.0,0.37642616033554077
4.66015625,6532.0,0.37647905945777893
4.66015625,6532.0,0.3765319585800171
4.66015625,6532.0,0.37658485770225525
4.66015625,6536.0,0.3766377568244934
4.66015625,6536.0,0.37669065594673157
4.66015625,6536.0,0.3767435550689697
4.66015625,6536.0,0.3767964541912079
4.66015625,6540.0,0.37684935331344604
4.66015625,6540.0,0.3769022524356842
4.66015625,6540.0,0.37695515155792236
4.66015625,6540.0,0.3770080506801605
4.66015625,6544.0,0.3770609498023987
4.66015625,6544.0,0.37711384892463684
4.66015625,6544.0,0.377166748046875
4.66015625,6548.0,0.37721964716911316
4.66015625,6548.0,0.3772725462913513
4.66015625,6548.0,0.3773254454135895
4.66015625,6548.0,0.37737834453582764
4.66015625,6552.0,0.3774312436580658
4.66015625,6552.0,0.37748414278030396
4.66015625,6552.0,0.3775370419025421
4.66015625,6552.0,0.3775899410247803
4.66015625,6556.0,0.37764284014701843
4.66015625,6556.0,0.3776957392692566
4.66015625,6556.0,0.37774863839149475
4.66015625,6556.0,0.3778015375137329
4.66015625,6560.0,0.37785443663597107
4.66015625,6560.0,0.37790733575820923
4.66015625,6560.0,0.3779602348804474
4.66015625,6560.0,0.37801313400268555
4.65625,6564.0,0.3780660331249237
4.65625,6564.0,0.37811893224716187
4.65625,6564.0,0.3781718313694
4.65625,6564.0,0.3782247304916382
4.65625,6568.0,0.37827762961387634
4.65625,6568.0,0.3783305287361145
4.65625,6568.0,0.37838342785835266
4.65625,6568.0,0.3784363269805908
4.65625,6572.0,0.378489226102829
4.65625,6572.0,0.37854212522506714
4.65625,6572.0,0.3785950243473053
4.65625,6572.0,0.37864792346954346
4.65625,6576.0,0.3787008225917816
4.65625,6576.0,0.3787537217140198
4.65625,6576.0,0.37880662083625793
4.65625,6576.0,0.3788595199584961
4.65234375,6580.0,0.37891241908073425
4.65234375,6580.0,0.3789653182029724
4.65234375,6580.0,0.37901821732521057
4.65234375,6580.0,0.37907111644744873
4.65234375,6584.0,0.3791240155696869
4.65234375,6584.0,0.37917691469192505
4.65234375,6584.0,0.3792298138141632
4.65234375,6584.0,0.37928271293640137
4.65234375,6588.0,0.3793356120586395
4.65234375,6588.0,0.3793885111808777
4.65234375,6588.0,0.37944141030311584
4.65234375,6588.0,0.379494309425354
4.65234375,6592.0,0.37954720854759216
4.65234375,6592.0,0.3796001076698303
4.65234375,6592.0,0.3796530067920685
4.65234375,6592.0,0.37970590591430664
4.65234375,6596.0,0.3797588050365448
4.65234375,6596.0,0.37981170415878296
4.65234375,6596.0,0.3798646032810211
4.65234375,6596.0,0.3799175024032593
4.65234375,6600.0,0.37997040152549744
4.65234375,6600.0,0.3800233006477356
4.65625,6600.0,0.38007619976997375
4.65625,6604.0,0.3801290988922119
4.65625,6604.0,0.3801819980144501
4.65625,6604.0,0.38023489713668823
4.65625,6604.0,0.3802877962589264
4.65625,6608.0,0.38034069538116455
4.65625,6608.0,0.3803935945034027
4.65625,6608.0,0.38044649362564087
4.65625,6608.0,0.38049939274787903
4.65625,6612.0,0.3805522918701172
4.65625,6612.0,0.38060519099235535
4.65625,6612.0,0.3806580901145935
4.65625,6612.0,0.38071098923683167
4.65625,6616.0,0.3807638883590698
4.66015625,6616.0,0.380816787481308
4.66015625,6616.0,0.38086968660354614
4.66015625,6616.0,0.3809225857257843
4.66015625,6620.0,0.38097548484802246
4.66015625,6620.0,0.3810283839702606
4.66015625,6620.0,0.3810812830924988
4.66015625,6620.0,0.38113418221473694
4.66015625,6624.0,0.3811870813369751
4.66015625,6624.0,0.38123998045921326
4.66015625,6624.0,0.3812928795814514
4.6640625,6624.0,0.3813457787036896
4.6640625,6628.0,0.38139867782592773
4.6640625,6628.0,0.3814515769481659
4.6640625,6628.0,0.38150447607040405
4.6640625,6628.0,0.3815573751926422
4.6640625,6632.0,0.38161027431488037
4.6640625,6632.0,0.38166317343711853
4.6640625,6632.0,0.3817160725593567
4.6640625,6632.0,0.38176897168159485
4.6640625,6636.0,0.381821870803833
4.6640625,6636.0,0.38187476992607117
4.66796875,6636.0,0.3819276690483093
4.66796875,6636.0,0.3819805681705475
4.66796875,6640.0,0.38203346729278564
4.66796875,6640.0,0.3820863664150238
4.66796875,6640.0,0.38213926553726196
4.66796875,6640.0,0.3821921646595001
4.66796875,6644.0,0.3822450637817383
4.66796875,6644.0,0.38229796290397644
4.66796875,6644.0,0.3823508620262146
4.66796875,6644.0,0.38240376114845276
4.66796875,6648.0,0.3824566602706909
4.671875,6648.0,0.3825095593929291
4.671875,6648.0,0.38256245851516724
4.671875,6648.0,0.3826153576374054
4.671875,6652.0,0.38266825675964355
4.671875,6652.0,0.3827211558818817
4.671875,6652.0,0.3827740550041199
4.671875,6656.0,0.38282695412635803
4.671875,6656.0,0.3828798532485962
4.671875,6656.0,0.38293275237083435
4.671875,6656.0,0.3829856514930725
4.671875,6660.0,0.38303855061531067
4.67578125,6660.0,0.38309144973754883
4.67578125,6660.0,0.383144348859787
4.67578125,6660.0,0.38319724798202515
4.67578125,6664.0,0.3832501471042633
4.67578125,6664.0,0.38330304622650146
4.67578125,6664.0,0.3833559453487396
4.67578125,6664.0,0.3834088444709778
4.67578125,6668.0,0.38346174359321594
4.67578125,6668.0,0.3835146427154541
4.67578125,6668.0,0.38356754183769226
4.67578125,6668.0,0.3836204409599304
4.67578125,6672.0,0.3836733400821686
4.67578125,6672.0,0.38372623920440674
4.67578125,6672.0,0.3837791383266449
4.67578125,6672.0,0.38383203744888306
4.67578125,6676.0,0.3838849365711212
4.67578125,6676.0,0.3839378356933594
4.67578125,6676.0,0.38399073481559753
4.67578125,6676.0,0.3840436339378357
4.67578125,6680.0,0.38409653306007385
4.67578125,6680.0,0.384149432182312
4.67578125,6680.0,0.38420233130455017
4.67578125,6680.0,0.38425523042678833
4.67578125,6684.0,0.3843081295490265
4.67578125,6684.0,0.38436102867126465
4.67578125,6684.0,0.3844139277935028
4.67578125,6684.0,0.38446682691574097
4.67578125,6688.0,0.3845197260379791
4.67578125,6688.0,0.3845726251602173
4.67578125,6688.0,0.38462552428245544
4.67578125,6688.0,0.3846784234046936
4.67578125,6692.0,0.38473132252693176
4.67578125,6692.0,0.3847842216491699
4.67578125,6692.0,0.3848371207714081
4.67578125,6692.0,0.38489001989364624
4.67578125,6696.0,0.3849429190158844
4.67578125,6696.0,0.38499581813812256
4.67578125,6696.0,0.3850487172603607
4.67578125,6696.0,0.3851016163825989
4.67578125,6700.0,0.38515451550483704
4.67578125,6700.0,0.3852074146270752
4.671875,6700.0,0.38526031374931335
4.671875,6700.0,0.3853132128715515
4.671875,6704.0,0.3853661119937897
4.671875,6704.0,0.38541901111602783
4.671875,6704.0,0.385471910238266
4.671875,6704.0,0.38552480936050415
4.671875,6708.0,0.3855777084827423
4.671875,6708.0,0.38563060760498047
4.671875,6708.0,0.38568350672721863
4.671875,6712.0,0.3857364058494568
4.66796875,6712.0,0.38578930497169495
4.66796875,6712.0,0.3858422040939331
4.66796875,6712.0,0.38589510321617126
4.66796875,6716.0,0.3859480023384094
4.66796875,6716.0,0.3860009014606476
4.66796875,6716.0,0.38605380058288574
4.66796875,6716.0,0.3861066997051239
4.66796875,6720.0,0.38615959882736206
4.6640625,6720.0,0.3862124979496002
4.6640625,6720.0,0.3862653970718384
4.6640625,6720.0,0.38631829619407654
4.6640625,6724.0,0.3863711953163147
4.6640625,6724.0,0.38642409443855286
4.6640625,6724.0,0.386476993560791
4.6640625,6724.0,0.3865298926830292
4.6640625,6728.0,0.38658279180526733
4.6640625,6728.0,0.3866356909275055
4.66015625,6728.0,0.38668859004974365
4.66015625,6728.0,0.3867414891719818
4.66015625,6732.0,0.38679438829421997
4.66015625,6732.0,0.38684728741645813
4.66015625,6732.0,0.3869001865386963
4.66015625,6732.0,0.38695308566093445
4.66015625,6736.0,0.3870059847831726
4.66015625,6736.0,0.38705888390541077
4.66015625,6736.0,0.3871117830276489
4.66015625,6736.0,0.3871646821498871
4.66015625,6740.0,0.38721758127212524
4.66015625,6740.0,0.3872704803943634
4.66015625,6740.0,0.38732337951660156
4.65625,6740.0,0.3873762786388397
4.65625,6744.0,0.3874291777610779
4.65625,6744.0,0.38748207688331604
4.65625,6744.0,0.3875349760055542
4.65625,6744.0,0.38758787512779236
4.65625,6748.0,0.3876407742500305
4.65625,6748.0,0.3876936733722687
4.65625,6748.0,0.38774657249450684
4.65625,6748.0,0.387799471616745
4.65625,6752.0,0.38785237073898315
4.65625,6752.0,0.3879052698612213
4.65625,6752.0,0.3879581689834595
4.65625,6752.0,0.38801106810569763
4.65625,6756.0,0.3880639672279358
4.65625,6756.0,0.38811686635017395
4.65625,6756.0,0.3881697654724121
4.65625,6756.0,0.38822266459465027
4.65625,6760.0,0.3882755637168884
4.65625,6760.0,0.3883284628391266
4.65625,6760.0,0.38838136196136475
4.65625,6764.0,0.3884342610836029
4.65625,6764.0,0.38848716020584106
4.65625,6764.0,0.3885400593280792
4.65625,6764.0,0.3885929584503174
4.65625,6768.0,0.38864585757255554
4.65625,6768.0,0.3886987566947937
4.65625,6768.0,0.38875165581703186
4.65625,6768.0,0.38880455493927
4.65625,6772.0,0.3888574540615082
4.65625,6772.0,0.38891035318374634
4.65625,6772.0,0.3889632523059845
4.65625,6772.0,0.38901615142822266
4.65625,6776.0,0.3890690505504608
4.65625,6776.0,0.389121949672699
4.65625,6776.0,0.38917484879493713
4.65625,6776.0,0.3892277479171753
4.65625,6780.0,0.38928064703941345
4.65625,6780.0,0.3893335461616516
4.65625,6780.0,0.38938644528388977
4.65625,6780.0,0.38943934440612793
4.65625,6784.0,0.3894922435283661
4.65625,6784.0,0.38954514265060425
4.65625,6784.0,0.3895980417728424
4.65625,6784.0,0.38965094089508057
4.65625,6788.0,0.3897038400173187
4.65625,6788.0,0.3897567391395569
4.65234375,6788.0,0.38980963826179504
4.65234375,6788.0,0.3898625373840332
4.65234375,6792.0,0.38991543650627136
4.65234375,6792.0,0.3899683356285095
4.65234375,6792.0,0.3900212347507477
4.65234375,6792.0,0.39007413387298584
4.65234375,6796.0,0.390127032995224
4.65234375,6796.0,0.39017993211746216
4.65234375,6796.0,0.3902328312397003
4.65234375,6796.0,0.3902857303619385
4.65234375,6800.0,0.39033862948417664
4.65234375,6800.0,0.3903915286064148
4.65234375,6800.0,0.39044442772865295
4.65234375,6800.0,0.3904973268508911
4.65234375,6804.0,0.3905502259731293
4.65234375,6804.0,0.39060312509536743
4.65234375,6804.0,0.3906560242176056
4.65234375,6804.0,0.39070892333984375
4.65234375,6808.0,0.3907618224620819
4.65234375,6808.0,0.39081472158432007
4.65234375,6808.0,0.3908676207065582
4.65234375,6808.0,0.3909205198287964
4.65234375,6812.0,0.39097341895103455
4.65234375,6812.0,0.3910263180732727
4.65234375,6812.0,0.39107921719551086
4.65234375,6816.0,0.391132116317749
4.65234375,6816.0,0.3911850154399872
4.65234375,6816.0,0.39123791456222534
4.65234375,6816.0,0.3912908136844635
4.65234375,6820.0,0.39134371280670166
4.65234375,6820.0,0.3913966119289398
4.65625,6820.0,0.391449511051178
4.65625,6820.0,0.39150241017341614
4.65625,6824.0,0.3915553092956543
4.65625,6824.0,0.39160820841789246
4.65625,6824.0,0.3916611075401306
4.65625,6824.0,0.3917140066623688
4.65625,6828.0,0.39176690578460693
4.65625,6828.0,0.3918198049068451
4.65625,6828.0,0.39187270402908325
4.65625,6828.0,0.3919256031513214
4.65625,6832.0,0.39197850227355957
4.65625,6832.0,0.39203140139579773
4.65625,6832.0,0.3920843005180359
4.65625,6832.0,0.39213719964027405
4.65625,6836.0,0.3921900987625122
4.65625,6836.0,0.39224299788475037
4.66015625,6836.0,0.3922958970069885
4.66015625,6836.0,0.3923487961292267
4.66015625,6840.0,0.39240169525146484
4.66015625,6840.0,0.392454594373703
4.66015625,6840.0,0.39250749349594116
4.66015625,6840.0,0.3925603926181793
4.66015625,6844.0,0.3926132917404175
4.66015625,6844.0,0.39266619086265564
4.66015625,6844.0,0.3927190899848938
4.66015625,6844.0,0.39277198910713196
4.66015625,6848.0,0.3928248882293701
4.66015625,6848.0,0.3928777873516083
4.66015625,6848.0,0.39293068647384644
4.66015625,6848.0,0.3929835855960846
4.66015625,6852.0,0.39303648471832275
4.66015625,6852.0,0.3930893838405609
4.66015625,6852.0,0.3931422829627991
4.66015625,6852.0,0.39319518208503723
4.66015625,6856.0,0.3932480812072754
4.66015625,6856.0,0.39330098032951355
4.66015625,6856.0,0.3933538794517517
4.66015625,6856.0,0.39340677857398987
4.66015625,6860.0,0.393459677696228
4.66015625,6860.0,0.3935125768184662
4.66015625,6860.0,0.39356547594070435
4.66015625,6864.0,0.3936183750629425
4.66015625,6864.0,0.39367127418518066
4.66015625,6864.0,0.3937241733074188
4.66015625,6864.0,0.393777072429657
4.66015625,6868.0,0.39382997155189514
4.66015625,6868.0,0.3938828706741333
4.66015625,6868.0,0.39393576979637146
4.66015625,6868.0,0.3939886689186096
4.66015625,6872.0,0.3940415680408478
4.66015625,6872.0,0.39409446716308594
4.65625,6872.0,0.3941473662853241
4.65625,6872.0,0.39420026540756226
4.65625,6876.0,0.3942531645298004
4.65625,6876.0,0.3943060636520386
4.65625,6876.0,0.39435896277427673
4.65625,6876.0,0.3944118618965149
4.65625,6880.0,0.39446476101875305
4.65625,6880.0,0.3945176601409912
4.65625,6880.0,0.39457055926322937
4.65625,6880.0,0.39462345838546753
4.65625,6884.0,0.3946763575077057
4.65234375,6884.0,0.39472925662994385
4.65234375,6884.0,0.394782155752182
4.65234375,6884.0,0.39483505487442017
4.65234375,6888.0,0.3948879539966583
4.65234375,6888.0,0.3949408531188965
4.65234375,6888.0,0.39499375224113464
4.65234375,6888.0,0.3950466513633728
4.65234375,6892.0,0.39509955048561096
4.65234375,6892.0,0.3951524496078491
4.65234375,6892.0,0.3952053487300873
4.65234375,6892.0,0.39525824785232544
4.6484375,6896.0,0.3953111469745636
4.6484375,6896.0,0.39536404609680176
4.6484375,6896.0,0.3954169452190399
4.6484375,6896.0,0.3954698443412781
4.6484375,6900.0,0.39552274346351624
4.6484375,6900.0,0.3955756425857544
4.6484375,6900.0,0.39562854170799255
4.6484375,6900.0,0.3956814408302307
4.6484375,6904.0,0.39573433995246887
4.6484375,6904.0,0.39578723907470703
4.6484375,6904.0,0.3958401381969452
4.6484375,6904.0,0.39589303731918335
4.6484375,6908.0,0.3959459364414215
4.64453125,6908.0,0.39599883556365967
4.64453125,6908.0,0.3960517346858978
4.64453125,6908.0,0.396104633808136
4.64453125,6912.0,0.39615753293037415
4.64453125,6912.0,0.3962104320526123
4.64453125,6912.0,0.39626333117485046
4.64453125,6916.0,0.3963162302970886
4.64453125,6916.0,0.3963691294193268
4.64453125,6916.0,0.39642202854156494
4.64453125,6916.0,0.3964749276638031
4.64453125,6920.0,0.39652782678604126
4.64453125,6920.0,0.3965807259082794
4.64453125,6920.0,0.3966336250305176
4.64453125,6920.0,0.39668652415275574
4.64453125,6924.0,0.3967394232749939
4.640625,6924.0,0.39679232239723206
4.640625,6924.0,0.3968452215194702
4.640625,6924.0,0.3968981206417084
4.640625,6928.0,0.39695101976394653
4.640625,6928.0,0.3970039188861847
4.640625,6928.0,0.39705681800842285
4.640625,6928.0,0.397109717130661
4.640625,6932.0,0.39716261625289917
4.640625,6932.0,0.39721551537513733
4.640625,6932.0,0.3972684144973755
4.640625,6932.0,0.39732131361961365
4.640625,6936.0,0.3973742127418518
4.640625,6936.0,0.39742711186408997
4.640625,6936.0,0.3974800109863281
4.640625,6936.0,0.3975329101085663
4.63671875,6940.0,0.39758580923080444
4.63671875,6940.0,0.3976387083530426
4.63671875,6940.0,0.39769160747528076
4.63671875,6940.0,0.3977445065975189
4.63671875,6944.0,0.3977974057197571
4.63671875,6944.0,0.39785030484199524
4.63671875,6944.0,0.3979032039642334
4.63671875,6944.0,0.39795610308647156
4.63671875,6948.0,0.3980090022087097
4.63671875,6948.0,0.3980619013309479
4.63671875,6948.0,0.39811480045318604
4.63671875,6948.0,0.3981676995754242
4.63671875,6952.0,0.39822059869766235
4.63671875,6952.0,0.3982734978199005
4.63671875,6952.0,0.39832639694213867
4.63671875,6952.0,0.39837929606437683
4.63671875,6956.0,0.398432195186615
4.63671875,6956.0,0.39848509430885315
4.63671875,6956.0,0.3985379934310913
4.6328125,6956.0,0.39859089255332947
4.6328125,6960.0,0.3986437916755676
4.6328125,6960.0,0.3986966907978058
4.6328125,6960.0,0.39874958992004395
4.6328125,6964.0,0.3988024890422821
4.6328125,6964.0,0.39885538816452026
4.6328125,6964.0,0.3989082872867584
4.6328125,6964.0,0.3989611864089966
4.6328125,6968.0,0.39901408553123474
4.6328125,6968.0,0.3990669846534729
4.6328125,6968.0,0.39911988377571106
4.6328125,6968.0,0.3991727828979492
4.6328125,6972.0,0.3992256820201874
4.6328125,6972.0,0.39927858114242554
4.6328125,6972.0,0.3993314802646637
4.6328125,6972.0,0.39938437938690186
4.6328125,6976.0,0.39943727850914
4.6328125,6976.0,0.3994901776313782
4.6328125,6976.0,0.39954307675361633
4.6328125,6976.0,0.3995959758758545
4.6328125,6980.0,0.39964887499809265
4.6328125,6980.0,0.3997017741203308
4.6328125,6980.0,0.39975467324256897
4.6328125,6980.0,0.39980757236480713
4.6328125,6984.0,0.3998604714870453
4.6328125,6984.0,0.39991337060928345
4.6328125,6984.0,0.3999662697315216
4.63671875,6984.0,0.40001916885375977
4.63671875,6988.0,0.4000720679759979
4.63671875,6988.0,0.4001249670982361
4.63671875,6988.0,0.40017786622047424
4.63671875,6988.0,0.4002307653427124
4.63671875,6992.0,0.40028366446495056
4.63671875,6992.0,0.4003365635871887
4.63671875,6992.0,0.4003894627094269
4.63671875,6992.0,0.40044236183166504
4.63671875,6996.0,0.4004952609539032
4.63671875,6996.0,0.40054816007614136
4.63671875,6996.0,0.4006010591983795
4.63671875,6996.0,0.4006539583206177
4.63671875,7000.0,0.40070685744285583
4.63671875,7000.0,0.400759756565094
4.63671875,7000.0,0.40081265568733215
4.63671875,7000.0,0.4008655548095703
4.63671875,7004.0,0.40091845393180847
4.63671875,7004.0,0.40097135305404663
4.63671875,7004.0,0.4010242521762848
4.63671875,7004.0,0.40107715129852295
4.63671875,7008.0,0.4011300504207611
4.63671875,7008.0,0.40118294954299927
4.63671875,7008.0,0.4012358486652374
4.63671875,7008.0,0.4012887477874756
4.63671875,7012.0,0.40134164690971375
4.63671875,7012.0,0.4013945460319519
4.63671875,7012.0,0.40144744515419006
4.63671875,7016.0,0.4015003442764282
4.63671875,7016.0,0.4015532433986664
4.63671875,7016.0,0.40160614252090454
4.63671875,7016.0,0.4016590416431427
4.63671875,7020.0,0.40171194076538086
4.63671875,7020.0,0.401764839887619
4.63671875,7020.0,0.4018177390098572
4.63671875,7020.0,0.40187063813209534
4.63671875,7024.0,0.4019235372543335
4.63671875,7024.0,0.40197643637657166
4.63671875,7024.0,0.4020293354988098
4.63671875,7024.0,0.402082234621048
4.63671875,7028.0,0.40213513374328613
4.63671875,7028.0,0.4021880328655243
4.63671875,7028.0,0.40224093198776245
4.63671875,7028.0,0.4022938311100006
4.63671875,7032.0,0.40234673023223877
4.63671875,7032.0,0.40239962935447693
4.6328125,7032.0,0.4024525284767151
4.6328125,7032.0,0.40250542759895325
4.6328125,7036.0,0.4025583267211914
4.6328125,7036.0,0.40261122584342957
4.6328125,7036.0,0.4026641249656677
4.6328125,7036.0,0.4027170240879059
4.6328125,7040.0,0.40276992321014404
4.6328125,7040.0,0.4028228223323822
4.6328125,7040.0,0.40287572145462036
4.6328125,7040.0,0.4029286205768585
4.6328125,7044.0,0.4029815196990967
4.6328125,7044.0,0.40303441882133484
4.6328125,7044.0,0.403087317943573
4.6328125,7044.0,0.40314021706581116
4.6328125,7048.0,0.4031931161880493
4.6328125,7048.0,0.4032460153102875
4.6328125,7048.0,0.40329891443252563
4.6328125,7048.0,0.4033518135547638
4.6328125,7052.0,0.40340471267700195
4.6328125,7052.0,0.4034576117992401
4.6328125,7052.0,0.40351051092147827
4.6328125,7052.0,0.40356341004371643
4.6328125,7056.0,0.4036163091659546
4.6328125,7056.0,0.40366920828819275
4.6328125,7056.0,0.4037221074104309
4.6328125,7056.0,0.40377500653266907
4.6328125,7060.0,0.4038279056549072
4.6328125,7060.0,0.4038808047771454
4.6328125,7060.0,0.40393370389938354
4.6328125,7064.0,0.4039866030216217
4.6328125,7064.0,0.40403950214385986
4.6328125,7064.0,0.404092401266098
4.6328125,7064.0,0.4041453003883362
4.6328125,7068.0,0.40419819951057434
4.6328125,7068.0,0.4042510986328125
4.6328125,7068.0,0.40430399775505066
4.6328125,7068.0,0.4043568968772888
4.6328125,7072.0,0.404409795999527
4.6328125,7072.0,0.40446269512176514
4.6328125,7072.0,0.4045155942440033
4.6328125,7072.0,0.40456849336624146
4.6328125,7076.0,0.4046213924884796
4.6328125,7076.0,0.4046742916107178
4.6328125,7076.0,0.40472719073295593
4.6328125,7076.0,0.4047800898551941
4.63671875,7080.0,0.40483298897743225
4.63671875,7080.0,0.4048858880996704
4.63671875,7080.0,0.40493878722190857
4.63671875,7080.0,0.40499168634414673
4.63671875,7084.0,0.4050445854663849
4.63671875,7084.0,0.40509748458862305
4.63671875,7084.0,0.4051503837108612
4.63671875,7084.0,0.40520328283309937
4.63671875,7088.0,0.4052561819553375
4.63671875,7088.0,0.4053090810775757
4.63671875,7088.0,0.40536198019981384
4.63671875,7088.0,0.405414879322052
4.63671875,7092.0,0.40546777844429016
4.63671875,7092.0,0.4055206775665283
4.63671875,7092.0,0.4055735766887665
4.63671875,7092.0,0.40562647581100464
4.63671875,7096.0,0.4056793749332428
4.63671875,7096.0,0.40573227405548096
4.63671875,7096.0,0.4057851731777191
4.63671875,7096.0,0.4058380722999573
4.63671875,7100.0,0.40589097142219543
4.63671875,7100.0,0.4059438705444336
4.63671875,7100.0,0.40599676966667175
4.63671875,7100.0,0.4060496687889099
4.63671875,7104.0,0.40610256791114807
4.63671875,7104.0,0.40615546703338623
4.63671875,7104.0,0.4062083661556244
4.63671875,7104.0,0.40626126527786255
4.63671875,7108.0,0.4063141644001007
4.63671875,7108.0,0.40636706352233887
4.63671875,7108.0,0.406419962644577
4.63671875,7112.0,0.4064728617668152
4.63671875,7112.0,0.40652576088905334
4.63671875,7112.0,0.4065786600112915
4.63671875,7112.0,0.40663155913352966
4.63671875,7116.0,0.4066844582557678
4.63671875,7116.0,0.406737357378006
4.63671875,7116.0,0.40679025650024414
4.63671875,7116.0,0.4068431556224823
4.63671875,7120.0,0.40689605474472046
4.63671875,7120.0,0.4069489538669586
4.640625,7120.0,0.4070018529891968
4.640625,7120.0,0.40705475211143494
4.640625,7124.0,0.4071076512336731
4.640625,7124.0,0.40716055035591125
4.640625,7124.0,0.4072134494781494
4.640625,7124.0,0.4072663486003876
4.640625,7128.0,0.40731924772262573
4.640625,7128.0,0.4073721468448639
4.640625,7128.0,0.40742504596710205
4.640625,7128.0,0.4074779450893402
4.640625,7132.0,0.40753084421157837
4.640625,7132.0,0.40758374333381653
4.640625,7132.0,0.4076366424560547
4.64453125,7132.0,0.40768954157829285
4.64453125,7136.0,0.407742440700531
4.64453125,7136.0,0.40779533982276917
4.64453125,7136.0,0.4078482389450073
4.64453125,7136.0,0.4079011380672455
4.64453125,7140.0,0.40795403718948364
4.64453125,7140.0,0.4080069363117218
4.64453125,7140.0,0.40805983543395996
4.64453125,7140.0,0.4081127345561981
4.64453125,7144.0,0.4081656336784363
4.64453125,7144.0,0.40821853280067444
4.64453125,7144.0,0.4082714319229126
4.6484375,7144.0,0.40832433104515076
4.6484375,7148.0,0.4083772301673889
4.6484375,7148.0,0.4084301292896271
4.6484375,7148.0,0.40848302841186523
4.6484375,7148.0,0.4085359275341034
4.6484375,7152.0,0.40858882665634155
4.6484375,7152.0,0.4086417257785797
4.6484375,7152.0,0.40869462490081787
4.6484375,7152.0,0.40874752402305603
4.6484375,7156.0,0.4088004231452942
4.6484375,7156.0,0.40885332226753235
4.6484375,7156.0,0.4089062213897705
4.6484375,7160.0,0.40895912051200867
4.6484375,7160.0,0.4090120196342468
4.6484375,7160.0,0.409064918756485
4.6484375,7160.0,0.40911781787872314
4.6484375,7164.0,0.4091707170009613
4.6484375,7164.0,0.40922361612319946
4.65234375,7164.0,0.4092765152454376
4.65234375,7164.0,0.4093294143676758
4.65234375,7168.0,0.40938231348991394
4.65234375,7168.0,0.4094352126121521
4.65234375,7168.0,0.40948811173439026
4.65234375,7168.0,0.4095410108566284
4.65234375,7172.0,0.4095939099788666
4.65234375,7172.0,0.40964680910110474
4.65234375,7172.0,0.4096997082233429
4.65234375,7172.0,0.40975260734558105
4.65234375,7176.0,0.4098055064678192
4.65234375,7176.0,0.4098584055900574
4.65234375,7176.0,0.40991130471229553
4.65234375,7176.0,0.4099642038345337
4.65234375,7180.0,0.41001710295677185
4.65234375,7180.0,0.41007000207901
4.65234375,7180.0,0.41012290120124817
4.65234375,7180.0,0.41017580032348633
4.65234375,7184.0,0.4102286994457245
4.65234375,7184.0,0.41028159856796265
4.65234375,7184.0,0.4103344976902008
4.65234375,7184.0,0.41038739681243896
4.65234375,7188.0,0.4104402959346771
4.65234375,7188.0,0.4104931950569153
4.65234375,7188.0,0.41054609417915344
4.65234375,7188.0,0.4105989933013916
4.65625,7192.0,0.41065189242362976
4.65625,7192.0,0.4107047915458679
4.65625,7192.0,0.4107576906681061
4.65625,7192.0,0.41081058979034424
4.65625,7196.0,0.4108634889125824
4.65625,7196.0,0.41091638803482056
4.65625,7196.0,0.4109692871570587
4.65625,7196.0,0.4110221862792969
4.65625,7200.0,0.41107508540153503
4.65625,7200.0,0.4111279845237732
4.65625,7200.0,0.41118088364601135
4.65625,7204.0,0.4112337827682495
4.65625,7204.0,0.41128668189048767
4.65625,7204.0,0.41133958101272583
4.65625,7204.0,0.411392480134964
4.65625,7208.0,0.41144537925720215
4.65625,7208.0,0.4114982783794403
4.65625,7208.0,0.41155117750167847
4.65625,7208.0,0.4116040766239166
4.65625,7212.0,0.4116569757461548
4.65625,7212.0,0.41170987486839294
4.65625,7212.0,0.4117627739906311
4.65625,7212.0,0.41181567311286926
4.65625,7216.0,0.4118685722351074
4.65625,7216.0,0.4119214713573456
4.65625,7216.0,0.41197437047958374
4.65625,7216.0,0.4120272696018219
4.65625,7220.0,0.41208016872406006
4.65625,7220.0,0.4121330678462982
4.65625,7220.0,0.4121859669685364
4.65625,7220.0,0.41223886609077454
4.65625,7224.0,0.4122917652130127
4.65625,7224.0,0.41234466433525085
4.65234375,7224.0,0.412397563457489
4.65234375,7224.0,0.4124504625797272
4.65234375,7228.0,0.41250336170196533
4.65234375,7228.0,0.4125562608242035
4.65234375,7228.0,0.41260915994644165
4.65234375,7228.0,0.4126620590686798
4.65234375,7232.0,0.41271495819091797
4.65234375,7232.0,0.41276785731315613
4.65234375,7232.0,0.4128207564353943
4.65234375,7232.0,0.41287365555763245
4.65234375,7236.0,0.4129265546798706
4.65234375,7236.0,0.41297945380210876
4.65234375,7236.0,0.4130323529243469
4.65234375,7236.0,0.4130852520465851
4.65234375,7240.0,0.41313815116882324
4.65234375,7240.0,0.4131910502910614
4.65234375,7240.0,0.41324394941329956
4.65234375,7240.0,0.4132968485355377
4.65234375,7244.0,0.4133497476577759
4.65234375,7244.0,0.41340264678001404
4.65234375,7244.0,0.4134555459022522
4.65234375,7244.0,0.41350844502449036
4.65234375,7248.0,0.4135613441467285
4.65234375,7248.0,0.4136142432689667
4.65234375,7248.0,0.41366714239120483
4.65234375,7252.0,0.413720041513443
4.6484375,7252.0,0.41377294063568115
4.6484375,7252.0,0.4138258397579193
4.6484375,7252.0,0.41387873888015747
4.6484375,7256.0,0.41393163800239563
4.6484375,7256.0,0.4139845371246338
4.6484375,7256.0,0.41403743624687195
4.6484375,7256.0,0.4140903353691101
4.6484375,7260.0,0.41414323449134827
4.6484375,7260.0,0.4141961336135864
4.6484375,7260.0,0.4142490327358246
4.6484375,7260.0,0.41430193185806274
4.6484375,7264.0,0.4143548309803009
4.6484375,7264.0,0.41440773010253906
4.6484375,7264.0,0.4144606292247772
4.6484375,7264.0,0.4145135283470154
4.65234375,7268.0,0.41456642746925354
4.65234375,7268.0,0.4146193265914917
4.65234375,7268.0,0.41467222571372986
4.65234375,7268.0,0.414725124835968
4.65234375,7272.0,0.4147780239582062
4.65234375,7272.0,0.41483092308044434
4.65234375,7272.0,0.4148838222026825
4.65234375,7272.0,0.41493672132492065
4.65234375,7276.0,0.4149896204471588
4.65234375,7276.0,0.415042519569397
4.65234375,7276.0,0.41509541869163513
4.65234375,7276.0,0.4151483178138733
4.65234375,7280.0,0.41520121693611145
4.65234375,7280.0,0.4152541160583496
4.65234375,7280.0,0.41530701518058777
4.65234375,7280.0,0.4153599143028259
4.65234375,7284.0,0.4154128134250641
4.65234375,7284.0,0.41546571254730225
4.65234375,7284.0,0.4155186116695404
4.65234375,7284.0,0.41557151079177856
4.65234375,7288.0,0.4156244099140167
4.65234375,7288.0,0.4156773090362549
4.65234375,7288.0,0.41573020815849304
4.65234375,7288.0,0.4157831072807312
4.65234375,7292.0,0.41583600640296936
4.65234375,7292.0,0.4158889055252075
4.65234375,7292.0,0.4159418046474457
4.65234375,7296.0,0.41599470376968384
4.65234375,7296.0,0.416047602891922
4.65234375,7296.0,0.41610050201416016
4.65234375,7296.0,0.4161534011363983
4.65234375,7300.0,0.4162063002586365
4.65234375,7300.0,0.41625919938087463
4.65234375,7300.0,0.4163120985031128
4.65234375,7300.0,0.41636499762535095
4.65234375,7304.0,0.4164178967475891
4.65234375,7304.0,0.41647079586982727
4.65234375,7304.0,0.41652369499206543
4.65234375,7304.0,0.4165765941143036
4.65234375,7308.0,0.41662949323654175
4.65234375,7308.0,0.4166823923587799
4.65234375,7308.0,0.41673529148101807
4.65234375,7308.0,0.4167881906032562
4.65234375,7312.0,0.4168410897254944
4.65234375,7312.0,0.41689398884773254
4.65234375,7312.0,0.4169468879699707
4.65234375,7312.0,0.41699978709220886
4.65234375,7316.0,0.417052686214447
4.65234375,7316.0,0.4171055853366852
4.65234375,7316.0,0.41715848445892334
4.65234375,7316.0,0.4172113835811615
4.65234375,7320.0,0.41726428270339966
4.65234375,7320.0,0.4173171818256378
4.65234375,7320.0,0.417370080947876
4.65234375,7320.0,0.41742298007011414
4.65234375,7324.0,0.4174758791923523
4.65234375,7324.0,0.41752877831459045
4.65234375,7324.0,0.4175816774368286
4.65234375,7324.0,0.4176345765590668
4.65234375,7328.0,0.41768747568130493
4.65234375,7328.0,0.4177403748035431
4.65234375,7328.0,0.41779327392578125
4.65234375,7328.0,0.4178461730480194
4.65234375,7332.0,0.41789907217025757
4.65234375,7332.0,0.4179519712924957
4.65234375,7332.0,0.4180048704147339
4.65234375,7332.0,0.41805776953697205
4.65234375,7336.0,0.4181106686592102
4.65234375,7336.0,0.41816356778144836
4.65234375,7336.0,0.4182164669036865
4.65234375,7336.0,0.4182693660259247
4.65234375,7340.0,0.41832226514816284
4.65234375,7340.0,0.418375164270401
4.65625,7340.0,0.41842806339263916
4.65625,7344.0,0.4184809625148773
4.65625,7344.0,0.4185338616371155
4.65625,7344.0,0.41858676075935364
4.65625,7344.0,0.4186396598815918
4.65625,7348.0,0.41869255900382996
4.65625,7348.0,0.4187454581260681
4.65625,7348.0,0.4187983572483063
4.65625,7348.0,0.41885125637054443
4.65625,7352.0,0.4189041554927826
4.65625,7352.0,0.41895705461502075
4.65625,7352.0,0.4190099537372589
4.65625,7352.0,0.41906285285949707
4.65625,7356.0,0.41911575198173523
4.65625,7356.0,0.4191686511039734
4.65625,7356.0,0.41922155022621155
4.65625,7356.0,0.4192744493484497
4.65625,7360.0,0.41932734847068787
4.65625,7360.0,0.419380247592926
4.65625,7360.0,0.4194331467151642
4.65625,7360.0,0.41948604583740234
4.65625,7364.0,0.4195389449596405
4.65625,7364.0,0.41959184408187866
4.65625,7364.0,0.4196447432041168
4.65625,7364.0,0.419697642326355
4.65625,7368.0,0.41975054144859314
4.65625,7368.0,0.4198034405708313
4.65625,7368.0,0.41985633969306946
4.65625,7368.0,0.4199092388153076
4.65625,7372.0,0.4199621379375458
4.65234375,7372.0,0.42001503705978394
4.65234375,7372.0,0.4200679361820221
4.65234375,7372.0,0.42012083530426025
4.65234375,7376.0,0.4201737344264984
4.65234375,7376.0,0.4202266335487366
4.65234375,7376.0,0.42027953267097473
4.65234375,7376.0,0.4203324317932129
4.65234375,7380.0,0.42038533091545105
4.65234375,7380.0,0.4204382300376892
4.65234375,7380.0,0.42049112915992737
4.65234375,7380.0,0.4205440282821655
4.65234375,7384.0,0.4205969274044037
4.65234375,7384.0,0.42064982652664185
4.65234375,7384.0,0.42070272564888
4.65234375,7388.0,0.42075562477111816
4.65234375,7388.0,0.4208085238933563
4.65234375,7388.0,0.4208614230155945
4.6484375,7388.0,0.42091432213783264
4.6484375,7392.0,0.4209672212600708
4.6484375,7392.0,0.42102012038230896
4.6484375,7392.0,0.4210730195045471
4.6484375,7392.0,0.4211259186267853
4.6484375,7396.0,0.42117881774902344
4.6484375,7396.0,0.4212317168712616
4.6484375,7396.0,0.42128461599349976
4.6484375,7396.0,0.4213375151157379
4.6484375,7400.0,0.4213904142379761
4.6484375,7400.0,0.42144331336021423
4.64453125,7400.0,0.4214962124824524
4.64453125,7400.0,0.42154911160469055
4.64453125,7404.0,0.4216020107269287
4.64453125,7404.0,0.42165490984916687
4.64453125,7404.0,0.42170780897140503
4.64453125,7404.0,0.4217607080936432
4.64453125,7408.0,0.42181360721588135
4.64453125,7408.0,0.4218665063381195
4.64453125,7408.0,0.42191940546035767
4.64453125,7408.0,0.4219723045825958
4.64453125,7412.0,0.422025203704834
4.64453125,7412.0,0.42207810282707214
4.64453125,7412.0,0.4221310019493103
4.640625,7412.0,0.42218390107154846
4.640625,7416.0,0.4222368001937866
4.640625,7416.0,0.4222896993160248
4.640625,7416.0,0.42234259843826294
4.640625,7416.0,0.4223954975605011
4.640625,7420.0,0.42244839668273926
4.640625,7420.0,0.4225012958049774
4.640625,7420.0,0.4225541949272156
4.640625,7420.0,0.42260709404945374
4.640625,7424.0,0.4226599931716919
4.640625,7424.0,0.42271289229393005
4.640625,7424.0,0.4227657914161682
4.640625,7424.0,0.42281869053840637
4.640625,7428.0,0.42287158966064453
4.640625,7428.0,0.4229244887828827
4.640625,7428.0,0.42297738790512085
4.640625,7432.0,0.423030287027359
4.640625,7432.0,0.42308318614959717
4.63671875,7432.0,0.4231360852718353
4.63671875,7432.0,0.4231889843940735
4.63671875,7436.0,0.42324188351631165
4.63671875,7436.0,0.4232947826385498
4.63671875,7436.0,0.42334768176078796
4.63671875,7436.0,0.4234005808830261
4.63671875,7440.0,0.4234534800052643
4.63671875,7440.0,0.42350637912750244
4.63671875,7440.0,0.4235592782497406
4.63671875,7440.0,0.42361217737197876
4.63671875,7444.0,0.4236650764942169
4.63671875,7444.0,0.4237179756164551
4.63671875,7444.0,0.42377087473869324
4.63671875,7444.0,0.4238237738609314
4.63671875,7448.0,0.42387667298316956
4.63671875,7448.0,0.4239295721054077
4.63671875,7448.0,0.4239824712276459
4.6328125,7448.0,0.42403537034988403
4.6328125,7452.0,0.4240882694721222
4.6328125,7452.0,0.42414116859436035
4.6328125,7452.0,0.4241940677165985
4.6328125,7452.0,0.42424696683883667
4.6328125,7456.0,0.42429986596107483
4.6328125,7456.0,0.424352765083313
4.6328125,7456.0,0.42440566420555115
4.6328125,7456.0,0.4244585633277893
4.6328125,7460.0,0.42451146245002747
4.6328125,7460.0,0.4245643615722656
4.6328125,7460.0,0.4246172606945038
4.6328125,7460.0,0.42467015981674194
4.6328125,7464.0,0.4247230589389801
4.6328125,7464.0,0.42477595806121826
4.6328125,7464.0,0.4248288571834564
4.6328125,7464.0,0.4248817563056946
4.6328125,7468.0,0.42493465542793274
4.6328125,7468.0,0.4249875545501709
4.6328125,7468.0,0.42504045367240906
4.6328125,7468.0,0.4250933527946472
4.6328125,7472.0,0.4251462519168854
4.62890625,7472.0,0.42519915103912354
4.62890625,7472.0,0.4252520501613617
4.62890625,7472.0,0.42530494928359985
4.62890625,7476.0,0.425357848405838
4.62890625,7476.0,0.42541074752807617
4.62890625,7476.0,0.42546364665031433
4.62890625,7480.0,0.4255165457725525
4.62890625,7480.0,0.42556944489479065
4.62890625,7480.0,0.4256223440170288
4.62890625,7480.0,0.42567524313926697
4.62890625,7484.0,0.4257281422615051
4.62890625,7484.0,0.4257810413837433
4.62890625,7484.0,0.42583394050598145
4.62890625,7484.0,0.4258868396282196
4.62890625,7488.0,0.42593973875045776
4.62890625,7488.0,0.4259926378726959
4.62890625,7488.0,0.4260455369949341
4.62890625,7488.0,0.42609843611717224
4.62890625,7492.0,0.4261513352394104
4.62890625,7492.0,0.42620423436164856
4.62890625,7492.0,0.4262571334838867
4.62890625,7492.0,0.4263100326061249
4.62890625,7496.0,0.42636293172836304
4.62890625,7496.0,0.4264158308506012
4.62890625,7496.0,0.42646872997283936
4.62890625,7496.0,0.4265216290950775
4.62890625,7500.0,0.4265745282173157
4.62890625,7500.0,0.42662742733955383
4.62890625,7500.0,0.426680326461792
4.62890625,7500.0,0.42673322558403015
4.62890625,7504.0,0.4267861247062683
4.62890625,7504.0,0.42683902382850647
4.62890625,7504.0,0.42689192295074463
4.62890625,7504.0,0.4269448220729828
4.62890625,7508.0,0.42699772119522095
4.62890625,7508.0,0.4270506203174591
4.62890625,7508.0,0.42710351943969727
4.62890625,7508.0,0.4271564185619354
4.62890625,7512.0,0.4272093176841736
4.62890625,7512.0,0.42726221680641174
4.62890625,7512.0,0.4273151159286499
4.62890625,7512.0,0.42736801505088806
4.62890625,7516.0,0.4274209141731262
4.62890625,7516.0,0.4274738132953644
4.62890625,7516.0,0.42752671241760254
4.62890625,7516.0,0.4275796115398407
4.62890625,7520.0,0.42763251066207886
4.62890625,7520.0,0.427685409784317
4.62890625,7520.0,0.4277383089065552
4.62890625,7524.0,0.42779120802879333
4.62890625,7524.0,0.4278441071510315
4.62890625,7524.0,0.42789700627326965
4.62890625,7524.0,0.4279499053955078
4.62890625,7528.0,0.42800280451774597
4.62890625,7528.0,0.42805570363998413
4.62890625,7528.0,0.4281086027622223
4.62890625,7528.0,0.42816150188446045
4.62890625,7532.0,0.4282144010066986
4.62890625,7532.0,0.42826730012893677
4.62890625,7532.0,0.4283201992511749
4.62890625,7532.0,0.4283730983734131
4.62890625,7536.0,0.42842599749565125
4.62890625,7536.0,0.4284788966178894
4.62890625,7536.0,0.42853179574012756
4.62890625,7536.0,0.4285846948623657
4.62890625,7540.0,0.4286375939846039
4.62890625,7540.0,0.42869049310684204
4.62890625,7540.0,0.4287433922290802
4.62890625,7540.0,0.42879629135131836
4.62890625,7544.0,0.4288491904735565
4.62890625,7544.0,0.4289020895957947
4.62890625,7544.0,0.42895498871803284
4.62890625,7544.0,0.429007887840271
4.62890625,7548.0,0.42906078696250916
4.62890625,7548.0,0.4291136860847473
4.62890625,7548.0,0.4291665852069855
4.62890625,7548.0,0.42921948432922363
4.62890625,7552.0,0.4292723834514618
4.62890625,7552.0,0.42932528257369995
4.62890625,7552.0,0.4293781816959381
4.62890625,7552.0,0.42943108081817627
4.62890625,7556.0,0.42948397994041443
4.62890625,7556.0,0.4295368790626526
4.62890625,7556.0,0.42958977818489075
4.62890625,7556.0,0.4296426773071289
4.62890625,7560.0,0.42969557642936707
4.62890625,7560.0,0.4297484755516052
4.62890625,7560.0,0.4298013746738434
4.62890625,7560.0,0.42985427379608154
4.62890625,7564.0,0.4299071729183197
4.62890625,7564.0,0.42996007204055786
4.62890625,7564.0,0.430012971162796
4.62890625,7568.0,0.4300658702850342
4.62890625,7568.0,0.43011876940727234
4.62890625,7568.0,0.4301716685295105
4.62890625,7568.0,0.43022456765174866
4.62890625,7572.0,0.4302774667739868
4.6328125,7572.0,0.430330365896225
4.6328125,7572.0,0.43038326501846313
4.6328125,7572.0,0.4304361641407013
4.6328125,7576.0,0.43048906326293945
4.6328125,7576.0,0.4305419623851776
4.6328125,7576.0,0.43059486150741577
4.6328125,7576.0,0.43064776062965393
4.6328125,7580.0,0.4307006597518921
4.6328125,7580.0,0.43075355887413025
4.6328125,7580.0,0.4308064579963684
4.6328125,7580.0,0.43085935711860657
4.6328125,7584.0,0.4309122562408447
4.6328125,7584.0,0.4309651553630829
4.6328125,7584.0,0.43101805448532104
4.6328125,7584.0,0.4310709536075592
4.6328125,7588.0,0.43112385272979736
4.6328125,7588.0,0.4311767518520355
4.63671875,7588.0,0.4312296509742737
4.63671875,7588.0,0.43128255009651184
4.63671875,7592.0,0.43133544921875
4.63671875,7592.0,0.43138834834098816
4.63671875,7592.0,0.4314412474632263
4.63671875,7592.0,0.4314941465854645
4.63671875,7596.0,0.43154704570770264
4.63671875,7596.0,0.4315999448299408
4.63671875,7596.0,0.43165284395217896
4.63671875,7596.0,0.4317057430744171
4.63671875,7600.0,0.4317586421966553
4.63671875,7600.0,0.43181154131889343
4.63671875,7600.0,0.4318644404411316
4.63671875,7600.0,0.43191733956336975
4.63671875,7604.0,0.4319702386856079
4.63671875,7604.0,0.43202313780784607
4.63671875,7604.0,0.43207603693008423
4.63671875,7604.0,0.4321289360523224
4.63671875,7608.0,0.43218183517456055
4.63671875,7608.0,0.4322347342967987
4.63671875,7608.0,0.43228763341903687
4.63671875,7612.0,0.432340532541275
4.63671875,7612.0,0.4323934316635132
4.63671875,7612.0,0.43244633078575134
4.640625,7612.0,0.4324992299079895
4.640625,7616.0,0.43255212903022766
4.640625,7616.0,0.4326050281524658
4.640625,7616.0,0.432657927274704
4.640625,7616.0,0.43271082639694214
4.640625,7620.0,0.4327637255191803
4.640625,7620.0,0.43281662464141846
4.640625,7620.0,0.4328695237636566
4.640625,7620.0,0.4329224228858948
4.640625,7624.0,0.43297532200813293
4.640625,7624.0,0.4330282211303711
4.640625,7624.0,0.43308112025260925
4.640625,7624.0,0.4331340193748474
4.640625,7628.0,0.43318691849708557
4.640625,7628.0,0.43323981761932373
4.640625,7628.0,0.4332927167415619
4.64453125,7628.0,0.43334561586380005
4.64453125,7632.0,0.4333985149860382
4.64453125,7632.0,0.43345141410827637
4.64453125,7632.0,0.4335043132305145
4.64453125,7632.0,0.4335572123527527
4.64453125,7636.0,0.43361011147499084
4.64453125,7636.0,0.433663010597229
4.64453125,7636.0,0.43371590971946716
4.64453125,7636.0,0.4337688088417053
4.64453125,7640.0,0.4338217079639435
4.64453125,7640.0,0.43387460708618164
4.64453125,7640.0,0.4339275062084198
4.6484375,7640.0,0.43398040533065796
4.6484375,7644.0,0.4340333044528961
4.6484375,7644.0,0.4340862035751343
4.6484375,7644.0,0.43413910269737244
4.6484375,7644.0,0.4341920018196106
4.6484375,7648.0,0.43424490094184875
4.6484375,7648.0,0.4342978000640869
4.6484375,7648.0,0.4343506991863251
4.6484375,7648.0,0.43440359830856323
4.6484375,7652.0,0.4344564974308014
4.6484375,7652.0,0.43450939655303955
4.6484375,7652.0,0.4345622956752777
4.6484375,7656.0,0.43461519479751587
4.65234375,7656.0,0.43466809391975403
4.65234375,7656.0,0.4347209930419922
4.65234375,7656.0,0.43477389216423035
4.65234375,7660.0,0.4348267912864685
4.65234375,7660.0,0.43487969040870667
4.65234375,7660.0,0.4349325895309448
4.65234375,7660.0,0.434985488653183
4.65234375,7664.0,0.43503838777542114
4.65234375,7664.0,0.4350912868976593
4.65234375,7664.0,0.43514418601989746
4.65234375,7664.0,0.4351970851421356
4.65234375,7668.0,0.4352499842643738
4.65234375,7668.0,0.43530288338661194
4.65234375,7668.0,0.4353557825088501
4.65234375,7668.0,0.43540868163108826
4.65234375,7672.0,0.4354615807533264
4.65625,7672.0,0.4355144798755646
4.65625,7672.0,0.43556737899780273
4.65625,7672.0,0.4356202781200409
4.65625,7676.0,0.43567317724227905
4.65625,7676.0,0.4357260763645172
4.65625,7676.0,0.43577897548675537
4.65625,7676.0,0.43583187460899353
4.65625,7680.0,0.4358847737312317
4.65625,7680.0,0.43593767285346985
4.65625,7680.0,0.435990571975708
4.65625,7680.0,0.43604347109794617
4.65625,7684.0,0.4360963702201843
4.65625,7684.0,0.4361492693424225
4.65625,7684.0,0.43620216846466064
4.65625,7684.0,0.4362550675868988
4.65625,7688.0,0.43630796670913696
4.65625,7688.0,0.4363608658313751
4.65625,7688.0,0.4364137649536133
4.65625,7688.0,0.43646666407585144
4.65625,7692.0,0.4365195631980896
4.65625,7692.0,0.43657246232032776
4.65625,7692.0,0.4366253614425659
4.65625,7692.0,0.4366782605648041
4.65625,7696.0,0.43673115968704224
4.65625,7696.0,0.4367840588092804
4.65625,7696.0,0.43683695793151855
4.65625,7700.0,0.4368898570537567
4.65625,7700.0,0.4369427561759949
4.65625,7700.0,0.43699565529823303
4.65625,7700.0,0.4370485544204712
4.65625,7704.0,0.43710145354270935
4.65625,7704.0,0.4371543526649475
4.65625,7704.0,0.43720725178718567
4.65625,7704.0,0.43726015090942383
4.65625,7708.0,0.437313050031662
4.65625,7708.0,0.43736594915390015
4.65625,7708.0,0.4374188482761383
4.65625,7708.0,0.43747174739837646
4.65625,7712.0,0.4375246465206146
4.65625,7712.0,0.4375775456428528
4.65625,7712.0,0.43763044476509094
4.65625,7712.0,0.4376833438873291
4.65625,7716.0,0.43773624300956726
4.65625,7716.0,0.4377891421318054
4.65625,7716.0,0.4378420412540436
4.65625,7716.0,0.43789494037628174
4.65234375,7720.0,0.4379478394985199
4.65234375,7720.0,0.43800073862075806
4.65234375,7720.0,0.4380536377429962
4.65234375,7720.0,0.4381065368652344
4.65234375,7724.0,0.43815943598747253
4.65234375,7724.0,0.4382123351097107
4.65234375,7724.0,0.43826523423194885
4.65234375,7724.0,0.438318133354187
4.65234375,7728.0,0.43837103247642517
4.65234375,7728.0,0.43842393159866333
4.65234375,7728.0,0.4384768307209015
4.65234375,7728.0,0.43852972984313965
4.65234375,7732.0,0.4385826289653778
4.65234375,7732.0,0.43863552808761597
4.65234375,7732.0,0.4386884272098541
4.65234375,7732.0,0.4387413263320923
4.65234375,7736.0,0.43879422545433044
4.65234375,7736.0,0.4388471245765686
4.65234375,7736.0,0.43890002369880676
4.65234375,7740.0,0.4389529228210449
4.65234375,7740.0,0.4390058219432831
4.65234375,7740.0,0.43905872106552124
4.65234375,7740.0,0.4391116201877594
4.65234375,7744.0,0.43916451930999756
4.65234375,7744.0,0.4392174184322357
4.65234375,7744.0,0.4392703175544739
4.65234375,7744.0,0.43932321667671204
4.65234375,7748.0,0.4393761157989502
4.65234375,7748.0,0.43942901492118835
4.65234375,7748.0,0.4394819140434265
4.65234375,7748.0,0.4395348131656647
4.65234375,7752.0,0.43958771228790283
4.65234375,7752.0,0.439640611410141
4.65234375,7752.0,0.43969351053237915
4.65234375,7752.0,0.4397464096546173
4.65234375,7756.0,0.43979930877685547
4.65234375,7756.0,0.43985220789909363
4.65234375,7756.0,0.4399051070213318
4.65234375,7756.0,0.43995800614356995
4.65234375,7760.0,0.4400109052658081
4.65234375,7760.0,0.44006380438804626
4.65234375,7760.0,0.4401167035102844
4.65234375,7760.0,0.4401696026325226
4.65234375,7764.0,0.44022250175476074
4.65234375,7764.0,0.4402754008769989
4.65234375,7764.0,0.44032829999923706
4.65234375,7764.0,0.4403811991214752
4.65234375,7768.0,0.4404340982437134
4.65234375,7768.0,0.44048699736595154
4.65234375,7768.0,0.4405398964881897
4.65234375,7768.0,0.44059279561042786
4.65234375,7772.0,0.440645694732666
4.65234375,7772.0,0.4406985938549042
4.65234375,7772.0,0.44075149297714233
4.65234375,7772.0,0.4408043920993805
4.65234375,7776.0,0.44085729122161865
4.65234375,7776.0,0.4409101903438568
4.65234375,7776.0,0.44096308946609497
4.65234375,7776.0,0.44101598858833313
4.65234375,7780.0,0.4410688877105713
4.65234375,7780.0,0.44112178683280945
4.65234375,7780.0,0.4411746859550476
4.65234375,7784.0,0.44122758507728577
4.65234375,7784.0,0.4412804841995239
4.65234375,7784.0,0.4413333833217621
4.65234375,7784.0,0.44138628244400024
4.65234375,7788.0,0.4414391815662384
4.65234375,7788.0,0.44149208068847656
4.65234375,7788.0,0.4415449798107147
4.65234375,7788.0,0.4415978789329529
4.65234375,7792.0,0.44165077805519104
4.65234375,7792.0,0.4417036771774292
4.65234375,7792.0,0.44175657629966736
4.65234375,7792.0,0.4418094754219055
4.65234375,7796.0,0.4418623745441437
4.65234375,7796.0,0.44191527366638184
4.65234375,7796.0,0.44196817278862
4.65234375,7796.0,0.44202107191085815
4.65234375,7800.0,0.4420739710330963
4.65234375,7800.0,0.4421268701553345
4.65234375,7800.0,0.44217976927757263
4.65625,7800.0,0.4422326683998108
4.65625,7804.0,0.44228556752204895
4.65625,7804.0,0.4423384666442871
4.65625,7804.0,0.44239136576652527
4.65625,7804.0,0.4424442648887634
4.65625,7808.0,0.4424971640110016
4.65625,7808.0,0.44255006313323975
4.65625,7808.0,0.4426029622554779
4.65625,7808.0,0.44265586137771606
4.65625,7812.0,0.4427087604999542
4.65625,7812.0,0.4427616596221924
4.65625,7812.0,0.44281455874443054
4.65625,7812.0,0.4428674578666687
4.65625,7816.0,0.44292035698890686
4.65625,7816.0,0.442973256111145
4.65625,7816.0,0.4430261552333832
4.65625,7816.0,0.44307905435562134
4.65625,7820.0,0.4431319534778595
4.65625,7820.0,0.44318485260009766
4.65625,7820.0,0.4432377517223358
4.65625,7820.0,0.443290650844574
4.65625,7824.0,0.44334354996681213
4.66015625,7824.0,0.4433964490890503
4.66015625,7824.0,0.44344934821128845
4.66015625,7828.0,0.4435022473335266
4.66015625,7828.0,0.44355514645576477
4.66015625,7828.0,0.44360804557800293
4.66015625,7828.0,0.4436609447002411
4.66015625,7832.0,0.44371384382247925
4.66015625,7832.0,0.4437667429447174
4.66015625,7832.0,0.44381964206695557
4.66015625,7832.0,0.4438725411891937
4.66015625,7836.0,0.4439254403114319
4.66015625,7836.0,0.44397833943367004
4.66015625,7836.0,0.4440312385559082
4.66015625,7836.0,0.44408413767814636
4.66015625,7840.0,0.4441370368003845
4.66015625,7840.0,0.4441899359226227
4.66015625,7840.0,0.44424283504486084
4.66015625,7840.0,0.444295734167099
4.66015625,7844.0,0.44434863328933716
4.66015625,7844.0,0.4444015324115753
4.66015625,7844.0,0.4444544315338135
4.66015625,7844.0,0.44450733065605164
4.66015625,7848.0,0.4445602297782898
4.66015625,7848.0,0.44461312890052795
4.66015625,7848.0,0.4446660280227661
4.66015625,7848.0,0.4447189271450043
4.66015625,7852.0,0.44477182626724243
4.66015625,7852.0,0.4448247253894806
4.66015625,7852.0,0.44487762451171875
4.66015625,7852.0,0.4449305236339569
4.66015625,7856.0,0.44498342275619507
4.66015625,7856.0,0.4450363218784332
4.66015625,7856.0,0.4450892210006714
4.66015625,7856.0,0.44514212012290955
4.66015625,7860.0,0.4451950192451477
4.66015625,7860.0,0.44524791836738586
4.66015625,7860.0,0.445300817489624
4.66015625,7860.0,0.4453537166118622
4.66015625,7864.0,0.44540661573410034
4.66015625,7864.0,0.4454595148563385
4.66015625,7864.0,0.44551241397857666
4.66015625,7864.0,0.4455653131008148
4.66015625,7868.0,0.445618212223053
4.66015625,7868.0,0.44567111134529114
4.66015625,7868.0,0.4457240104675293
4.66015625,7872.0,0.44577690958976746
4.66015625,7872.0,0.4458298087120056
4.66015625,7872.0,0.4458827078342438
4.66015625,7872.0,0.44593560695648193
4.66015625,7876.0,0.4459885060787201
4.66015625,7876.0,0.44604140520095825
4.66015625,7876.0,0.4460943043231964
4.66015625,7876.0,0.44614720344543457
4.66015625,7880.0,0.44620010256767273
4.66015625,7880.0,0.4462530016899109
4.66015625,7880.0,0.44630590081214905
4.66015625,7880.0,0.4463587999343872
4.66015625,7884.0,0.44641169905662537
4.66015625,7884.0,0.4464645981788635
4.66015625,7884.0,0.4465174973011017
4.66015625,7884.0,0.44657039642333984
4.66015625,7888.0,0.446623295545578
4.66015625,7888.0,0.44667619466781616
4.66015625,7888.0,0.4467290937900543
4.66015625,7888.0,0.4467819929122925
4.66015625,7892.0,0.44683489203453064
4.66015625,7892.0,0.4468877911567688
4.66015625,7892.0,0.44694069027900696
4.66015625,7892.0,0.4469935894012451
4.66015625,7896.0,0.4470464885234833
4.66015625,7896.0,0.44709938764572144
4.66015625,7896.0,0.4471522867679596
4.66015625,7896.0,0.44720518589019775
4.66015625,7900.0,0.4472580850124359
4.66015625,7900.0,0.4473109841346741
4.66015625,7900.0,0.44736388325691223
4.66015625,7900.0,0.4474167823791504
4.66015625,7904.0,0.44746968150138855
4.66015625,7904.0,0.4475225806236267
4.66015625,7904.0,0.44757547974586487
4.66015625,7904.0,0.447628378868103
4.66015625,7908.0,0.4476812779903412
4.66015625,7908.0,0.44773417711257935
4.66015625,7908.0,0.4477870762348175
4.66015625,7912.0,0.44783997535705566
4.66015625,7912.0,0.4478928744792938
4.66015625,7912.0,0.447945773601532
4.66015625,7912.0,0.44799867272377014
4.66015625,7916.0,0.4480515718460083
4.66015625,7916.0,0.44810447096824646
4.66015625,7916.0,0.4481573700904846
4.66015625,7916.0,0.4482102692127228
4.66015625,7920.0,0.44826316833496094
4.66015625,7920.0,0.4483160674571991
4.66015625,7920.0,0.44836896657943726
4.66015625,7920.0,0.4484218657016754
4.66015625,7924.0,0.4484747648239136
4.66015625,7924.0,0.44852766394615173
4.66015625,7924.0,0.4485805630683899
4.66015625,7924.0,0.44863346219062805
4.6640625,7928.0,0.4486863613128662
4.6640625,7928.0,0.44873926043510437
4.6640625,7928.0,0.44879215955734253
4.6640625,7928.0,0.4488450586795807
4.6640625,7932.0,0.44889795780181885
4.6640625,7932.0,0.448950856924057
4.6640625,7932.0,0.44900375604629517
4.6640625,7932.0,0.4490566551685333
4.6640625,7936.0,0.4491095542907715
4.6640625,7936.0,0.44916245341300964
4.6640625,7936.0,0.4492153525352478
4.6640625,7936.0,0.44926825165748596
4.66796875,7940.0,0.4493211507797241
4.66796875,7940.0,0.4493740499019623
4.66796875,7940.0,0.44942694902420044
4.66796875,7940.0,0.4494798481464386
4.66796875,7944.0,0.44953274726867676
4.66796875,7944.0,0.4495856463909149
4.66796875,7944.0,0.4496385455131531
4.66796875,7944.0,0.44969144463539124
4.66796875,7948.0,0.4497443437576294
4.66796875,7948.0,0.44979724287986755
4.66796875,7948.0,0.4498501420021057
4.671875,7948.0,0.44990304112434387
4.671875,7952.0,0.44995594024658203
4.671875,7952.0,0.4500088393688202
4.671875,7952.0,0.45006173849105835
4.671875,7956.0,0.4501146376132965
4.671875,7956.0,0.45016753673553467
4.671875,7956.0,0.4502204358577728
4.671875,7956.0,0.450273334980011
4.671875,7960.0,0.45032623410224915
4.671875,7960.0,0.4503791332244873
4.67578125,7960.0,0.45043203234672546
4.67578125,7960.0,0.4504849314689636
4.67578125,7964.0,0.4505378305912018
4.67578125,7964.0,0.45059072971343994
4.67578125,7964.0,0.4506436288356781
4.67578125,7964.0,0.45069652795791626
4.67578125,7968.0,0.4507494270801544
4.67578125,7968.0,0.4508023262023926
4.67578125,7968.0,0.45085522532463074
4.67578125,7968.0,0.4509081244468689
4.67578125,7972.0,0.45096102356910706
4.6796875,7972.0,0.4510139226913452
4.6796875,7972.0,0.4510668218135834
4.6796875,7972.0,0.45111972093582153
4.6796875,7976.0,0.4511726200580597
4.6796875,7976.0,0.45122551918029785
4.6796875,7976.0,0.451278418302536
4.6796875,7976.0,0.45133131742477417
4.6796875,7980.0,0.45138421654701233
4.6796875,7980.0,0.4514371156692505
4.6796875,7980.0,0.45149001479148865
4.68359375,7980.0,0.4515429139137268
4.68359375,7984.0,0.45159581303596497
4.68359375,7984.0,0.4516487121582031
4.68359375,7984.0,0.4517016112804413
4.68359375,7984.0,0.45175451040267944
4.68359375,7988.0,0.4518074095249176
4.68359375,7988.0,0.45186030864715576
4.68359375,7988.0,0.4519132077693939
4.68359375,7988.0,0.4519661068916321
4.6875,7992.0,0.45201900601387024
4.6875,7992.0,0.4520719051361084
4.6875,7992.0,0.45212480425834656
4.6875,7996.0,0.4521777033805847
4.6875,7996.0,0.4522306025028229
4.6875,7996.0,0.45228350162506104
4.6875,7996.0,0.4523364007472992
4.6875,8000.0,0.45238929986953735
4.6875,8000.0,0.4524421989917755
4.69140625,8000.0,0.45249509811401367
4.69140625,8000.0,0.45254799723625183
4.69140625,8004.0,0.45260089635849
4.69140625,8004.0,0.45265379548072815
4.69140625,8004.0,0.4527066946029663
4.69140625,8004.0,0.45275959372520447
4.69140625,8008.0,0.4528124928474426
4.6953125,8008.0,0.4528653919696808
4.6953125,8008.0,0.45291829109191895
4.6953125,8008.0,0.4529711902141571
4.6953125,8012.0,0.45302408933639526
4.6953125,8012.0,0.4530769884586334
4.6953125,8012.0,0.4531298875808716
4.6953125,8012.0,0.45318278670310974
4.6953125,8016.0,0.4532356858253479
4.69921875,8016.0,0.45328858494758606
4.69921875,8016.0,0.4533414840698242
4.69921875,8016.0,0.4533943831920624
4.69921875,8020.0,0.45344728231430054
4.69921875,8020.0,0.4535001814365387
4.69921875,8020.0,0.45355308055877686
4.69921875,8020.0,0.453605979681015
4.703125,8024.0,0.4536588788032532
4.703125,8024.0,0.45371177792549133
4.703125,8024.0,0.4537646770477295
4.703125,8024.0,0.45381757616996765
4.703125,8028.0,0.4538704752922058
4.703125,8028.0,0.45392337441444397
4.703125,8028.0,0.45397627353668213
4.70703125,8028.0,0.4540291726589203
4.70703125,8032.0,0.45408207178115845
4.70703125,8032.0,0.4541349709033966
4.70703125,8032.0,0.45418787002563477
4.70703125,8032.0,0.4542407691478729
4.70703125,8036.0,0.4542936682701111
4.70703125,8036.0,0.45434656739234924
4.70703125,8036.0,0.4543994665145874
4.7109375,8040.0,0.45445236563682556
4.7109375,8040.0,0.4545052647590637
4.7109375,8040.0,0.4545581638813019
4.7109375,8040.0,0.45461106300354004
4.7109375,8044.0,0.4546639621257782
4.7109375,8044.0,0.45471686124801636
4.7109375,8044.0,0.4547697603702545
4.7109375,8044.0,0.4548226594924927
4.71484375,8048.0,0.45487555861473083
4.71484375,8048.0,0.454928457736969
4.71484375,8048.0,0.45498135685920715
4.71484375,8048.0,0.4550342559814453
4.71484375,8052.0,0.45508715510368347
4.71484375,8052.0,0.45514005422592163
4.71484375,8052.0,0.4551929533481598
4.71875,8052.0,0.45524585247039795
4.71875,8056.0,0.4552987515926361
4.71875,8056.0,0.45535165071487427
4.71875,8056.0,0.4554045498371124
4.71875,8056.0,0.4554574489593506
4.71875,8060.0,0.45551034808158875
4.71875,8060.0,0.4555632472038269
4.72265625,8060.0,0.45561614632606506
4.72265625,8060.0,0.4556690454483032
4.72265625,8064.0,0.4557219445705414
4.72265625,8064.0,0.45577484369277954
4.72265625,8064.0,0.4558277428150177
4.72265625,8064.0,0.45588064193725586
4.72265625,8068.0,0.455933541059494
4.7265625,8068.0,0.4559864401817322
4.7265625,8068.0,0.45603933930397034
4.7265625,8068.0,0.4560922384262085
4.7265625,8072.0,0.45614513754844666
4.7265625,8072.0,0.4561980366706848
4.7265625,8072.0,0.456250935792923
4.7265625,8072.0,0.45630383491516113
4.73046875,8076.0,0.4563567340373993
4.73046875,8076.0,0.45640963315963745
4.73046875,8076.0,0.4564625322818756
4.73046875,8080.0,0.45651543140411377
4.73046875,8080.0,0.45656833052635193
4.73046875,8080.0,0.4566212296485901
4.73046875,8080.0,0.45667412877082825
4.734375,8084.0,0.4567270278930664
4.734375,8084.0,0.45677992701530457
4.734375,8084.0,0.4568328261375427
4.734375,8084.0,0.4568857252597809
4.734375,8088.0,0.45693862438201904
4.734375,8088.0,0.4569915235042572
4.73828125,8088.0,0.45704442262649536
4.73828125,8088.0,0.4570973217487335
4.73828125,8092.0,0.4571502208709717
4.73828125,8092.0,0.45720311999320984
4.73828125,8092.0,0.457256019115448
4.73828125,8092.0,0.45730891823768616
4.7421875,8096.0,0.4573618173599243
4.7421875,8096.0,0.4574147164821625
4.7421875,8096.0,0.45746761560440063
4.7421875,8096.0,0.4575205147266388
4.7421875,8100.0,0.45757341384887695
4.7421875,8100.0,0.4576263129711151
4.74609375,8100.0,0.45767921209335327
4.74609375,8100.0,0.45773211121559143
4.74609375,8104.0,0.4577850103378296
4.74609375,8104.0,0.45783790946006775
4.74609375,8104.0,0.4578908085823059
4.75,8104.0,0.45794370770454407
4.75,8108.0,0.4579966068267822
4.75,8108.0,0.4580495059490204
4.75,8108.0,0.45810240507125854
4.75,8108.0,0.4581553041934967
4.75390625,8112.0,0.45820820331573486
4.75390625,8112.0,0.458261102437973
4.75390625,8112.0,0.4583140015602112
4.75390625,8112.0,0.45836690068244934
4.75390625,8116.0,0.4584197998046875
4.7578125,8116.0,0.45847269892692566
4.7578125,8116.0,0.4585255980491638
4.7578125,8116.0,0.458578497171402
4.7578125,8120.0,0.45863139629364014
4.7578125,8120.0,0.4586842954158783
4.7578125,8120.0,0.45873719453811646
4.76171875,8124.0,0.4587900936603546
4.76171875,8124.0,0.4588429927825928
4.76171875,8124.0,0.45889589190483093
4.76171875,8124.0,0.4589487910270691
4.76171875,8128.0,0.45900169014930725
4.765625,8128.0,0.4590545892715454
4.765625,8128.0,0.45910748839378357
4.765625,8128.0,0.45916038751602173
4.765625,8132.0,0.4592132866382599
4.765625,8132.0,0.45926618576049805
4.765625,8132.0,0.4593190848827362
4.76953125,8132.0,0.45937198400497437
4.76953125,8136.0,0.4594248831272125
4.76953125,8136.0,0.4594777822494507
4.76953125,8136.0,0.45953068137168884
4.76953125,8136.0,0.459583580493927
4.76953125,8140.0,0.45963647961616516
4.7734375,8140.0,0.4596893787384033
4.7734375,8140.0,0.4597422778606415
4.7734375,8140.0,0.45979517698287964
4.7734375,8144.0,0.4598480761051178
4.7734375,8144.0,0.45990097522735596
4.7734375,8144.0,0.4599538743495941
4.77734375,8144.0,0.4600067734718323
4.77734375,8148.0,0.46005967259407043
4.77734375,8148.0,0.4601125717163086
4.77734375,8148.0,0.46016547083854675
4.77734375,8148.0,0.4602183699607849
4.77734375,8152.0,0.46027126908302307
4.78125,8152.0,0.46032416820526123
4.78125,8152.0,0.4603770673274994
4.78125,8152.0,0.46042996644973755
4.78125,8156.0,0.4604828655719757
4.78125,8156.0,0.46053576469421387
4.78125,8156.0,0.460588663816452
4.78125,8156.0,0.4606415629386902
4.78515625,8160.0,0.46069446206092834
4.78515625,8160.0,0.4607473611831665
4.78515625,8160.0,0.46080026030540466
4.78515625,8164.0,0.4608531594276428
4.78515625,8164.0,0.460906058549881
4.78515625,8164.0,0.46095895767211914
4.7890625,8164.0,0.4610118567943573
4.7890625,8168.0,0.46106475591659546
4.7890625,8168.0,0.4611176550388336
4.7890625,8168.0,0.4611705541610718
4.7890625,8168.0,0.46122345328330994
4.7890625,8172.0,0.4612763524055481
4.7890625,8172.0,0.46132925152778625
4.79296875,8172.0,0.4613821506500244
4.79296875,8172.0,0.4614350497722626
4.79296875,8176.0,0.46148794889450073
4.79296875,8176.0,0.4615408480167389
4.79296875,8176.0,0.46159374713897705
4.79296875,8176.0,0.4616466462612152
4.79296875,8180.0,0.46169954538345337
4.79296875,8180.0,0.46175244450569153
4.796875,8180.0,0.4618053436279297
4.796875,8180.0,0.46185824275016785
4.796875,8184.0,0.461911141872406
4.796875,8184.0,0.46196404099464417
4.796875,8184.0,0.4620169401168823
4.796875,8184.0,0.4620698392391205
4.796875,8188.0,0.46212273836135864
4.796875,8188.0,0.4621756374835968
4.796875,8188.0,0.46222853660583496
4.80078125,8188.0,0.4622814357280731
4.80078125,8192.0,0.4623343348503113
4.80078125,8192.0,0.46238723397254944
4.80078125,8192.0,0.4624401330947876
4.80078125,8192.0,0.46249303221702576
4.80078125,8192.0,0.4625459313392639
4.80078125,8192.0,0.4625988304615021
4.80078125,8192.0,0.46265172958374023
4.80078125,8200.0,0.4627046287059784
4.80078125,8200.0,0.46275752782821655
4.80078125,8200.0,0.4628104269504547
4.80078125,8200.0,0.46286332607269287
4.8046875,8200.0,0.46291622519493103
4.8046875,8200.0,0.4629691243171692
4.8046875,8200.0,0.46302202343940735
4.8046875,8200.0,0.4630749225616455
4.8046875,8208.0,0.46312782168388367
4.8046875,8208.0,0.4631807208061218
4.8046875,8208.0,0.46323361992836
4.8046875,8208.0,0.46328651905059814
4.8046875,8208.0,0.4633394181728363
4.8046875,8208.0,0.46339231729507446
4.8046875,8208.0,0.4634452164173126
4.8046875,8208.0,0.4634981155395508
4.8046875,8216.0,0.46355101466178894
4.8046875,8216.0,0.4636039137840271
4.80859375,8216.0,0.46365681290626526
4.80859375,8216.0,0.4637097120285034
4.80859375,8216.0,0.4637626111507416
4.80859375,8216.0,0.46381551027297974
4.80859375,8216.0,0.4638684093952179
4.80859375,8216.0,0.46392130851745605
4.80859375,8224.0,0.4639742076396942
4.80859375,8224.0,0.4640271067619324
4.80859375,8224.0,0.46408000588417053
4.80859375,8224.0,0.4641329050064087
4.80859375,8224.0,0.46418580412864685
4.80859375,8224.0,0.464238703250885
4.80859375,8224.0,0.46429160237312317
4.80859375,8224.0,0.46434450149536133
4.80859375,8232.0,0.4643974006175995
4.8125,8232.0,0.46445029973983765
4.8125,8232.0,0.4645031988620758
4.8125,8232.0,0.46455609798431396
4.8125,8232.0,0.4646089971065521
4.8125,8232.0,0.4646618962287903
4.8125,8232.0,0.46471479535102844
4.8125,8240.0,0.4647676944732666
4.8125,8240.0,0.46482059359550476
4.8125,8240.0,0.4648734927177429
4.8125,8240.0,0.4649263918399811
4.8125,8240.0,0.46497929096221924
4.8125,8240.0,0.4650321900844574
4.8125,8240.0,0.46508508920669556
4.8125,8240.0,0.4651379883289337
4.8125,8248.0,0.4651908874511719
4.8125,8248.0,0.46524378657341003
4.8125,8248.0,0.4652966856956482
4.81640625,8248.0,0.46534958481788635
4.81640625,8248.0,0.4654024839401245
4.81640625,8248.0,0.46545538306236267
4.81640625,8248.0,0.46550828218460083
4.81640625,8248.0,0.465561181306839
4.81640625,8256.0,0.46561408042907715
4.81640625,8256.0,0.4656669795513153
4.81640625,8256.0,0.46571987867355347
4.81640625,8256.0,0.4657727777957916
4.81640625,8256.0,0.4658256769180298
4.81640625,8256.0,0.46587857604026794
4.81640625,8256.0,0.4659314751625061
4.81640625,8256.0,0.46598437428474426
4.81640625,8264.0,0.4660372734069824
4.81640625,8264.0,0.4660901725292206
4.81640625,8264.0,0.46614307165145874
4.81640625,8264.0,0.4661959707736969
4.8203125,8264.0,0.46624886989593506
4.8203125,8264.0,0.4663017690181732
4.8203125,8264.0,0.4663546681404114
4.8203125,8264.0,0.46640756726264954
4.8203125,8272.0,0.4664604663848877
4.8203125,8272.0,0.46651336550712585
4.8203125,8272.0,0.466566264629364
4.8203125,8272.0,0.4666191637516022
4.8203125,8272.0,0.46667206287384033
4.8203125,8272.0,0.4667249619960785
4.8203125,8272.0,0.46677786111831665
4.8203125,8280.0,0.4668307602405548
4.8203125,8280.0,0.46688365936279297
4.8203125,8280.0,0.46693655848503113
4.82421875,8280.0,0.4669894576072693
4.82421875,8280.0,0.46704235672950745
4.82421875,8280.0,0.4670952558517456
4.82421875,8280.0,0.46714815497398376
4.82421875,8280.0,0.4672010540962219
4.82421875,8288.0,0.4672539532184601
4.82421875,8288.0,0.46730685234069824
4.82421875,8288.0,0.4673597514629364
4.82421875,8288.0,0.46741265058517456
4.82421875,8288.0,0.4674655497074127
4.82421875,8288.0,0.4675184488296509
4.82421875,8288.0,0.46757134795188904
4.82421875,8288.0,0.4676242470741272
4.828125,8296.0,0.46767714619636536
4.828125,8296.0,0.4677300453186035
4.828125,8296.0,0.4677829444408417
4.828125,8296.0,0.46783584356307983
4.828125,8296.0,0.467888742685318
4.828125,8296.0,0.46794164180755615
4.828125,8296.0,0.4679945409297943
4.828125,8296.0,0.46804744005203247
4.828125,8304.0,0.46810033917427063
4.828125,8304.0,0.4681532382965088
4.828125,8304.0,0.46820613741874695
4.828125,8304.0,0.4682590365409851
4.828125,8304.0,0.46831193566322327
4.828125,8304.0,0.4683648347854614
4.828125,8304.0,0.4684177339076996
4.828125,8304.0,0.46847063302993774
4.828125,8312.0,0.4685235321521759
4.828125,8312.0,0.46857643127441406
4.828125,8312.0,0.4686293303966522
4.83203125,8312.0,0.4686822295188904
4.83203125,8312.0,0.46873512864112854
4.83203125,8312.0,0.4687880277633667
4.83203125,8312.0,0.46884092688560486
4.83203125,8320.0,0.468893826007843
4.83203125,8320.0,0.4689467251300812
4.83203125,8320.0,0.46899962425231934
4.83203125,8320.0,0.4690525233745575
4.83203125,8320.0,0.46910542249679565
4.83203125,8320.0,0.4691583216190338
4.83203125,8320.0,0.469211220741272
4.83203125,8320.0,0.46926411986351013
4.83203125,8328.0,0.4693170189857483
4.83203125,8328.0,0.46936991810798645
4.83203125,8328.0,0.4694228172302246
4.83203125,8328.0,0.46947571635246277
4.83203125,8328.0,0.4695286154747009
4.83203125,8328.0,0.4695815145969391
4.8359375,8328.0,0.46963441371917725
4.8359375,8328.0,0.4696873128414154
4.8359375,8336.0,0.46974021196365356
4.8359375,8336.0,0.4697931110858917
4.8359375,8336.0,0.4698460102081299
4.8359375,8336.0,0.46989890933036804
4.8359375,8336.0,0.4699518084526062
4.8359375,8336.0,0.47000470757484436
4.8359375,8336.0,0.4700576066970825
4.8359375,8336.0,0.4701105058193207
4.8359375,8344.0,0.47016340494155884
4.83984375,8344.0,0.470216304063797
4.83984375,8344.0,0.47026920318603516
4.83984375,8344.0,0.4703221023082733
4.83984375,8344.0,0.4703750014305115
4.83984375,8344.0,0.47042790055274963
4.83984375,8344.0,0.4704807996749878
4.83984375,8344.0,0.47053369879722595
4.83984375,8352.0,0.4705865979194641
4.83984375,8352.0,0.47063949704170227
4.84375,8352.0,0.47069239616394043
4.84375,8352.0,0.4707452952861786
4.84375,8352.0,0.47079819440841675
4.84375,8352.0,0.4708510935306549
4.84375,8352.0,0.47090399265289307
4.84375,8360.0,0.4709568917751312
4.84375,8360.0,0.4710097908973694
4.84375,8360.0,0.47106269001960754
4.84765625,8360.0,0.4711155891418457
4.84765625,8360.0,0.47116848826408386
4.84765625,8360.0,0.471221387386322
4.84765625,8360.0,0.4712742865085602
4.84765625,8360.0,0.47132718563079834
4.84765625,8368.0,0.4713800847530365
4.84765625,8368.0,0.47143298387527466
4.8515625,8368.0,0.4714858829975128
4.8515625,8368.0,0.471538782119751
4.8515625,8368.0,0.47159168124198914
4.8515625,8368.0,0.4716445803642273
4.8515625,8368.0,0.47169747948646545
4.8515625,8368.0,0.4717503786087036
4.8515625,8376.0,0.4718032777309418
4.8515625,8376.0,0.47185617685317993
4.8515625,8376.0,0.4719090759754181
4.85546875,8376.0,0.47196197509765625
4.85546875,8376.0,0.4720148742198944
4.85546875,8376.0,0.47206777334213257
4.85546875,8376.0,0.4721206724643707
4.85546875,8376.0,0.4721735715866089
4.85546875,8384.0,0.47222647070884705
4.85546875,8384.0,0.4722793698310852
4.85546875,8384.0,0.47233226895332336
4.859375,8384.0,0.4723851680755615
4.859375,8384.0,0.4724380671977997
4.859375,8384.0,0.47249096632003784
4.859375,8384.0,0.472543865442276
4.859375,8384.0,0.47259676456451416
4.859375,8392.0,0.4726496636867523
4.859375,8392.0,0.4727025628089905
4.859375,8392.0,0.47275546193122864
4.86328125,8392.0,0.4728083610534668
4.86328125,8392.0,0.47286126017570496
4.86328125,8392.0,0.4729141592979431
4.86328125,8392.0,0.4729670584201813
4.86328125,8400.0,0.47301995754241943
4.86328125,8400.0,0.4730728566646576
4.86328125,8400.0,0.47312575578689575
4.8671875,8400.0,0.4731786549091339
4.8671875,8400.0,0.47323155403137207
4.8671875,8400.0,0.47328445315361023
4.8671875,8400.0,0.4733373522758484
4.8671875,8400.0,0.47339025139808655
4.8671875,8408.0,0.4734431505203247
4.8671875,8408.0,0.47349604964256287
4.87109375,8408.0,0.473548948764801
4.87109375,8408.0,0.4736018478870392
4.87109375,8408.0,0.47365474700927734
4.87109375,8408.0,0.4737076461315155
4.87109375,8408.0,0.47376054525375366
4.87109375,8408.0,0.4738134443759918
4.87109375,8416.0,0.47386634349823
4.87109375,8416.0,0.47391924262046814
4.875,8416.0,0.4739721417427063
4.875,8416.0,0.47402504086494446
4.875,8416.0,0.4740779399871826
4.875,8416.0,0.4741308391094208
4.875,8416.0,0.47418373823165894
4.875,8416.0,0.4742366373538971
4.875,8424.0,0.47428953647613525
4.875,8424.0,0.4743424355983734
4.875,8424.0,0.4743953347206116
4.87890625,8424.0,0.47444823384284973
4.87890625,8424.0,0.4745011329650879
4.87890625,8424.0,0.47455403208732605
4.87890625,8424.0,0.4746069312095642
4.87890625,8424.0,0.47465983033180237
4.87890625,8432.0,0.4747127294540405
4.87890625,8432.0,0.4747656285762787
4.87890625,8432.0,0.47481852769851685
4.87890625,8432.0,0.474871426820755
4.8828125,8432.0,0.47492432594299316
4.8828125,8432.0,0.4749772250652313
4.8828125,8432.0,0.4750301241874695
4.8828125,8432.0,0.47508302330970764
4.8828125,8440.0,0.4751359224319458
4.8828125,8440.0,0.47518882155418396
4.8828125,8440.0,0.4752417206764221
4.8828125,8440.0,0.4752946197986603
4.8828125,8440.0,0.47534751892089844
4.88671875,8440.0,0.4754004180431366
4.88671875,8440.0,0.47545331716537476
4.88671875,8448.0,0.4755062162876129
4.88671875,8448.0,0.4755591154098511
4.88671875,8448.0,0.47561201453208923
4.88671875,8448.0,0.4756649136543274
4.88671875,8448.0,0.47571781277656555
4.88671875,8448.0,0.4757707118988037
4.88671875,8448.0,0.47582361102104187
4.890625,8448.0,0.47587651014328003
4.890625,8456.0,0.4759294092655182
4.890625,8456.0,0.47598230838775635
4.890625,8456.0,0.4760352075099945
4.890625,8456.0,0.47608810663223267
4.890625,8456.0,0.4761410057544708
4.890625,8456.0,0.476193904876709
4.890625,8456.0,0.47624680399894714
4.890625,8456.0,0.4762997031211853
4.89453125,8464.0,0.47635260224342346
4.89453125,8464.0,0.4764055013656616
4.89453125,8464.0,0.4764584004878998
4.89453125,8464.0,0.47651129961013794
4.89453125,8464.0,0.4765641987323761
4.89453125,8464.0,0.47661709785461426
4.89453125,8464.0,0.4766699969768524
4.89453125,8464.0,0.4767228960990906
4.8984375,8472.0,0.47677579522132874
4.8984375,8472.0,0.4768286943435669
4.8984375,8472.0,0.47688159346580505
4.8984375,8472.0,0.4769344925880432
4.8984375,8472.0,0.47698739171028137
4.8984375,8472.0,0.47704029083251953
4.8984375,8472.0,0.4770931899547577
4.90234375,8472.0,0.47714608907699585
4.90234375,8480.0,0.477198988199234
4.90234375,8480.0,0.47725188732147217
4.90234375,8480.0,0.4773047864437103
4.90234375,8480.0,0.4773576855659485
4.90234375,8480.0,0.47741058468818665
4.90234375,8480.0,0.4774634838104248
4.90625,8480.0,0.47751638293266296
4.90625,8488.0,0.4775692820549011
4.90625,8488.0,0.4776221811771393
4.90625,8488.0,0.47767508029937744
4.90625,8488.0,0.4777279794216156
4.90625,8488.0,0.47778087854385376
4.90625,8488.0,0.4778337776660919
4.91015625,8488.0,0.4778866767883301
4.91015625,8488.0,0.47793957591056824
4.91015625,8496.0,0.4779924750328064
4.91015625,8496.0,0.47804537415504456
4.91015625,8496.0,0.4780982732772827
4.91015625,8496.0,0.4781511723995209
4.9140625,8496.0,0.47820407152175903
4.9140625,8496.0,0.4782569706439972
4.9140625,8496.0,0.47830986976623535
4.9140625,8496.0,0.4783627688884735
4.9140625,8504.0,0.47841566801071167
4.9140625,8504.0,0.47846856713294983
4.91796875,8504.0,0.478521466255188
4.91796875,8504.0,0.47857436537742615
4.91796875,8504.0,0.4786272644996643
4.91796875,8504.0,0.47868016362190247
4.91796875,8504.0,0.4787330627441406
4.921875,8504.0,0.4787859618663788
4.921875,8512.0,0.47883886098861694
4.921875,8512.0,0.4788917601108551
4.921875,8512.0,0.47894465923309326
4.921875,8512.0,0.4789975583553314
4.92578125,8512.0,0.4790504574775696
4.92578125,8512.0,0.47910335659980774
4.92578125,8512.0,0.4791562557220459
4.92578125,8512.0,0.47920915484428406
4.92578125,8520.0,0.4792620539665222
4.92578125,8520.0,0.4793149530887604
4.9296875,8520.0,0.47936785221099854
4.9296875,8520.0,0.4794207513332367
4.9296875,8520.0,0.47947365045547485
4.9296875,8520.0,0.479526549577713
4.9296875,8520.0,0.47957944869995117
4.93359375,8528.0,0.47963234782218933
4.93359375,8528.0,0.4796852469444275
4.93359375,8528.0,0.47973814606666565
4.93359375,8528.0,0.4797910451889038
4.93359375,8528.0,0.47984394431114197
4.9375,8528.0,0.4798968434333801
4.9375,8528.0,0.4799497425556183
4.9375,8528.0,0.48000264167785645
4.9375,8536.0,0.4800555408000946
4.9375,8536.0,0.48010843992233276
4.94140625,8536.0,0.4801613390445709
4.94140625,8536.0,0.4802142381668091
4.94140625,8536.0,0.48026713728904724
4.94140625,8536.0,0.4803200364112854
4.94140625,8536.0,0.48037293553352356
4.94140625,8536.0,0.4804258346557617
4.9453125,8544.0,0.4804787337779999
4.9453125,8544.0,0.48053163290023804
4.9453125,8544.0,0.4805845320224762
4.9453125,8544.0,0.48063743114471436
4.9453125,8544.0,0.4806903302669525
4.94921875,8544.0,0.4807432293891907
4.94921875,8544.0,0.48079612851142883
4.94921875,8544.0,0.480849027633667
4.94921875,8552.0,0.48090192675590515
4.94921875,8552.0,0.4809548258781433
4.953125,8552.0,0.48100772500038147
4.953125,8552.0,0.48106062412261963
4.953125,8552.0,0.4811135232448578
4.953125,8552.0,0.48116642236709595
4.953125,8552.0,0.4812193214893341
4.95703125,8552.0,0.48127222061157227
4.95703125,8560.0,0.4813251197338104
4.95703125,8560.0,0.4813780188560486
4.95703125,8560.0,0.48143091797828674
4.95703125,8560.0,0.4814838171005249
4.9609375,8560.0,0.48153671622276306
4.9609375,8560.0,0.4815896153450012
4.9609375,8560.0,0.4816425144672394
4.9609375,8568.0,0.48169541358947754
4.9609375,8568.0,0.4817483127117157
4.96484375,8568.0,0.48180121183395386
4.96484375,8568.0,0.481854110956192
4.96484375,8568.0,0.4819070100784302
4.96484375,8568.0,0.48195990920066833
4.96484375,8568.0,0.4820128083229065
4.96875,8568.0,0.48206570744514465
4.96875,8576.0,0.4821186065673828
4.96875,8576.0,0.48217150568962097
4.96875,8576.0,0.48222440481185913
4.97265625,8576.0,0.4822773039340973
4.97265625,8576.0,0.48233020305633545
4.97265625,8576.0,0.4823831021785736
4.97265625,8576.0,0.48243600130081177
4.97265625,8576.0,0.4824889004230499
4.9765625,8584.0,0.4825417995452881
4.9765625,8584.0,0.48259469866752625
4.9765625,8584.0,0.4826475977897644
4.9765625,8584.0,0.48270049691200256
4.9765625,8584.0,0.4827533960342407
4.98046875,8584.0,0.4828062951564789
4.98046875,8584.0,0.48285919427871704
4.98046875,8584.0,0.4829120934009552
4.98046875,8592.0,0.48296499252319336
4.98046875,8592.0,0.4830178916454315
4.984375,8592.0,0.4830707907676697
4.984375,8592.0,0.48312368988990784
4.984375,8592.0,0.483176589012146
4.984375,8592.0,0.48322948813438416
4.98828125,8592.0,0.4832823872566223
4.98828125,8592.0,0.4833352863788605
4.98828125,8600.0,0.48338818550109863
4.98828125,8600.0,0.4834410846233368
4.98828125,8600.0,0.48349398374557495
4.9921875,8600.0,0.4835468828678131
4.9921875,8600.0,0.48359978199005127
4.9921875,8600.0,0.48365268111228943
4.9921875,8600.0,0.4837055802345276
4.99609375,8608.0,0.48375847935676575
4.99609375,8608.0,0.4838113784790039
4.99609375,8608.0,0.48386427760124207
4.99609375,8608.0,0.4839171767234802
4.99609375,8608.0,0.4839700758457184
5.0,8608.0,0.48402297496795654
5.0,8608.0,0.4840758740901947
5.0,8608.0,0.48412877321243286
5.0,8616.0,0.484181672334671
5.00390625,8616.0,0.4842345714569092
5.00390625,8616.0,0.48428747057914734
5.00390625,8616.0,0.4843403697013855
5.00390625,8616.0,0.48439326882362366
5.0078125,8616.0,0.4844461679458618
5.0078125,8616.0,0.4844990670681
5.0078125,8616.0,0.48455196619033813
5.0078125,8624.0,0.4846048653125763
5.01171875,8624.0,0.48465776443481445
5.01171875,8624.0,0.4847106635570526
5.01171875,8624.0,0.48476356267929077
5.01171875,8624.0,0.48481646180152893
5.015625,8624.0,0.4848693609237671
5.015625,8624.0,0.48492226004600525
5.015625,8624.0,0.4849751591682434
5.015625,8632.0,0.48502805829048157
5.01953125,8632.0,0.4850809574127197
5.01953125,8632.0,0.4851338565349579
5.01953125,8632.0,0.48518675565719604
5.0234375,8632.0,0.4852396547794342
5.0234375,8632.0,0.48529255390167236
5.0234375,8632.0,0.4853454530239105
5.02734375,8632.0,0.4853983521461487
5.02734375,8640.0,0.48545125126838684
5.02734375,8640.0,0.485504150390625
5.03125,8640.0,0.48555704951286316
5.03125,8640.0,0.4856099486351013
5.03125,8640.0,0.4856628477573395
5.03515625,8640.0,0.48571574687957764
5.03515625,8640.0,0.4857686460018158
5.03515625,8648.0,0.48582154512405396
5.0390625,8648.0,0.4858744442462921
5.0390625,8648.0,0.4859273433685303
5.0390625,8648.0,0.48598024249076843
5.04296875,8648.0,0.4860331416130066
5.04296875,8648.0,0.48608604073524475
5.04296875,8648.0,0.4861389398574829
5.046875,8648.0,0.48619183897972107
5.046875,8656.0,0.48624473810195923
5.046875,8656.0,0.4862976372241974
5.05078125,8656.0,0.48635053634643555
5.05078125,8656.0,0.4864034354686737
5.05078125,8656.0,0.48645633459091187
5.0546875,8656.0,0.48650923371315
5.0546875,8656.0,0.4865621328353882
5.0546875,8656.0,0.48661503195762634
5.05859375,8664.0,0.4866679310798645
5.05859375,8664.0,0.48672083020210266
5.05859375,8664.0,0.4867737293243408
5.05859375,8664.0,0.486826628446579
5.0625,8664.0,0.48687952756881714
5.0625,8664.0,0.4869324266910553
5.0625,8664.0,0.48698532581329346
5.06640625,8664.0,0.4870382249355316
5.06640625,8672.0,0.4870911240577698
5.06640625,8672.0,0.48714402318000793
5.06640625,8672.0,0.4871969223022461
5.0703125,8672.0,0.48724982142448425
5.0703125,8672.0,0.4873027205467224
5.0703125,8672.0,0.48735561966896057
5.07421875,8672.0,0.48740851879119873
5.07421875,8672.0,0.4874614179134369
5.07421875,8680.0,0.48751431703567505
5.078125,8680.0,0.4875672161579132
5.078125,8680.0,0.48762011528015137
5.078125,8680.0,0.4876730144023895
5.078125,8680.0,0.4877259135246277
5.08203125,8680.0,0.48777881264686584
5.08203125,8680.0,0.487831711769104
5.08203125,8680.0,0.48788461089134216
5.08203125,8688.0,0.4879375100135803
5.0859375,8688.0,0.4879904091358185
5.0859375,8688.0,0.48804330825805664
5.0859375,8688.0,0.4880962073802948
5.0859375,8688.0,0.48814910650253296
5.08984375,8688.0,0.4882020056247711
5.08984375,8688.0,0.4882549047470093
5.08984375,8696.0,0.48830780386924744
5.08984375,8696.0,0.4883607029914856
5.09375,8696.0,0.48841360211372375
5.09375,8696.0,0.4884665012359619
5.09375,8696.0,0.4885194003582001
5.09375,8696.0,0.48857229948043823
5.09765625,8696.0,0.4886251986026764
5.09765625,8696.0,0.48867809772491455
5.09765625,8704.0,0.4887309968471527
5.09765625,8704.0,0.48878389596939087
5.1015625,8704.0,0.48883679509162903
5.1015625,8704.0,0.4888896942138672
5.1015625,8704.0,0.48894259333610535
5.10546875,8704.0,0.4889954924583435
5.10546875,8704.0,0.48904839158058167
5.10546875,8704.0,0.4891012907028198
5.10546875,8712.0,0.489154189825058
5.109375,8712.0,0.48920708894729614
5.109375,8712.0,0.4892599880695343
5.109375,8712.0,0.48931288719177246
5.11328125,8712.0,0.4893657863140106
5.11328125,8712.0,0.4894186854362488
5.11328125,8712.0,0.48947158455848694
5.1171875,8712.0,0.4895244836807251
5.1171875,8720.0,0.48957738280296326
5.12109375,8720.0,0.4896302819252014
5.12109375,8720.0,0.4896831810474396
5.12109375,8720.0,0.48973608016967773
5.125,8720.0,0.4897889792919159
5.125,8720.0,0.48984187841415405
5.12890625,8720.0,0.4898947775363922
5.12890625,8720.0,0.48994767665863037
5.12890625,8728.0,0.49000057578086853
5.1328125,8728.0,0.4900534749031067
5.1328125,8728.0,0.49010637402534485
5.13671875,8728.0,0.490159273147583
5.13671875,8728.0,0.49021217226982117
5.140625,8728.0,0.4902650713920593
5.140625,8728.0,0.4903179705142975
5.14453125,8736.0,0.49037086963653564
5.14453125,8736.0,0.4904237687587738
5.1484375,8736.0,0.49047666788101196
5.15234375,8736.0,0.4905295670032501
5.15234375,8736.0,0.4905824661254883
5.15625,8736.0,0.49063536524772644
5.15625,8736.0,0.4906882643699646
5.16015625,8736.0,0.49074116349220276
5.16015625,8744.0,0.4907940626144409
5.1640625,8744.0,0.4908469617366791
5.1640625,8744.0,0.49089986085891724
5.16796875,8744.0,0.4909527599811554
5.171875,8744.0,0.49100565910339355
5.171875,8744.0,0.4910585582256317
5.17578125,8744.0,0.4911114573478699
5.17578125,8744.0,0.49116435647010803
5.1796875,8752.0,0.4912172555923462
5.18359375,8752.0,0.49127015471458435
5.18359375,8752.0,0.4913230538368225
5.1875,8752.0,0.49137595295906067
5.19140625,8752.0,0.49142885208129883
5.19140625,8752.0,0.491481751203537
5.1953125,8752.0,0.49153465032577515
5.19921875,8752.0,0.4915875494480133
5.19921875,8760.0,0.49164044857025146
5.203125,8760.0,0.4916933476924896
5.20703125,8760.0,0.4917462468147278
5.20703125,8760.0,0.49179914593696594
5.2109375,8760.0,0.4918520450592041
5.21484375,8760.0,0.49190494418144226
5.21484375,8760.0,0.4919578433036804
5.21875,8760.0,0.4920107424259186
5.22265625,8768.0,0.49206364154815674
5.2265625,8768.0,0.4921165406703949
5.2265625,8768.0,0.49216943979263306
5.23046875,8768.0,0.4922223389148712
5.234375,8768.0,0.4922752380371094
5.234375,8768.0,0.49232813715934753
5.23828125,8768.0,0.4923810362815857
5.2421875,8776.0,0.49243393540382385
5.2421875,8776.0,0.492486834526062
5.24609375,8776.0,0.49253973364830017
5.25,8776.0,0.49259263277053833
5.25390625,8776.0,0.4926455318927765
5.25390625,8776.0,0.49269843101501465
5.2578125,8776.0,0.4927513301372528
5.26171875,8776.0,0.49280422925949097
5.26171875,8784.0,0.4928571283817291
5.265625,8784.0,0.4929100275039673
5.26953125,8784.0,0.49296292662620544
5.2734375,8784.0,0.4930158257484436
5.2734375,8784.0,0.49306872487068176
5.27734375,8784.0,0.4931216239929199
5.28125,8784.0,0.4931745231151581
5.28125,8784.0,0.49322742223739624
5.28515625,8792.0,0.4932803213596344
5.2890625,8792.0,0.49333322048187256
5.29296875,8792.0,0.4933861196041107
5.29296875,8792.0,0.4934390187263489
5.296875,8792.0,0.49349191784858704
5.30078125,8792.0,0.4935448169708252
5.30078125,8792.0,0.49359771609306335
5.3046875,8792.0,0.4936506152153015
5.30859375,8800.0,0.4937035143375397
5.3125,8800.0,0.49375641345977783
5.3125,8800.0,0.493809312582016
5.31640625,8800.0,0.49386221170425415
5.3203125,8800.0,0.4939151108264923
5.32421875,8800.0,0.49396800994873047
5.32421875,8800.0,0.49402090907096863
5.328125,8800.0,0.4940738081932068
5.33203125,8808.0,0.49412670731544495
5.3359375,8808.0,0.4941796064376831
5.33984375,8808.0,0.49423250555992126
5.33984375,8808.0,0.4942854046821594
5.34375,8808.0,0.4943383038043976
5.34765625,8808.0,0.49439120292663574
5.3515625,8808.0,0.4944441020488739
5.35546875,8808.0,0.49449700117111206
5.35546875,8816.0,0.4945499002933502
5.359375,8816.0,0.4946027994155884
5.36328125,8816.0,0.49465569853782654
5.3671875,8816.0,0.4947085976600647
5.37109375,8816.0,0.49476149678230286
5.37109375,8816.0,0.494814395904541
5.375,8816.0,0.4948672950267792
5.37890625,8824.0,0.49492019414901733
5.3828125,8824.0,0.4949730932712555
5.38671875,8824.0,0.49502599239349365
5.390625,8824.0,0.4950788915157318
5.39453125,8824.0,0.49513179063796997
5.3984375,8824.0,0.49518468976020813
5.3984375,8824.0,0.4952375888824463
5.40234375,8824.0,0.49529048800468445
5.40625,8832.0,0.4953433871269226
5.41015625,8832.0,0.49539628624916077
5.4140625,8832.0,0.4954491853713989
5.41796875,8832.0,0.4955020844936371
5.421875,8832.0,0.49555498361587524
5.42578125,8832.0,0.4956078827381134
5.4296875,8832.0,0.49566078186035156
5.43359375,8832.0,0.4957136809825897
5.4375,8840.0,0.4957665801048279
5.44140625,8840.0,0.49581947922706604
5.4453125,8840.0,0.4958723783493042
5.44921875,8840.0,0.49592527747154236
5.453125,8840.0,0.4959781765937805
5.45703125,8840.0,0.4960310757160187
5.4609375,8840.0,0.49608397483825684
5.46484375,8840.0,0.496136873960495
5.46875,8848.0,0.49618977308273315
5.4765625,8848.0,0.4962426722049713
5.48046875,8848.0,0.4962955713272095
5.484375,8848.0,0.49634847044944763
5.48828125,8848.0,0.4964013695716858
5.4921875,8848.0,0.49645426869392395
5.49609375,8848.0,0.4965071678161621
5.5,8848.0,0.49656006693840027
5.50390625,8856.0,0.4966129660606384
5.51171875,8856.0,0.4966658651828766
5.515625,8856.0,0.49671876430511475
5.51953125,8856.0,0.4967716634273529
5.5234375,8856.0,0.49682456254959106
5.52734375,8856.0,0.4968774616718292
5.53125,8856.0,0.4969303607940674
5.5390625,8856.0,0.49698325991630554
5.54296875,8864.0,0.4970361590385437
5.546875,8864.0,0.49708905816078186
5.55078125,8864.0,0.49714195728302
5.5546875,8864.0,0.4971948564052582
5.55859375,8864.0,0.49724775552749634
5.56640625,8864.0,0.4973006546497345
5.5703125,8864.0,0.49735355377197266
5.57421875,8872.0,0.4974064528942108
5.578125,8872.0,0.497459352016449
5.58203125,8872.0,0.49751225113868713
5.5859375,8872.0,0.4975651502609253
5.58984375,8872.0,0.49761804938316345
5.59375,8872.0,0.4976709485054016
5.59765625,8872.0,0.49772384762763977
5.6015625,8872.0,0.49777674674987793
5.60546875,8880.0,0.4978296458721161
5.609375,8880.0,0.49788254499435425
5.61328125,8880.0,0.4979354441165924
5.6171875,8880.0,0.49798834323883057
5.62109375,8880.0,0.4980412423610687
5.625,8880.0,0.4980941414833069
5.62890625,8880.0,0.49814704060554504
5.62890625,8880.0,0.4981999397277832
5.6328125,8888.0,0.49825283885002136
5.63671875,8888.0,0.4983057379722595
5.640625,8888.0,0.4983586370944977
5.640625,8888.0,0.49841153621673584
5.64453125,8888.0,0.498464435338974
5.64453125,8888.0,0.49851733446121216
5.6484375,8888.0,0.4985702335834503
5.65234375,8888.0,0.4986231327056885
5.65234375,8896.0,0.49867603182792664
5.65625,8896.0,0.4987289309501648
5.65625,8896.0,0.49878183007240295
5.66015625,8896.0,0.4988347291946411
5.6640625,8896.0,0.4988876283168793
5.6640625,8896.0,0.49894052743911743
5.66796875,8896.0,0.4989934265613556
5.66796875,8896.0,0.49904632568359375
5.671875,8904.0,0.4990992248058319
5.671875,8904.0,0.49915212392807007
5.67578125,8904.0,0.4992050230503082
5.67578125,8904.0,0.4992579221725464
5.6796875,8904.0,0.49931082129478455
5.6796875,8904.0,0.4993637204170227
5.6796875,8904.0,0.49941661953926086
5.68359375,8904.0,0.499469518661499
5.68359375,8912.0,0.4995224177837372
5.6875,8912.0,0.49957531690597534
5.6875,8912.0,0.4996282160282135
5.6875,8912.0,0.49968111515045166
5.6875,8912.0,0.4997340142726898
5.69140625,8912.0,0.499786913394928
5.69140625,8912.0,0.49983981251716614
5.69140625,8920.0,0.4998927116394043
5.6953125,8920.0,0.49994561076164246
5.6953125,8920.0,0.4999985098838806
5.6953125,8920.0,0.5000512599945068
5.6953125,8920.0,0.5001040101051331
5.69921875,8920.0,0.5001567602157593
5.69921875,8920.0,0.5002095103263855
5.69921875,8920.0,0.5002622604370117
5.69921875,8928.0,0.5003150105476379
5.703125,8928.0,0.5003677606582642
5.703125,8928.0,0.5004205107688904
5.703125,8928.0,0.5004732608795166
5.703125,8928.0,0.5005260109901428
5.70703125,8928.0,0.500578761100769
5.70703125,8928.0,0.5006315112113953
5.70703125,8928.0,0.5006842613220215
5.70703125,8936.0,0.5007370114326477
5.70703125,8936.0,0.5007897615432739
5.70703125,8936.0,0.5008425116539001
5.7109375,8936.0,0.5008952617645264
5.7109375,8936.0,0.5009480118751526
5.7109375,8936.0,0.5010007619857788
5.7109375,8936.0,0.501053512096405
5.7109375,8936.0,0.5011062622070312
5.7109375,8944.0,0.5011590123176575
5.7109375,8944.0,0.5012117624282837
5.71484375,8944.0,0.5012645125389099
5.71484375,8944.0,0.5013172626495361
5.71484375,8944.0,0.5013700127601624
5.71484375,8944.0,0.5014227628707886
5.71484375,8944.0,0.5014755129814148
5.71484375,8944.0,0.501528263092041
5.71484375,8952.0,0.5015810132026672
5.71484375,8952.0,0.5016337633132935
5.71484375,8952.0,0.5016865134239197
5.71484375,8952.0,0.5017392635345459
5.71484375,8952.0,0.5017920136451721
5.71484375,8952.0,0.5018447637557983
5.71484375,8952.0,0.5018975138664246
5.71484375,8952.0,0.5019502639770508
5.71875,8960.0,0.502003014087677
5.71875,8960.0,0.5020557641983032
5.71875,8960.0,0.5021085143089294
5.71875,8960.0,0.5021612644195557
5.71875,8960.0,0.5022140145301819
5.71875,8960.0,0.5022667646408081
5.71875,8960.0,0.5023195147514343
5.71875,8968.0,0.5023722648620605
5.71875,8968.0,0.5024250149726868
5.71875,8968.0,0.502477765083313
5.71875,8968.0,0.5025305151939392
5.72265625,8968.0,0.5025832653045654
5.72265625,8968.0,0.5026360154151917
5.72265625,8968.0,0.5026887655258179
5.72265625,8968.0,0.5027415156364441
5.72265625,8976.0,0.5027942657470703
5.72265625,8976.0,0.5028470158576965
5.7265625,8976.0,0.5028997659683228
5.7265625,8976.0,0.502952516078949
5.7265625,8976.0,0.5030052661895752
5.7265625,8976.0,0.5030580163002014
5.7265625,8976.0,0.5031107664108276
5.73046875,8976.0,0.5031635165214539
5.73046875,8984.0,0.5032162666320801
5.73046875,8984.0,0.5032690167427063
5.73046875,8984.0,0.5033217668533325
5.734375,8984.0,0.5033745169639587
5.734375,8984.0,0.503427267074585
5.734375,8984.0,0.5034800171852112
5.73828125,8984.0,0.5035327672958374
5.73828125,8984.0,0.5035855174064636
5.73828125,8992.0,0.5036382675170898
5.7421875,8992.0,0.5036910176277161
5.7421875,8992.0,0.5037437677383423
5.74609375,8992.0,0.5037965178489685
5.74609375,8992.0,0.5038492679595947
5.75,8992.0,0.503902018070221
5.75,8992.0,0.5039547681808472
5.75,8992.0,0.5040075182914734
5.75390625,9000.0,0.5040602684020996
5.75390625,9000.0,0.5041130185127258
5.7578125,9000.0,0.504165768623352
5.7578125,9000.0,0.5042185187339783
5.76171875,9000.0,0.5042712688446045
5.76171875,9000.0,0.5043240189552307
5.765625,9000.0,0.5043767690658569
5.765625,9000.0,0.5044295191764832
5.76953125,9008.0,0.5044822692871094
5.76953125,9008.0,0.5045350193977356
5.7734375,9008.0,0.5045877695083618
5.7734375,9008.0,0.504640519618988
5.77734375,9008.0,0.5046932697296143
5.77734375,9008.0,0.5047460198402405
5.78125,9008.0,0.5047987699508667
5.78515625,9008.0,0.5048515200614929
5.78515625,9016.0,0.5049042701721191
5.7890625,9016.0,0.5049570202827454
5.7890625,9016.0,0.5050097703933716
5.79296875,9016.0,0.5050625205039978
5.79296875,9016.0,0.505115270614624
5.796875,9016.0,0.5051680207252502
5.80078125,9016.0,0.5052207708358765
5.80078125,9024.0,0.5052735209465027
5.8046875,9024.0,0.5053262710571289
5.8046875,9024.0,0.5053790211677551
5.80859375,9024.0,0.5054317712783813
5.8125,9024.0,0.5054845213890076
5.8125,9024.0,0.5055372714996338
5.81640625,9024.0,0.50559002161026
5.8203125,9024.0,0.5056427717208862
5.82421875,9032.0,0.5056955218315125
5.82421875,9032.0,0.5057482719421387
5.828125,9032.0,0.5058010220527649
5.83203125,9032.0,0.5058537721633911
5.8359375,9032.0,0.5059065222740173
5.8359375,9032.0,0.5059592723846436
5.83984375,9032.0,0.5060120224952698
5.84375,9032.0,0.506064772605896
5.84765625,9040.0,0.5061175227165222
5.8515625,9040.0,0.5061702728271484
5.8515625,9040.0,0.5062230229377747
5.85546875,9040.0,0.5062757730484009
5.859375,9040.0,0.5063285231590271
5.86328125,9040.0,0.5063812732696533
5.8671875,9040.0,0.5064340233802795
5.8671875,9040.0,0.5064867734909058
5.87109375,9048.0,0.506539523601532
5.875,9048.0,0.5065922737121582
5.87890625,9048.0,0.5066450238227844
5.87890625,9048.0,0.5066977739334106
5.8828125,9048.0,0.5067505240440369
5.88671875,9048.0,0.5068032741546631
5.88671875,9048.0,0.5068560242652893
5.890625,9048.0,0.5069087743759155
5.89453125,9056.0,0.5069615244865417
5.8984375,9056.0,0.507014274597168
5.8984375,9056.0,0.5070670247077942
5.90234375,9056.0,0.5071197748184204
5.90234375,9056.0,0.5071725249290466
5.90625,9056.0,0.5072252750396729
5.91015625,9056.0,0.5072780251502991
5.91015625,9056.0,0.5073307752609253
5.9140625,9064.0,0.5073835253715515
5.91796875,9064.0,0.5074362754821777
5.91796875,9064.0,0.507489025592804
5.921875,9064.0,0.5075417757034302
5.921875,9064.0,0.5075945258140564
5.92578125,9064.0,0.5076472759246826
5.92578125,9064.0,0.5077000260353088
5.9296875,9064.0,0.5077527761459351
5.9296875,9072.0,0.5078055262565613
5.93359375,9072.0,0.5078582763671875
5.93359375,9072.0,0.5079110264778137
5.9375,9072.0,0.5079637765884399
5.9375,9072.0,0.5080165266990662
5.94140625,9072.0,0.5080692768096924
5.94140625,9072.0,0.5081220269203186
5.94140625,9080.0,0.5081747770309448
5.9453125,9080.0,0.508227527141571
5.9453125,9080.0,0.5082802772521973
5.94921875,9080.0,0.5083330273628235
5.94921875,9080.0,0.5083857774734497
5.94921875,9080.0,0.5084385275840759
5.953125,9080.0,0.5084912776947021
5.953125,9080.0,0.5085440278053284
5.953125,9088.0,0.5085967779159546
5.95703125,9088.0,0.5086495280265808
5.95703125,9088.0,0.508702278137207
5.95703125,9088.0,0.5087550282478333
5.9609375,9088.0,0.5088077783584595
5.9609375,9088.0,0.5088605284690857
5.9609375,9088.0,0.5089132785797119
5.9609375,9088.0,0.5089660286903381
5.96484375,9096.0,0.5090187788009644
5.96484375,9096.0,0.5090715289115906
5.96484375,9096.0,0.5091242790222168
5.96484375,9096.0,0.509177029132843
5.96875,9096.0,0.5092297792434692
5.96875,9096.0,0.5092825293540955
5.96875,9096.0,0.5093352794647217
5.96875,9096.0,0.5093880295753479
5.97265625,9104.0,0.5094407796859741
5.97265625,9104.0,0.5094935297966003
5.97265625,9104.0,0.5095462799072266
5.97265625,9104.0,0.5095990300178528
5.97265625,9104.0,0.509651780128479
5.9765625,9104.0,0.5097045302391052
5.9765625,9104.0,0.5097572803497314
5.9765625,9104.0,0.5098100304603577
5.9765625,9112.0,0.5098627805709839
5.9765625,9112.0,0.5099155306816101
5.9765625,9112.0,0.5099682807922363
5.98046875,9112.0,0.5100210309028625
5.98046875,9112.0,0.5100737810134888
5.98046875,9112.0,0.510126531124115
5.98046875,9112.0,0.5101792812347412
5.98046875,9112.0,0.5102320313453674
5.98046875,9120.0,0.5102847814559937
5.984375,9120.0,0.5103375315666199
5.984375,9120.0,0.5103902816772461
5.984375,9120.0,0.5104430317878723
5.984375,9120.0,0.5104957818984985
5.984375,9120.0,0.5105485320091248
5.98828125,9120.0,0.510601282119751
5.98828125,9120.0,0.5106540322303772
5.98828125,9128.0,0.5107067823410034
5.98828125,9128.0,0.5107595324516296
5.9921875,9128.0,0.5108122825622559
5.9921875,9128.0,0.5108650326728821
5.9921875,9128.0,0.5109177827835083
5.9921875,9128.0,0.5109705328941345
5.99609375,9128.0,0.5110232830047607
5.99609375,9128.0,0.511076033115387
5.99609375,9136.0,0.5111287832260132
6.0,9136.0,0.5111815333366394
6.0,9136.0,0.5112342834472656
6.00390625,9136.0,0.5112870335578918
6.00390625,9136.0,0.5113397836685181
6.00390625,9136.0,0.5113925337791443
6.0078125,9136.0,0.5114452838897705
6.0078125,9144.0,0.5114980340003967
6.01171875,9144.0,0.511550784111023
6.01171875,9144.0,0.5116035342216492
6.015625,9144.0,0.5116562843322754
6.015625,9144.0,0.5117090344429016
6.01953125,9144.0,0.5117617845535278
6.01953125,9144.0,0.511814534664154
6.0234375,9144.0,0.5118672847747803
6.02734375,9152.0,0.5119200348854065
6.02734375,9152.0,0.5119727849960327
6.03125,9152.0,0.5120255351066589
6.03515625,9152.0,0.5120782852172852
6.0390625,9152.0,0.5121310353279114
6.0390625,9152.0,0.5121837854385376
6.04296875,9152.0,0.5122365355491638
6.046875,9152.0,0.51228928565979
6.05078125,9160.0,0.5123420357704163
6.0546875,9160.0,0.5123947858810425
6.05859375,9160.0,0.5124475359916687
6.0625,9160.0,0.5125002861022949
6.06640625,9160.0,0.5125530362129211
6.0703125,9160.0,0.5126057863235474
6.07421875,9160.0,0.5126585364341736
6.078125,9160.0,0.5127112865447998
6.08203125,9168.0,0.512764036655426
6.08984375,9168.0,0.5128167867660522
6.09375,9168.0,0.5128695368766785
6.09765625,9168.0,0.5129222869873047
6.1015625,9168.0,0.5129750370979309
6.10546875,9168.0,0.5130277872085571
6.11328125,9168.0,0.5130805373191833
6.1171875,9168.0,0.5131332874298096
6.12109375,9176.0,0.5131860375404358
6.12890625,9176.0,0.513238787651062
6.1328125,9176.0,0.5132915377616882
6.13671875,9176.0,0.5133442878723145
6.14453125,9176.0,0.5133970379829407
6.1484375,9176.0,0.5134497880935669
6.15234375,9176.0,0.5135025382041931
6.16015625,9176.0,0.5135552883148193
6.1640625,9184.0,0.5136080384254456
6.171875,9184.0,0.5136607885360718
6.17578125,9184.0,0.513713538646698
6.18359375,9184.0,0.5137662887573242
6.1875,9184.0,0.5138190388679504
6.1953125,9184.0,0.5138717889785767
6.19921875,9184.0,0.5139245390892029
6.20703125,9184.0,0.5139772891998291
6.2109375,9192.0,0.5140300393104553
6.21875,9192.0,0.5140827894210815
6.2265625,9192.0,0.5141355395317078
6.23046875,9192.0,0.514188289642334
6.23828125,9192.0,0.5142410397529602
6.2421875,9192.0,0.5142937898635864
6.25,9192.0,0.5143465399742126
6.2578125,9192.0,0.5143992900848389
6.26171875,9200.0,0.5144520401954651
6.26953125,9200.0,0.5145047903060913
6.27734375,9200.0,0.5145575404167175
6.28125,9200.0,0.5146102905273438
6.2890625,9200.0,0.51466304063797
6.296875,9200.0,0.5147157907485962
6.30078125,9200.0,0.5147685408592224
6.30859375,9200.0,0.5148212909698486
6.31640625,9208.0,0.5148740410804749
6.3203125,9208.0,0.5149267911911011
6.328125,9208.0,0.5149795413017273
6.3359375,9208.0,0.5150322914123535
6.33984375,9208.0,0.5150850415229797
6.34765625,9208.0,0.515137791633606
6.3515625,9208.0,0.5151905417442322
6.359375,9216.0,0.5152432918548584
6.3671875,9216.0,0.5152960419654846
6.37109375,9216.0,0.5153487920761108
6.37890625,9216.0,0.5154015421867371
6.3828125,9216.0,0.5154542922973633
6.390625,9216.0,0.5155070424079895
6.39453125,9216.0,0.5155597925186157
6.3984375,9216.0,0.5156125426292419
6.40625,9224.0,0.5156652927398682
6.41015625,9224.0,0.5157180428504944
6.41796875,9224.0,0.5157707929611206
6.421875,9224.0,0.5158235430717468
6.42578125,9224.0,0.515876293182373
6.43359375,9224.0,0.5159290432929993
6.4375,9224.0,0.5159817934036255
6.44140625,9224.0,0.5160345435142517
6.44921875,9232.0,0.5160872936248779
6.453125,9232.0,0.5161400437355042
6.45703125,9232.0,0.5161927938461304
6.4609375,9232.0,0.5162455439567566
6.46875,9232.0,0.5162982940673828
6.47265625,9232.0,0.516351044178009
6.4765625,9232.0,0.5164037942886353
6.48046875,9232.0,0.5164565443992615
6.484375,9240.0,0.5165092945098877
6.4921875,9240.0,0.5165620446205139
6.49609375,9240.0,0.5166147947311401
6.5,9240.0,0.5166675448417664
6.50390625,9240.0,0.5167202949523926
6.5078125,9240.0,0.5167730450630188
6.51171875,9240.0,0.516825795173645
6.515625,9240.0,0.5168785452842712
6.51953125,9248.0,0.5169312953948975
6.5234375,9248.0,0.5169840455055237
6.52734375,9248.0,0.5170367956161499
6.53125,9248.0,0.5170895457267761
6.53515625,9248.0,0.5171422958374023
6.5390625,9248.0,0.5171950459480286
6.54296875,9248.0,0.5172477960586548
6.546875,9248.0,0.517300546169281
6.55078125,9256.0,0.5173532962799072
6.5546875,9256.0,0.5174060463905334
6.5546875,9256.0,0.5174587965011597
6.55859375,9256.0,0.5175115466117859
6.5625,9256.0,0.5175642967224121
6.5625,9256.0,0.5176170468330383
6.56640625,9256.0,0.5176697969436646
6.5703125,9256.0,0.5177225470542908
6.5703125,9264.0,0.517775297164917
6.57421875,9264.0,0.5178280472755432
6.57421875,9264.0,0.5178807973861694
6.578125,9264.0,0.5179335474967957
6.578125,9264.0,0.5179862976074219
6.58203125,9264.0,0.5180390477180481
6.58203125,9264.0,0.5180917978286743
6.5859375,9264.0,0.5181445479393005
6.5859375,9272.0,0.5181972980499268
6.5859375,9272.0,0.518250048160553
6.58984375,9272.0,0.5183027982711792
6.58984375,9272.0,0.5183555483818054
6.58984375,9272.0,0.5184082984924316
6.59375,9272.0,0.5184610486030579
6.59375,9272.0,0.5185137987136841
6.59375,9272.0,0.5185665488243103
6.59375,9280.0,0.5186192989349365
6.59765625,9280.0,0.5186720490455627
6.59765625,9280.0,0.518724799156189
6.59765625,9280.0,0.5187775492668152
6.59765625,9280.0,0.5188302993774414
6.59765625,9280.0,0.5188830494880676
6.59765625,9280.0,0.5189357995986938
6.59765625,9280.0,0.5189885497093201
6.59765625,9288.0,0.5190412998199463
6.59765625,9288.0,0.5190940499305725
6.6015625,9288.0,0.5191468000411987
6.6015625,9288.0,0.519199550151825
6.6015625,9288.0,0.5192523002624512
6.6015625,9288.0,0.5193050503730774
6.59765625,9288.0,0.5193578004837036
6.59765625,9288.0,0.5194105505943298
6.59765625,9296.0,0.519463300704956
6.59765625,9296.0,0.5195160508155823
6.59765625,9296.0,0.5195688009262085
6.59765625,9296.0,0.5196215510368347
6.59765625,9296.0,0.5196743011474609
6.59765625,9296.0,0.5197270512580872
6.59765625,9296.0,0.5197798013687134
6.59765625,9296.0,0.5198325514793396
6.59765625,9304.0,0.5198853015899658
6.59765625,9304.0,0.519938051700592
6.59765625,9304.0,0.5199908018112183
6.59765625,9304.0,0.5200435519218445
6.59375,9304.0,0.5200963020324707
6.59375,9304.0,0.5201490521430969
6.59375,9304.0,0.5202018022537231
6.59375,9312.0,0.5202545523643494
6.59375,9312.0,0.5203073024749756
6.59375,9312.0,0.5203600525856018
6.59375,9312.0,0.520412802696228
6.59375,9312.0,0.5204655528068542
6.59375,9312.0,0.5205183029174805
6.59375,9312.0,0.5205710530281067
6.59375,9312.0,0.5206238031387329
6.59375,9320.0,0.5206765532493591
6.59375,9320.0,0.5207293033599854
6.59375,9320.0,0.5207820534706116
6.59375,9320.0,0.5208348035812378
6.59375,9320.0,0.520887553691864
6.59375,9320.0,0.5209403038024902
6.59375,9320.0,0.5209930539131165
6.59375,9320.0,0.5210458040237427
6.59375,9328.0,0.5210985541343689
6.59375,9328.0,0.5211513042449951
6.59375,9328.0,0.5212040543556213
6.58984375,9328.0,0.5212568044662476
6.58984375,9328.0,0.5213095545768738
6.58984375,9328.0,0.5213623046875
6.58984375,9328.0,0.5214150547981262
6.58984375,9328.0,0.5214678049087524
6.5859375,9336.0,0.5215205550193787
6.5859375,9336.0,0.5215733051300049
6.5859375,9336.0,0.5216260552406311
6.5859375,9336.0,0.5216788053512573
6.58203125,9336.0,0.5217315554618835
6.58203125,9336.0,0.5217843055725098
6.58203125,9336.0,0.521837055683136
6.578125,9336.0,0.5218898057937622
6.578125,9344.0,0.5219425559043884
6.57421875,9344.0,0.5219953060150146
6.57421875,9344.0,0.5220480561256409
6.57421875,9344.0,0.5221008062362671
6.5703125,9344.0,0.5221535563468933
6.5703125,9344.0,0.5222063064575195
6.56640625,9344.0,0.5222590565681458
6.56640625,9344.0,0.522311806678772
6.5625,9352.0,0.5223645567893982
6.5625,9352.0,0.5224173069000244
6.55859375,9352.0,0.5224700570106506
6.55859375,9352.0,0.5225228071212769
6.55859375,9352.0,0.5225755572319031
6.5546875,9352.0,0.5226283073425293
6.5546875,9352.0,0.5226810574531555
6.55078125,9352.0,0.5227338075637817
6.55078125,9360.0,0.522786557674408
6.546875,9360.0,0.5228393077850342
6.546875,9360.0,0.5228920578956604
6.54296875,9360.0,0.5229448080062866
6.54296875,9360.0,0.5229975581169128
6.5390625,9360.0,0.5230503082275391
6.5390625,9360.0,0.5231030583381653
6.53515625,9360.0,0.5231558084487915
6.53515625,9368.0,0.5232085585594177
6.53125,9368.0,0.523261308670044
6.53125,9368.0,0.5233140587806702
6.52734375,9368.0,0.5233668088912964
6.52734375,9368.0,0.5234195590019226
6.5234375,9368.0,0.5234723091125488
6.5234375,9368.0,0.523525059223175
6.5234375,9368.0,0.5235778093338013
6.51953125,9376.0,0.5236305594444275
6.51953125,9376.0,0.5236833095550537
6.515625,9376.0,0.5237360596656799
6.515625,9376.0,0.5237888097763062
6.515625,9376.0,0.5238415598869324
6.51171875,9376.0,0.5238943099975586
6.51171875,9376.0,0.5239470601081848
6.51171875,9376.0,0.523999810218811
6.5078125,9384.0,0.5240525603294373
6.5078125,9384.0,0.5241053104400635
6.5078125,9384.0,0.5241580605506897
6.5078125,9384.0,0.5242108106613159
6.50390625,9384.0,0.5242635607719421
6.50390625,9384.0,0.5243163108825684
6.50390625,9384.0,0.5243690609931946
6.50390625,9384.0,0.5244218111038208
6.5,9392.0,0.524474561214447
6.5,9392.0,0.5245273113250732
6.5,9392.0,0.5245800614356995
6.5,9392.0,0.5246328115463257
6.5,9392.0,0.5246855616569519
6.5,9392.0,0.5247383117675781
6.5,9392.0,0.5247910618782043
6.49609375,9392.0,0.5248438119888306
6.49609375,9400.0,0.5248965620994568
6.49609375,9400.0,0.524949312210083
6.49609375,9400.0,0.5250020623207092
6.49609375,9400.0,0.5250548124313354
6.49609375,9400.0,0.5251075625419617
6.49609375,9400.0,0.5251603126525879
6.49609375,9400.0,0.5252130627632141
6.4921875,9400.0,0.5252658128738403
6.4921875,9408.0,0.5253185629844666
6.4921875,9408.0,0.5253713130950928
6.4921875,9408.0,0.525424063205719
6.48828125,9408.0,0.5254768133163452
6.48828125,9408.0,0.5255295634269714
6.48828125,9408.0,0.5255823135375977
6.484375,9408.0,0.5256350636482239
6.484375,9408.0,0.5256878137588501
6.484375,9416.0,0.5257405638694763
6.48046875,9416.0,0.5257933139801025
6.48046875,9416.0,0.5258460640907288
6.4765625,9416.0,0.525898814201355
6.4765625,9416.0,0.5259515643119812
6.4765625,9416.0,0.5260043144226074
6.47265625,9416.0,0.5260570645332336
6.47265625,9416.0,0.5261098146438599
6.46875,9424.0,0.5261625647544861
6.46875,9424.0,0.5262153148651123
6.46875,9424.0,0.5262680649757385
6.46484375,9424.0,0.5263208150863647
6.46484375,9424.0,0.526373565196991
6.4609375,9424.0,0.5264263153076172
6.4609375,9424.0,0.5264790654182434
6.4609375,9424.0,0.5265318155288696
6.45703125,9432.0,0.5265845656394958
6.45703125,9432.0,0.5266373157501221
6.453125,9432.0,0.5266900658607483
6.453125,9432.0,0.5267428159713745
6.453125,9432.0,0.5267955660820007
6.44921875,9432.0,0.526848316192627
6.44921875,9432.0,0.5269010663032532
6.44921875,9432.0,0.5269538164138794
6.4453125,9440.0,0.5270065665245056
6.4453125,9440.0,0.5270593166351318
6.44140625,9440.0,0.5271120667457581
6.44140625,9440.0,0.5271648168563843
6.44140625,9440.0,0.5272175669670105
6.4375,9440.0,0.5272703170776367
6.4375,9440.0,0.5273230671882629
6.43359375,9440.0,0.5273758172988892
6.43359375,9448.0,0.5274285674095154
6.4296875,9448.0,0.5274813175201416
6.4296875,9448.0,0.5275340676307678
6.4296875,9448.0,0.527586817741394
6.42578125,9448.0,0.5276395678520203
6.42578125,9448.0,0.5276923179626465
6.421875,9448.0,0.5277450680732727
6.421875,9448.0,0.5277978181838989
6.421875,9456.0,0.5278505682945251
6.41796875,9456.0,0.5279033184051514
6.41796875,9456.0,0.5279560685157776
6.41796875,9456.0,0.5280088186264038
6.4140625,9456.0,0.52806156873703
6.4140625,9456.0,0.5281143188476562
6.4140625,9456.0,0.5281670689582825
6.4140625,9456.0,0.5282198190689087
6.41015625,9464.0,0.5282725691795349
6.41015625,9464.0,0.5283253192901611
6.41015625,9464.0,0.5283780694007874
6.41015625,9464.0,0.5284308195114136
6.40625,9464.0,0.5284835696220398
6.40625,9464.0,0.528536319732666
6.40625,9464.0,0.5285890698432922
6.40625,9464.0,0.5286418199539185
6.40625,9472.0,0.5286945700645447
6.40625,9472.0,0.5287473201751709
6.40234375,9472.0,0.5288000702857971
6.40234375,9472.0,0.5288528203964233
6.40234375,9472.0,0.5289055705070496
6.40234375,9472.0,0.5289583206176758
6.40234375,9472.0,0.529011070728302
6.40234375,9472.0,0.5290638208389282
6.40234375,9480.0,0.5291165709495544
6.40234375,9480.0,0.5291693210601807
6.40234375,9480.0,0.5292220711708069
6.40234375,9480.0,0.5292748212814331
6.40234375,9480.0,0.5293275713920593
6.40625,9480.0,0.5293803215026855
6.40625,9480.0,0.5294330716133118
6.40625,9488.0,0.529485821723938
6.40625,9488.0,0.5295385718345642
6.40625,9488.0,0.5295913219451904
6.40625,9488.0,0.5296440720558167
6.40625,9488.0,0.5296968221664429
6.41015625,9488.0,0.5297495722770691
6.41015625,9488.0,0.5298023223876953
6.41015625,9488.0,0.5298550724983215
6.41015625,9496.0,0.5299078226089478
6.4140625,9496.0,0.529960572719574
6.4140625,9496.0,0.5300133228302002
6.4140625,9496.0,0.5300660729408264
6.41796875,9496.0,0.5301188230514526
6.41796875,9496.0,0.5301715731620789
6.41796875,9496.0,0.5302243232727051
6.421875,9496.0,0.5302770733833313
6.421875,9504.0,0.5303298234939575
6.42578125,9504.0,0.5303825736045837
6.42578125,9504.0,0.53043532371521
6.42578125,9504.0,0.5304880738258362
6.4296875,9504.0,0.5305408239364624
6.4296875,9504.0,0.5305935740470886
6.43359375,9504.0,0.5306463241577148
6.43359375,9504.0,0.5306990742683411
6.4375,9512.0,0.5307518243789673
6.44140625,9512.0,0.5308045744895935
6.44140625,9512.0,0.5308573246002197
6.4453125,9512.0,0.530910074710846
6.4453125,9512.0,0.5309628248214722
6.44921875,9512.0,0.5310155749320984
6.44921875,9512.0,0.5310683250427246
6.453125,9512.0,0.5311210751533508
6.453125,9520.0,0.531173825263977
6.45703125,9520.0,0.5312265753746033
6.4609375,9520.0,0.5312793254852295
6.4609375,9520.0,0.5313320755958557
6.46484375,9520.0,0.5313848257064819
6.46484375,9520.0,0.5314375758171082
6.46875,9520.0,0.5314903259277344
6.46875,9520.0,0.5315430760383606
6.47265625,9528.0,0.5315958261489868
6.4765625,9528.0,0.531648576259613
6.4765625,9528.0,0.5317013263702393
6.48046875,9528.0,0.5317540764808655
6.48046875,9528.0,0.5318068265914917
6.484375,9528.0,0.5318595767021179
6.48828125,9528.0,0.5319123268127441
6.48828125,9528.0,0.5319650769233704
6.4921875,9536.0,0.5320178270339966
6.49609375,9536.0,0.5320705771446228
6.49609375,9536.0,0.532123327255249
6.5,9536.0,0.5321760773658752
6.50390625,9536.0,0.5322288274765015
6.50390625,9536.0,0.5322815775871277
6.5078125,9536.0,0.5323343276977539
6.51171875,9536.0,0.5323870778083801
6.51171875,9544.0,0.5324398279190063
6.515625,9544.0,0.5324925780296326
6.51953125,9544.0,0.5325453281402588
6.51953125,9544.0,0.532598078250885
6.5234375,9544.0,0.5326508283615112
6.52734375,9544.0,0.5327035784721375
6.53125,9544.0,0.5327563285827637
6.53125,9544.0,0.5328090786933899
6.53515625,9552.0,0.5328618288040161
6.5390625,9552.0,0.5329145789146423
6.54296875,9552.0,0.5329673290252686
6.546875,9552.0,0.5330200791358948
6.546875,9552.0,0.533072829246521
6.55078125,9552.0,0.5331255793571472
6.5546875,9552.0,0.5331783294677734
6.55859375,9552.0,0.5332310795783997
6.5625,9560.0,0.5332838296890259
6.56640625,9560.0,0.5333365797996521
6.56640625,9560.0,0.5333893299102783
6.5703125,9560.0,0.5334420800209045
6.57421875,9560.0,0.5334948301315308
6.578125,9560.0,0.533547580242157
6.58203125,9560.0,0.5336003303527832
6.5859375,9560.0,0.5336530804634094
6.58984375,9568.0,0.5337058305740356
6.58984375,9568.0,0.5337585806846619
6.59375,9568.0,0.5338113307952881
6.59765625,9568.0,0.5338640809059143
6.6015625,9568.0,0.5339168310165405
6.60546875,9568.0,0.5339695811271667
6.609375,9568.0,0.534022331237793
6.61328125,9568.0,0.5340750813484192
6.6171875,9576.0,0.5341278314590454
6.6171875,9576.0,0.5341805815696716
6.62109375,9576.0,0.5342333316802979
6.625,9576.0,0.5342860817909241
6.62890625,9576.0,0.5343388319015503
6.6328125,9576.0,0.5343915820121765
6.63671875,9576.0,0.5344443321228027
6.640625,9576.0,0.534497082233429
6.64453125,9584.0,0.5345498323440552
6.6484375,9584.0,0.5346025824546814
6.6484375,9584.0,0.5346553325653076
6.65234375,9584.0,0.5347080826759338
6.65625,9584.0,0.5347608327865601
6.66015625,9584.0,0.5348135828971863
6.6640625,9584.0,0.5348663330078125
6.66796875,9584.0,0.5349190831184387
6.671875,9584.0,0.5349718332290649
6.671875,9592.0,0.5350245833396912
6.67578125,9592.0,0.5350773334503174
6.6796875,9592.0,0.5351300835609436
6.68359375,9592.0,0.5351828336715698
6.68359375,9592.0,0.535235583782196
6.6875,9592.0,0.5352883338928223
6.69140625,9592.0,0.5353410840034485
6.69140625,9592.0,0.5353938341140747
6.6953125,9600.0,0.5354465842247009
6.69921875,9600.0,0.5354993343353271
6.69921875,9600.0,0.5355520844459534
6.703125,9600.0,0.5356048345565796
6.703125,9600.0,0.5356575846672058
6.70703125,9600.0,0.535710334777832
6.70703125,9600.0,0.5357630848884583
6.70703125,9600.0,0.5358158349990845
6.7109375,9608.0,0.5358685851097107
6.7109375,9608.0,0.5359213352203369
6.7109375,9608.0,0.5359740853309631
6.7109375,9608.0,0.5360268354415894
6.7109375,9608.0,0.5360795855522156
6.71484375,9608.0,0.5361323356628418
6.71484375,9608.0,0.536185085773468
6.71484375,9608.0,0.5362378358840942
6.71484375,9616.0,0.5362905859947205
6.71484375,9616.0,0.5363433361053467
6.71484375,9616.0,0.5363960862159729
6.71484375,9616.0,0.5364488363265991
6.71484375,9616.0,0.5365015864372253
6.71484375,9616.0,0.5365543365478516
6.71484375,9616.0,0.5366070866584778
6.71484375,9616.0,0.536659836769104
6.7109375,9624.0,0.5367125868797302
6.7109375,9624.0,0.5367653369903564
6.7109375,9624.0,0.5368180871009827
6.7109375,9624.0,0.5368708372116089
6.7109375,9624.0,0.5369235873222351
6.7109375,9624.0,0.5369763374328613
6.70703125,9624.0,0.5370290875434875
6.70703125,9624.0,0.5370818376541138
6.70703125,9632.0,0.53713458776474
6.70703125,9632.0,0.5371873378753662
6.703125,9632.0,0.5372400879859924
6.703125,9632.0,0.5372928380966187
6.703125,9632.0,0.5373455882072449
6.703125,9632.0,0.5373983383178711
6.69921875,9632.0,0.5374510884284973
6.69921875,9632.0,0.5375038385391235
6.69921875,9640.0,0.5375565886497498
6.6953125,9640.0,0.537609338760376
6.6953125,9640.0,0.5376620888710022
6.6953125,9640.0,0.5377148389816284
6.69140625,9640.0,0.5377675890922546
6.69140625,9640.0,0.5378203392028809
6.6875,9640.0,0.5378730893135071
6.6875,9640.0,0.5379258394241333
6.6875,9648.0,0.5379785895347595
6.68359375,9648.0,0.5380313396453857
6.68359375,9648.0,0.538084089756012
6.6796875,9648.0,0.5381368398666382
6.6796875,9648.0,0.5381895899772644
6.67578125,9648.0,0.5382423400878906
6.67578125,9648.0,0.5382950901985168
6.671875,9648.0,0.5383478403091431
6.671875,9656.0,0.5384005904197693
6.66796875,9656.0,0.5384533405303955
6.66796875,9656.0,0.5385060906410217
6.6640625,9656.0,0.538558840751648
6.6640625,9656.0,0.5386115908622742
6.66015625,9656.0,0.5386643409729004
6.66015625,9656.0,0.5387170910835266
6.66015625,9656.0,0.5387698411941528
6.65625,9664.0,0.538822591304779
6.65625,9664.0,0.5388753414154053
6.65234375,9664.0,0.5389280915260315
6.6484375,9664.0,0.5389808416366577
6.6484375,9664.0,0.5390335917472839
6.64453125,9664.0,0.5390863418579102
6.64453125,9664.0,0.5391390919685364
6.640625,9664.0,0.5391918420791626
6.640625,9672.0,0.5392445921897888
6.63671875,9672.0,0.539297342300415
6.63671875,9672.0,0.5393500924110413
6.6328125,9672.0,0.5394028425216675
6.62890625,9672.0,0.5394555926322937
6.62890625,9672.0,0.5395083427429199
6.625,9672.0,0.5395610928535461
6.62109375,9672.0,0.5396138429641724
6.62109375,9680.0,0.5396665930747986
6.6171875,9680.0,0.5397193431854248
6.61328125,9680.0,0.539772093296051
6.61328125,9680.0,0.5398248434066772
6.609375,9680.0,0.5398775935173035
6.60546875,9680.0,0.5399303436279297
6.60546875,9680.0,0.5399830937385559
6.6015625,9680.0,0.5400358438491821
6.59765625,9688.0,0.5400885939598083
6.59765625,9688.0,0.5401413440704346
6.59375,9688.0,0.5401940941810608
6.58984375,9688.0,0.540246844291687
6.5859375,9688.0,0.5402995944023132
6.5859375,9688.0,0.5403523445129395
6.58203125,9688.0,0.5404050946235657
6.58203125,9688.0,0.5404578447341919
6.578125,9696.0,0.5405105948448181
6.57421875,9696.0,0.5405633449554443
6.57421875,9696.0,0.5406160950660706
6.5703125,9696.0,0.5406688451766968
6.56640625,9696.0,0.540721595287323
6.56640625,9696.0,0.5407743453979492
6.5625,9696.0,0.5408270955085754
6.55859375,9696.0,0.5408798456192017
6.55859375,9704.0,0.5409325957298279
6.5546875,9704.0,0.5409853458404541
6.55078125,9704.0,0.5410380959510803
6.55078125,9704.0,0.5410908460617065
6.546875,9704.0,0.5411435961723328
6.54296875,9704.0,0.541196346282959
6.54296875,9704.0,0.5412490963935852
6.5390625,9704.0,0.5413018465042114
6.53515625,9712.0,0.5413545966148376
6.53515625,9712.0,0.5414073467254639
6.53125,9712.0,0.5414600968360901
6.53125,9712.0,0.5415128469467163
6.52734375,9712.0,0.5415655970573425
6.5234375,9712.0,0.5416183471679688
6.5234375,9712.0,0.541671097278595
6.51953125,9712.0,0.5417238473892212
6.51953125,9720.0,0.5417765974998474
6.515625,9720.0,0.5418293476104736
6.51171875,9720.0,0.5418820977210999
6.51171875,9720.0,0.5419348478317261
6.5078125,9720.0,0.5419875979423523
6.5078125,9720.0,0.5420403480529785
6.50390625,9720.0,0.5420930981636047
6.50390625,9720.0,0.542145848274231
6.50390625,9728.0,0.5421985983848572
6.5,9728.0,0.5422513484954834
6.5,9728.0,0.5423040986061096
6.49609375,9728.0,0.5423568487167358
6.49609375,9728.0,0.5424095988273621
6.49609375,9728.0,0.5424623489379883
6.4921875,9728.0,0.5425150990486145
6.4921875,9728.0,0.5425678491592407
6.4921875,9736.0,0.5426205992698669
6.4921875,9736.0,0.5426733493804932
6.48828125,9736.0,0.5427260994911194
6.48828125,9736.0,0.5427788496017456
6.48828125,9736.0,0.5428315997123718
6.48828125,9736.0,0.542884349822998
6.48828125,9736.0,0.5429370999336243
6.48828125,9736.0,0.5429898500442505
6.48828125,9744.0,0.5430426001548767
6.48828125,9744.0,0.5430953502655029
6.48828125,9744.0,0.5431481003761292
6.48828125,9744.0,0.5432008504867554
6.48828125,9744.0,0.5432536005973816
6.48828125,9744.0,0.5433063507080078
6.48828125,9744.0,0.543359100818634
6.4921875,9744.0,0.5434118509292603
6.4921875,9744.0,0.5434646010398865
6.4921875,9752.0,0.5435173511505127
6.4921875,9752.0,0.5435701012611389
6.4921875,9752.0,0.5436228513717651
6.49609375,9752.0,0.5436756014823914
6.49609375,9752.0,0.5437283515930176
6.49609375,9752.0,0.5437811017036438
6.49609375,9752.0,0.54383385181427
6.5,9752.0,0.5438866019248962
6.5,9760.0,0.5439393520355225
6.5,9760.0,0.5439921021461487
6.50390625,9760.0,0.5440448522567749
6.50390625,9760.0,0.5440976023674011
6.50390625,9760.0,0.5441503524780273
6.5078125,9760.0,0.5442031025886536
6.5078125,9760.0,0.5442558526992798
6.5078125,9760.0,0.544308602809906
6.51171875,9768.0,0.5443613529205322
6.51171875,9768.0,0.5444141030311584
6.515625,9768.0,0.5444668531417847
6.515625,9768.0,0.5445196032524109
6.51953125,9768.0,0.5445723533630371
6.51953125,9768.0,0.5446251034736633
6.51953125,9768.0,0.5446778535842896
6.5234375,9768.0,0.5447306036949158
6.5234375,9776.0,0.544783353805542
6.52734375,9776.0,0.5448361039161682
6.52734375,9776.0,0.5448888540267944
6.53125,9776.0,0.5449416041374207
6.53125,9776.0,0.5449943542480469
6.53515625,9776.0,0.5450471043586731
6.53515625,9776.0,0.5450998544692993
6.5390625,9776.0,0.5451526045799255
6.5390625,9784.0,0.5452053546905518
6.54296875,9784.0,0.545258104801178
6.54296875,9784.0,0.5453108549118042
6.546875,9784.0,0.5453636050224304
6.546875,9784.0,0.5454163551330566
6.55078125,9784.0,0.5454691052436829
6.55078125,9784.0,0.5455218553543091
6.5546875,9784.0,0.5455746054649353
6.5546875,9792.0,0.5456273555755615
6.55859375,9792.0,0.5456801056861877
6.55859375,9792.0,0.545732855796814
6.5625,9792.0,0.5457856059074402
6.5625,9792.0,0.5458383560180664
6.56640625,9792.0,0.5458911061286926
6.56640625,9792.0,0.5459438562393188
6.5703125,9792.0,0.5459966063499451
6.5703125,9800.0,0.5460493564605713
6.5703125,9800.0,0.5461021065711975
6.57421875,9800.0,0.5461548566818237
6.57421875,9800.0,0.54620760679245
6.578125,9800.0,0.5462603569030762
6.578125,9800.0,0.5463131070137024
6.58203125,9800.0,0.5463658571243286
6.58203125,9800.0,0.5464186072349548
6.5859375,9808.0,0.546471357345581
6.5859375,9808.0,0.5465241074562073
6.58984375,9808.0,0.5465768575668335
6.58984375,9808.0,0.5466296076774597
6.59375,9808.0,0.5466823577880859
6.59375,9808.0,0.5467351078987122
6.59765625,9808.0,0.5467878580093384
6.6015625,9808.0,0.5468406081199646
6.6015625,9816.0,0.5468933582305908
6.60546875,9816.0,0.546946108341217
6.60546875,9816.0,0.5469988584518433
6.609375,9816.0,0.5470516085624695
6.61328125,9816.0,0.5471043586730957
6.61328125,9816.0,0.5471571087837219
6.6171875,9816.0,0.5472098588943481
6.62109375,9816.0,0.5472626090049744
6.62109375,9824.0,0.5473153591156006
6.625,9824.0,0.5473681092262268
6.62890625,9824.0,0.547420859336853
6.62890625,9824.0,0.5474736094474792
6.6328125,9824.0,0.5475263595581055
6.63671875,9824.0,0.5475791096687317
6.63671875,9824.0,0.5476318597793579
6.640625,9824.0,0.5476846098899841
6.64453125,9824.0,0.5477373600006104
6.64453125,9832.0,0.5477901101112366
6.6484375,9832.0,0.5478428602218628
6.65234375,9832.0,0.547895610332489
6.65234375,9832.0,0.5479483604431152
6.65625,9832.0,0.5480011105537415
6.66015625,9832.0,0.5480538606643677
6.6640625,9832.0,0.5481066107749939
6.6640625,9832.0,0.5481593608856201
6.66796875,9840.0,0.5482121109962463
6.671875,9840.0,0.5482648611068726
6.671875,9840.0,0.5483176112174988
6.67578125,9840.0,0.548370361328125
6.6796875,9840.0,0.5484231114387512
6.6796875,9840.0,0.5484758615493774
6.68359375,9840.0,0.5485286116600037
6.6875,9840.0,0.5485813617706299
6.6875,9848.0,0.5486341118812561
6.69140625,9848.0,0.5486868619918823
6.69140625,9848.0,0.5487396121025085
6.6953125,9848.0,0.5487923622131348
6.69921875,9848.0,0.548845112323761
6.69921875,9848.0,0.5488978624343872
6.703125,9848.0,0.5489506125450134
6.703125,9848.0,0.5490033626556396
6.70703125,9856.0,0.5490561127662659
6.70703125,9856.0,0.5491088628768921
6.7109375,9856.0,0.5491616129875183
6.7109375,9856.0,0.5492143630981445
6.71484375,9856.0,0.5492671132087708
6.71484375,9856.0,0.549319863319397
6.71875,9856.0,0.5493726134300232
6.71875,9856.0,0.5494253635406494
6.72265625,9864.0,0.5494781136512756
6.72265625,9864.0,0.5495308637619019
6.72265625,9864.0,0.5495836138725281
6.7265625,9864.0,0.5496363639831543
6.7265625,9864.0,0.5496891140937805
6.7265625,9864.0,0.5497418642044067
6.73046875,9864.0,0.549794614315033
6.73046875,9864.0,0.5498473644256592
6.73046875,9872.0,0.5499001145362854
6.73046875,9872.0,0.5499528646469116
6.734375,9872.0,0.5500056147575378
6.734375,9872.0,0.5500583648681641
6.734375,9872.0,0.5501111149787903
6.734375,9872.0,0.5501638650894165
6.734375,9872.0,0.5502166152000427
6.73828125,9872.0,0.550269365310669
6.73828125,9880.0,0.5503221154212952
6.73828125,9880.0,0.5503748655319214
6.73828125,9880.0,0.5504276156425476
6.73828125,9880.0,0.5504803657531738
6.73828125,9880.0,0.5505331158638
6.73828125,9880.0,0.5505858659744263
6.73828125,9880.0,0.5506386160850525
6.73828125,9880.0,0.5506913661956787
6.73828125,9888.0,0.5507441163063049
6.7421875,9888.0,0.5507968664169312
6.7421875,9888.0,0.5508496165275574
6.7421875,9888.0,0.5509023666381836
6.7421875,9888.0,0.5509551167488098
6.7421875,9888.0,0.551007866859436
6.7421875,9888.0,0.5510606169700623
6.7421875,9888.0,0.5511133670806885
6.7421875,9888.0,0.5511661171913147
6.7421875,9896.0,0.5512188673019409
6.7421875,9896.0,0.5512716174125671
6.7421875,9896.0,0.5513243675231934
6.73828125,9896.0,0.5513771176338196
6.73828125,9896.0,0.5514298677444458
6.73828125,9896.0,0.551482617855072
6.73828125,9896.0,0.5515353679656982
6.73828125,9896.0,0.5515881180763245
6.73828125,9904.0,0.5516408681869507
6.73828125,9904.0,0.5516936182975769
6.734375,9904.0,0.5517463684082031
6.734375,9904.0,0.5517991185188293
6.734375,9904.0,0.5518518686294556
6.734375,9904.0,0.5519046187400818
6.734375,9904.0,0.551957368850708
6.734375,9904.0,0.5520101189613342
6.73046875,9912.0,0.5520628690719604
6.73046875,9912.0,0.5521156191825867
6.73046875,9912.0,0.5521683692932129
6.73046875,9912.0,0.5522211194038391
6.7265625,9912.0,0.5522738695144653
6.7265625,9912.0,0.5523266196250916
6.7265625,9912.0,0.5523793697357178
6.7265625,9912.0,0.552432119846344
6.7265625,9920.0,0.5524848699569702
6.72265625,9920.0,0.5525376200675964
6.72265625,9920.0,0.5525903701782227
6.72265625,9920.0,0.5526431202888489
6.72265625,9920.0,0.5526958703994751
6.72265625,9920.0,0.5527486205101013
6.71875,9920.0,0.5528013706207275
6.71875,9920.0,0.5528541207313538
6.71875,9928.0,0.55290687084198
6.71875,9928.0,0.5529596209526062
6.71875,9928.0,0.5530123710632324
6.71484375,9928.0,0.5530651211738586
6.71484375,9928.0,0.5531178712844849
6.71484375,9928.0,0.5531706213951111
6.71484375,9928.0,0.5532233715057373
6.7109375,9928.0,0.5532761216163635
6.7109375,9936.0,0.5533288717269897
6.7109375,9936.0,0.553381621837616
6.70703125,9936.0,0.5534343719482422
6.70703125,9936.0,0.5534871220588684
6.70703125,9936.0,0.5535398721694946
6.703125,9936.0,0.5535926222801208
6.703125,9936.0,0.5536453723907471
6.703125,9936.0,0.5536981225013733
6.69921875,9944.0,0.5537508726119995
6.69921875,9944.0,0.5538036227226257
6.6953125,9944.0,0.553856372833252
6.6953125,9944.0,0.5539091229438782
6.6953125,9944.0,0.5539618730545044
6.69140625,9944.0,0.5540146231651306
6.69140625,9944.0,0.5540673732757568
6.6875,9944.0,0.5541201233863831
6.6875,9944.0,0.5541728734970093
6.68359375,9952.0,0.5542256236076355
6.68359375,9952.0,0.5542783737182617
6.6796875,9952.0,0.5543311238288879
6.6796875,9952.0,0.5543838739395142
6.67578125,9952.0,0.5544366240501404
6.671875,9952.0,0.5544893741607666
6.671875,9952.0,0.5545421242713928
6.66796875,9952.0,0.554594874382019
6.66796875,9960.0,0.5546476244926453
6.6640625,9960.0,0.5547003746032715
6.66015625,9960.0,0.5547531247138977
6.66015625,9960.0,0.5548058748245239
6.65625,9960.0,0.5548586249351501
6.65234375,9960.0,0.5549113750457764
6.65234375,9960.0,0.5549641251564026
6.6484375,9960.0,0.5550168752670288
6.6484375,9968.0,0.555069625377655
6.64453125,9968.0,0.5551223754882812
6.640625,9968.0,0.5551751255989075
6.640625,9968.0,0.5552278757095337
6.63671875,9968.0,0.5552806258201599
6.6328125,9968.0,0.5553333759307861
6.6328125,9968.0,0.5553861260414124
6.62890625,9968.0,0.5554388761520386
6.625,9976.0,0.5554916262626648
6.625,9976.0,0.555544376373291
6.62109375,9976.0,0.5555971264839172
6.6171875,9976.0,0.5556498765945435
6.6171875,9976.0,0.5557026267051697
6.61328125,9976.0,0.5557553768157959
6.61328125,9976.0,0.5558081269264221
6.609375,9976.0,0.5558608770370483
6.60546875,9984.0,0.5559136271476746
6.60546875,9984.0,0.5559663772583008
6.6015625,9984.0,0.556019127368927
6.6015625,9984.0,0.5560718774795532
6.59765625,9984.0,0.5561246275901794
6.59765625,9984.0,0.5561773777008057
6.59375,9984.0,0.5562301278114319
6.59375,9984.0,0.5562828779220581
6.58984375,9984.0,0.5563356280326843
6.58984375,9992.0,0.5563883781433105
6.5859375,9992.0,0.5564411282539368
6.5859375,9992.0,0.556493878364563
6.5859375,9992.0,0.5565466284751892
6.58203125,9992.0,0.5565993785858154
6.58203125,9992.0,0.5566521286964417
6.58203125,9992.0,0.5567048788070679
6.578125,9992.0,0.5567576289176941
6.578125,10000.0,0.5568103790283203
6.578125,10000.0,0.5568631291389465
6.578125,10000.0,0.5569158792495728
6.57421875,10000.0,0.556968629360199
6.57421875,10000.0,0.5570213794708252
6.57421875,10000.0,0.5570741295814514
6.57421875,10000.0,0.5571268796920776
6.57421875,10000.0,0.5571796298027039
6.57421875,10008.0,0.5572323799133301
6.57421875,10008.0,0.5572851300239563
6.57421875,10008.0,0.5573378801345825
6.5703125,10008.0,0.5573906302452087
6.5703125,10008.0,0.557443380355835
6.5703125,10008.0,0.5574961304664612
6.5703125,10008.0,0.5575488805770874
6.5703125,10008.0,0.5576016306877136
6.5703125,10016.0,0.5576543807983398
6.5703125,10016.0,0.5577071309089661
6.5703125,10016.0,0.5577598810195923
6.5703125,10016.0,0.5578126311302185
6.5703125,10016.0,0.5578653812408447
6.5703125,10016.0,0.557918131351471
6.5703125,10016.0,0.5579708814620972
6.57421875,10016.0,0.5580236315727234
6.57421875,10024.0,0.5580763816833496
6.57421875,10024.0,0.5581291317939758
6.57421875,10024.0,0.558181881904602
6.57421875,10024.0,0.5582346320152283
6.57421875,10024.0,0.5582873821258545
6.57421875,10024.0,0.5583401322364807
6.578125,10024.0,0.5583928823471069
6.578125,10024.0,0.5584456324577332
6.578125,10024.0,0.5584983825683594
6.578125,10032.0,0.5585511326789856
6.58203125,10032.0,0.5586038827896118
6.58203125,10032.0,0.558656632900238
6.58203125,10032.0,0.5587093830108643
6.58203125,10032.0,0.5587621331214905
6.5859375,10032.0,0.5588148832321167
6.5859375,10032.0,0.5588676333427429
6.5859375,10032.0,0.5589203834533691
6.5859375,10040.0,0.5589731335639954
6.58984375,10040.0,0.5590258836746216
6.58984375,10040.0,0.5590786337852478
6.58984375,10040.0,0.559131383895874
6.59375,10040.0,0.5591841340065002
6.59375,10040.0,0.5592368841171265
6.59765625,10040.0,0.5592896342277527
6.59765625,10040.0,0.5593423843383789
6.59765625,10048.0,0.5593951344490051
6.6015625,10048.0,0.5594478845596313
6.6015625,10048.0,0.5595006346702576
6.6015625,10048.0,0.5595533847808838
6.60546875,10048.0,0.55960613489151
6.60546875,10048.0,0.5596588850021362
6.609375,10048.0,0.5597116351127625
6.609375,10048.0,0.5597643852233887
6.609375,10056.0,0.5598171353340149
6.61328125,10056.0,0.5598698854446411
6.61328125,10056.0,0.5599226355552673
6.6171875,10056.0,0.5599753856658936
6.6171875,10056.0,0.5600281357765198
6.6171875,10056.0,0.560080885887146
6.62109375,10056.0,0.5601336359977722
6.62109375,10056.0,0.5601863861083984
6.625,10064.0,0.5602391362190247
6.625,10064.0,0.5602918863296509
6.62890625,10064.0,0.5603446364402771
6.62890625,10064.0,0.5603973865509033
6.6328125,10064.0,0.5604501366615295
6.6328125,10064.0,0.5605028867721558
6.63671875,10064.0,0.560555636882782
6.640625,10064.0,0.5606083869934082
6.640625,10064.0,0.5606611371040344
6.64453125,10072.0,0.5607138872146606
6.64453125,10072.0,0.5607666373252869
6.6484375,10072.0,0.5608193874359131
6.65234375,10072.0,0.5608721375465393
6.65234375,10072.0,0.5609248876571655
6.65625,10072.0,0.5609776377677917
6.66015625,10072.0,0.561030387878418
6.66015625,10072.0,0.5610831379890442
6.6640625,10080.0,0.5611358880996704
6.66796875,10080.0,0.5611886382102966
6.66796875,10080.0,0.5612413883209229
6.671875,10080.0,0.5612941384315491
6.671875,10080.0,0.5613468885421753
6.67578125,10080.0,0.5613996386528015
6.6796875,10080.0,0.5614523887634277
6.6796875,10080.0,0.561505138874054
6.68359375,10088.0,0.5615578889846802
6.6875,10088.0,0.5616106390953064
6.69140625,10088.0,0.5616633892059326
6.69140625,10088.0,0.5617161393165588
6.6953125,10088.0,0.5617688894271851
6.69921875,10088.0,0.5618216395378113
6.69921875,10088.0,0.5618743896484375
6.703125,10088.0,0.5619271397590637
6.70703125,10096.0,0.5619798898696899
6.70703125,10096.0,0.5620326399803162
6.7109375,10096.0,0.5620853900909424
6.71484375,10096.0,0.5621381402015686
6.71875,10096.0,0.5621908903121948
6.71875,10096.0,0.562243640422821
6.72265625,10096.0,0.5622963905334473
6.7265625,10096.0,0.5623491406440735
6.7265625,10096.0,0.5624018907546997
6.73046875,10104.0,0.5624546408653259
6.734375,10104.0,0.5625073909759521
6.73828125,10104.0,0.5625601410865784
6.73828125,10104.0,0.5626128911972046
6.7421875,10104.0,0.5626656413078308
6.74609375,10104.0,0.562718391418457
6.74609375,10104.0,0.5627711415290833
6.75,10104.0,0.5628238916397095
6.75390625,10112.0,0.5628766417503357
6.75390625,10112.0,0.5629293918609619
6.7578125,10112.0,0.5629821419715881
6.76171875,10112.0,0.5630348920822144
6.76171875,10112.0,0.5630876421928406
6.765625,10112.0,0.5631403923034668
6.765625,10112.0,0.563193142414093
6.76953125,10112.0,0.5632458925247192
6.76953125,10120.0,0.5632986426353455
6.7734375,10120.0,0.5633513927459717
6.7734375,10120.0,0.5634041428565979
6.77734375,10120.0,0.5634568929672241
6.77734375,10120.0,0.5635096430778503
6.77734375,10120.0,0.5635623931884766
6.78125,10120.0,0.5636151432991028
6.78125,10120.0,0.563667893409729
6.78125,10128.0,0.5637206435203552
6.78515625,10128.0,0.5637733936309814
6.78515625,10128.0,0.5638261437416077
6.78515625,10128.0,0.5638788938522339
6.78515625,10128.0,0.5639316439628601
6.78515625,10128.0,0.5639843940734863
6.7890625,10128.0,0.5640371441841125
6.7890625,10128.0,0.5640898942947388
6.7890625,10128.0,0.564142644405365
6.7890625,10136.0,0.5641953945159912
6.7890625,10136.0,0.5642481446266174
6.7890625,10136.0,0.5643008947372437
6.7890625,10136.0,0.5643536448478699
6.79296875,10136.0,0.5644063949584961
6.79296875,10136.0,0.5644591450691223
6.79296875,10136.0,0.5645118951797485
6.79296875,10136.0,0.5645646452903748
6.79296875,10144.0,0.564617395401001
6.79296875,10144.0,0.5646701455116272
6.79296875,10144.0,0.5647228956222534
6.79296875,10144.0,0.5647756457328796
6.79296875,10144.0,0.5648283958435059
6.79296875,10144.0,0.5648811459541321
6.79296875,10144.0,0.5649338960647583
6.79296875,10144.0,0.5649866461753845
6.79296875,10152.0,0.5650393962860107
6.79296875,10152.0,0.565092146396637
6.79296875,10152.0,0.5651448965072632
6.7890625,10152.0,0.5651976466178894
6.7890625,10152.0,0.5652503967285156
6.7890625,10152.0,0.5653031468391418
6.7890625,10152.0,0.5653558969497681
6.7890625,10152.0,0.5654086470603943
6.7890625,10160.0,0.5654613971710205
6.7890625,10160.0,0.5655141472816467
6.7890625,10160.0,0.565566897392273
6.7890625,10160.0,0.5656196475028992
6.78515625,10160.0,0.5656723976135254
6.78515625,10160.0,0.5657251477241516
6.78515625,10160.0,0.5657778978347778
6.78515625,10160.0,0.565830647945404
6.78515625,10160.0,0.5658833980560303
6.78515625,10168.0,0.5659361481666565
6.78515625,10168.0,0.5659888982772827
6.78125,10168.0,0.5660416483879089
6.78125,10168.0,0.5660943984985352
6.78125,10168.0,0.5661471486091614
6.78125,10168.0,0.5661998987197876
6.78125,10168.0,0.5662526488304138
6.78125,10168.0,0.56630539894104
6.77734375,10176.0,0.5663581490516663
6.77734375,10176.0,0.5664108991622925
6.77734375,10176.0,0.5664636492729187
6.77734375,10176.0,0.5665163993835449
6.77734375,10176.0,0.5665691494941711
6.7734375,10176.0,0.5666218996047974
6.7734375,10176.0,0.5666746497154236
6.7734375,10176.0,0.5667273998260498
6.7734375,10184.0,0.566780149936676
6.76953125,10184.0,0.5668329000473022
6.76953125,10184.0,0.5668856501579285
6.76953125,10184.0,0.5669384002685547
6.765625,10184.0,0.5669911503791809
6.765625,10184.0,0.5670439004898071
6.765625,10184.0,0.5670966506004333
6.765625,10184.0,0.5671494007110596
6.76171875,10192.0,0.5672021508216858
6.76171875,10192.0,0.567254900932312
6.76171875,10192.0,0.5673076510429382
6.7578125,10192.0,0.5673604011535645
6.7578125,10192.0,0.5674131512641907
6.75390625,10192.0,0.5674659013748169
6.75390625,10192.0,0.5675186514854431
6.75390625,10192.0,0.5675714015960693
6.75,10192.0,0.5676241517066956
6.75,10200.0,0.5676769018173218
6.74609375,10200.0,0.567729651927948
6.74609375,10200.0,0.5677824020385742
6.74609375,10200.0,0.5678351521492004
6.7421875,10200.0,0.5678879022598267
6.7421875,10200.0,0.5679406523704529
6.73828125,10200.0,0.5679934024810791
6.73828125,10200.0,0.5680461525917053
6.734375,10208.0,0.5680989027023315
6.734375,10208.0,0.5681516528129578
6.73046875,10208.0,0.568204402923584
6.73046875,10208.0,0.5682571530342102
6.7265625,10208.0,0.5683099031448364
6.7265625,10208.0,0.5683626532554626
6.72265625,10208.0,0.5684154033660889
6.72265625,10208.0,0.5684681534767151
6.71875,10216.0,0.5685209035873413
6.71875,10216.0,0.5685736536979675
6.71484375,10216.0,0.5686264038085938
6.7109375,10216.0,0.56867915391922
6.7109375,10216.0,0.5687319040298462
6.70703125,10216.0,0.5687846541404724
6.70703125,10216.0,0.5688374042510986
6.703125,10216.0,0.5688901543617249
6.703125,10216.0,0.5689429044723511
6.69921875,10224.0,0.5689956545829773
6.69921875,10224.0,0.5690484046936035
6.6953125,10224.0,0.5691011548042297
6.69140625,10224.0,0.569153904914856
6.69140625,10224.0,0.5692066550254822
6.6875,10224.0,0.5692594051361084
6.6875,10224.0,0.5693121552467346
6.68359375,10224.0,0.5693649053573608
6.68359375,10232.0,0.5694176554679871
6.6796875,10232.0,0.5694704055786133
6.67578125,10232.0,0.5695231556892395
6.67578125,10232.0,0.5695759057998657
6.671875,10232.0,0.5696286559104919
6.671875,10232.0,0.5696814060211182
6.66796875,10232.0,0.5697341561317444
6.66796875,10232.0,0.5697869062423706
6.6640625,10240.0,0.5698396563529968
6.66015625,10240.0,0.569892406463623
6.66015625,10240.0,0.5699451565742493
6.65625,10240.0,0.5699979066848755
6.65625,10240.0,0.5700506567955017
6.65625,10240.0,0.5701034069061279
6.65234375,10240.0,0.5701561570167542
6.65234375,10240.0,0.5702089071273804
6.6484375,10240.0,0.5702616572380066
6.6484375,10248.0,0.5703144073486328
6.6484375,10248.0,0.570367157459259
6.64453125,10248.0,0.5704199075698853
6.64453125,10248.0,0.5704726576805115
6.64453125,10248.0,0.5705254077911377
6.640625,10248.0,0.5705781579017639
6.640625,10248.0,0.5706309080123901
6.640625,10248.0,0.5706836581230164
6.63671875,10256.0,0.5707364082336426
6.63671875,10256.0,0.5707891583442688
6.63671875,10256.0,0.570841908454895
6.63671875,10256.0,0.5708946585655212
6.63671875,10256.0,0.5709474086761475
6.6328125,10256.0,0.5710001587867737
6.6328125,10256.0,0.5710529088973999
6.6328125,10256.0,0.5711056590080261
6.6328125,10264.0,0.5711584091186523
6.6328125,10264.0,0.5712111592292786
6.6328125,10264.0,0.5712639093399048
6.6328125,10264.0,0.571316659450531
6.6328125,10264.0,0.5713694095611572
6.6328125,10264.0,0.5714221596717834
6.62890625,10264.0,0.5714749097824097
6.62890625,10264.0,0.5715276598930359
6.62890625,10272.0,0.5715804100036621
6.62890625,10272.0,0.5716331601142883
6.62890625,10272.0,0.5716859102249146
6.6328125,10272.0,0.5717386603355408
6.6328125,10272.0,0.571791410446167
6.6328125,10272.0,0.5718441605567932
6.6328125,10272.0,0.5718969106674194
6.6328125,10272.0,0.5719496607780457
6.6328125,10272.0,0.5720024108886719
6.6328125,10280.0,0.5720551609992981
6.6328125,10280.0,0.5721079111099243
6.6328125,10280.0,0.5721606612205505
6.6328125,10280.0,0.5722134113311768
6.63671875,10280.0,0.572266161441803
6.63671875,10280.0,0.5723189115524292
6.63671875,10280.0,0.5723716616630554
6.63671875,10280.0,0.5724244117736816
6.63671875,10288.0,0.5724771618843079
6.63671875,10288.0,0.5725299119949341
6.640625,10288.0,0.5725826621055603
6.640625,10288.0,0.5726354122161865
6.640625,10288.0,0.5726881623268127
6.640625,10288.0,0.572740912437439
6.64453125,10288.0,0.5727936625480652
6.64453125,10288.0,0.5728464126586914
6.64453125,10288.0,0.5728991627693176
6.64453125,10296.0,0.5729519128799438
6.64453125,10296.0,0.5730046629905701
6.6484375,10296.0,0.5730574131011963
6.6484375,10296.0,0.5731101632118225
6.6484375,10296.0,0.5731629133224487
6.6484375,10296.0,0.573215663433075
6.65234375,10296.0,0.5732684135437012
6.65234375,10296.0,0.5733211636543274
6.65234375,10304.0,0.5733739137649536
6.65625,10304.0,0.5734266638755798
6.65625,10304.0,0.573479413986206
6.65625,10304.0,0.5735321640968323
6.65625,10304.0,0.5735849142074585
6.66015625,10304.0,0.5736376643180847
6.66015625,10304.0,0.5736904144287109
6.66015625,10304.0,0.5737431645393372
6.6640625,10312.0,0.5737959146499634
6.6640625,10312.0,0.5738486647605896
6.66796875,10312.0,0.5739014148712158
6.66796875,10312.0,0.573954164981842
6.66796875,10312.0,0.5740069150924683
6.671875,10312.0,0.5740596652030945
6.671875,10312.0,0.5741124153137207
6.67578125,10312.0,0.5741651654243469
6.67578125,10312.0,0.5742179155349731
6.6796875,10320.0,0.5742706656455994
6.6796875,10320.0,0.5743234157562256
6.68359375,10320.0,0.5743761658668518
6.68359375,10320.0,0.574428915977478
6.6875,10320.0,0.5744816660881042
6.6875,10320.0,0.5745344161987305
6.69140625,10320.0,0.5745871663093567
6.6953125,10320.0,0.5746399164199829
6.6953125,10328.0,0.5746926665306091
6.69921875,10328.0,0.5747454166412354
6.69921875,10328.0,0.5747981667518616
6.703125,10328.0,0.5748509168624878
6.70703125,10328.0,0.574903666973114
6.70703125,10328.0,0.5749564170837402
6.7109375,10328.0,0.5750091671943665
6.7109375,10328.0,0.5750619173049927
6.71484375,10336.0,0.5751146674156189
6.71875,10336.0,0.5751674175262451
6.71875,10336.0,0.5752201676368713
6.72265625,10336.0,0.5752729177474976
6.7265625,10336.0,0.5753256678581238
6.7265625,10336.0,0.57537841796875
6.73046875,10336.0,0.5754311680793762
6.734375,10336.0,0.5754839181900024
6.734375,10336.0,0.5755366683006287
6.73828125,10344.0,0.5755894184112549
6.7421875,10344.0,0.5756421685218811
6.7421875,10344.0,0.5756949186325073
6.74609375,10344.0,0.5757476687431335
6.75,10344.0,0.5758004188537598
6.75,10344.0,0.575853168964386
6.75390625,10344.0,0.5759059190750122
6.7578125,10344.0,0.5759586691856384
6.7578125,10352.0,0.5760114192962646
6.76171875,10352.0,0.5760641694068909
6.765625,10352.0,0.5761169195175171
6.765625,10352.0,0.5761696696281433
6.76953125,10352.0,0.5762224197387695
6.7734375,10352.0,0.5762751698493958
6.7734375,10352.0,0.576327919960022
6.77734375,10352.0,0.5763806700706482
6.77734375,10360.0,0.5764334201812744
6.78125,10360.0,0.5764861702919006
6.78515625,10360.0,0.5765389204025269
6.78515625,10360.0,0.5765916705131531
6.7890625,10360.0,0.5766444206237793
6.79296875,10360.0,0.5766971707344055
6.79296875,10360.0,0.5767499208450317
6.796875,10360.0,0.576802670955658
6.796875,10360.0,0.5768554210662842
6.80078125,10368.0,0.5769081711769104
6.80078125,10368.0,0.5769609212875366
6.8046875,10368.0,0.5770136713981628
6.8046875,10368.0,0.5770664215087891
6.80859375,10368.0,0.5771191716194153
6.80859375,10368.0,0.5771719217300415
6.8125,10368.0,0.5772246718406677
6.8125,10368.0,0.577277421951294
6.81640625,10376.0,0.5773301720619202
6.81640625,10376.0,0.5773829221725464
6.81640625,10376.0,0.5774356722831726
6.8203125,10376.0,0.5774884223937988
6.8203125,10376.0,0.577541172504425
6.8203125,10376.0,0.5775939226150513
6.82421875,10376.0,0.5776466727256775
6.82421875,10376.0,0.5776994228363037
6.82421875,10376.0,0.5777521729469299
6.828125,10384.0,0.5778049230575562
6.828125,10384.0,0.5778576731681824
6.828125,10384.0,0.5779104232788086
6.828125,10384.0,0.5779631733894348
6.83203125,10384.0,0.578015923500061
6.83203125,10384.0,0.5780686736106873
6.83203125,10384.0,0.5781214237213135
6.83203125,10384.0,0.5781741738319397
6.83203125,10392.0,0.5782269239425659
6.8359375,10392.0,0.5782796740531921
6.8359375,10392.0,0.5783324241638184
6.8359375,10392.0,0.5783851742744446
6.8359375,10392.0,0.5784379243850708
6.8359375,10392.0,0.578490674495697
6.8359375,10392.0,0.5785434246063232
6.8359375,10392.0,0.5785961747169495
6.8359375,10400.0,0.5786489248275757
6.8359375,10400.0,0.5787016749382019
6.8359375,10400.0,0.5787544250488281
6.8359375,10400.0,0.5788071751594543
6.8359375,10400.0,0.5788599252700806
6.8359375,10400.0,0.5789126753807068
6.8359375,10400.0,0.578965425491333
6.8359375,10400.0,0.5790181756019592
6.8359375,10400.0,0.5790709257125854
6.8359375,10408.0,0.5791236758232117
6.8359375,10408.0,0.5791764259338379
6.8359375,10408.0,0.5792291760444641
6.8359375,10408.0,0.5792819261550903
6.8359375,10408.0,0.5793346762657166
6.8359375,10408.0,0.5793874263763428
6.83203125,10408.0,0.579440176486969
6.83203125,10408.0,0.5794929265975952
6.83203125,10416.0,0.5795456767082214
6.83203125,10416.0,0.5795984268188477
6.83203125,10416.0,0.5796511769294739
6.83203125,10416.0,0.5797039270401001
6.83203125,10416.0,0.5797566771507263
6.83203125,10416.0,0.5798094272613525
6.83203125,10416.0,0.5798621773719788
6.828125,10416.0,0.579914927482605
6.828125,10416.0,0.5799676775932312
6.828125,10424.0,0.5800204277038574
6.828125,10424.0,0.5800731778144836
6.828125,10424.0,0.5801259279251099
6.828125,10424.0,0.5801786780357361
6.82421875,10424.0,0.5802314281463623
6.82421875,10424.0,0.5802841782569885
6.82421875,10424.0,0.5803369283676147
6.82421875,10424.0,0.580389678478241
6.82421875,10432.0,0.5804424285888672
6.82421875,10432.0,0.5804951786994934
6.8203125,10432.0,0.5805479288101196
6.8203125,10432.0,0.5806006789207458
6.8203125,10432.0,0.5806534290313721
6.8203125,10432.0,0.5807061791419983
6.81640625,10432.0,0.5807589292526245
6.81640625,10432.0,0.5808116793632507
6.81640625,10440.0,0.580864429473877
6.81640625,10440.0,0.5809171795845032
6.8125,10440.0,0.5809699296951294
6.8125,10440.0,0.5810226798057556
6.8125,10440.0,0.5810754299163818
6.80859375,10440.0,0.5811281800270081
6.80859375,10440.0,0.5811809301376343
6.80859375,10440.0,0.5812336802482605
6.8046875,10440.0,0.5812864303588867
6.8046875,10448.0,0.5813391804695129
6.80078125,10448.0,0.5813919305801392
6.80078125,10448.0,0.5814446806907654
6.80078125,10448.0,0.5814974308013916
6.796875,10448.0,0.5815501809120178
6.796875,10448.0,0.581602931022644
6.79296875,10448.0,0.5816556811332703
6.79296875,10448.0,0.5817084312438965
6.7890625,10456.0,0.5817611813545227
6.7890625,10456.0,0.5818139314651489
6.78515625,10456.0,0.5818666815757751
6.78515625,10456.0,0.5819194316864014
6.78125,10456.0,0.5819721817970276
6.78125,10456.0,0.5820249319076538
6.77734375,10456.0,0.58207768201828
6.77734375,10456.0,0.5821304321289062
6.7734375,10456.0,0.5821831822395325
6.7734375,10464.0,0.5822359323501587
6.76953125,10464.0,0.5822886824607849
6.76953125,10464.0,0.5823414325714111
6.765625,10464.0,0.5823941826820374
6.76171875,10464.0,0.5824469327926636
6.76171875,10464.0,0.5824996829032898
6.7578125,10464.0,0.582552433013916
6.7578125,10464.0,0.5826051831245422
6.75390625,10472.0,0.5826579332351685
6.75390625,10472.0,0.5827106833457947
6.75,10472.0,0.5827634334564209
6.74609375,10472.0,0.5828161835670471
6.74609375,10472.0,0.5828689336776733
6.7421875,10472.0,0.5829216837882996
6.7421875,10472.0,0.5829744338989258
6.73828125,10472.0,0.583027184009552
6.73828125,10472.0,0.5830799341201782
6.734375,10480.0,0.5831326842308044
6.73046875,10480.0,0.5831854343414307
6.73046875,10480.0,0.5832381844520569
6.7265625,10480.0,0.5832909345626831
6.7265625,10480.0,0.5833436846733093
6.72265625,10480.0,0.5833964347839355
6.72265625,10480.0,0.5834491848945618
6.71875,10480.0,0.583501935005188
6.71875,10488.0,0.5835546851158142
6.71484375,10488.0,0.5836074352264404
6.71484375,10488.0,0.5836601853370667
6.7109375,10488.0,0.5837129354476929
6.7109375,10488.0,0.5837656855583191
6.70703125,10488.0,0.5838184356689453
6.70703125,10488.0,0.5838711857795715
6.70703125,10488.0,0.5839239358901978
6.703125,10496.0,0.583976686000824
6.703125,10496.0,0.5840294361114502
6.703125,10496.0,0.5840821862220764
6.69921875,10496.0,0.5841349363327026
6.69921875,10496.0,0.5841876864433289
6.6953125,10496.0,0.5842404365539551
6.6953125,10496.0,0.5842931866645813
6.6953125,10496.0,0.5843459367752075
6.69140625,10496.0,0.5843986868858337
6.69140625,10504.0,0.58445143699646
6.69140625,10504.0,0.5845041871070862
6.69140625,10504.0,0.5845569372177124
6.6875,10504.0,0.5846096873283386
6.6875,10504.0,0.5846624374389648
6.6875,10504.0,0.5847151875495911
6.6875,10504.0,0.5847679376602173
6.68359375,10504.0,0.5848206877708435
6.68359375,10512.0,0.5848734378814697
6.68359375,10512.0,0.584926187992096
6.68359375,10512.0,0.5849789381027222
6.68359375,10512.0,0.5850316882133484
6.68359375,10512.0,0.5850844383239746
6.6796875,10512.0,0.5851371884346008
6.6796875,10512.0,0.585189938545227
6.6796875,10512.0,0.5852426886558533
6.6796875,10512.0,0.5852954387664795
6.6796875,10520.0,0.5853481888771057
6.6796875,10520.0,0.5854009389877319
6.6796875,10520.0,0.5854536890983582
6.6796875,10520.0,0.5855064392089844
6.6796875,10520.0,0.5855591893196106
6.6796875,10520.0,0.5856119394302368
6.6796875,10520.0,0.585664689540863
6.6796875,10520.0,0.5857174396514893
6.6796875,10528.0,0.5857701897621155
6.6796875,10528.0,0.5858229398727417
6.6796875,10528.0,0.5858756899833679
6.6796875,10528.0,0.5859284400939941
6.6796875,10528.0,0.5859811902046204
6.68359375,10528.0,0.5860339403152466
6.68359375,10528.0,0.5860866904258728
6.68359375,10528.0,0.586139440536499
6.68359375,10528.0,0.5861921906471252
6.68359375,10536.0,0.5862449407577515
6.68359375,10536.0,0.5862976908683777
6.68359375,10536.0,0.5863504409790039
6.6875,10536.0,0.5864031910896301
6.6875,10536.0,0.5864559412002563
6.6875,10536.0,0.5865086913108826
6.6875,10536.0,0.5865614414215088
6.6875,10536.0,0.586614191532135
6.6875,10544.0,0.5866669416427612
6.69140625,10544.0,0.5867196917533875
6.69140625,10544.0,0.5867724418640137
6.69140625,10544.0,0.5868251919746399
6.69140625,10544.0,0.5868779420852661
6.6953125,10544.0,0.5869306921958923
6.6953125,10544.0,0.5869834423065186
6.6953125,10544.0,0.5870361924171448
6.6953125,10544.0,0.587088942527771
6.6953125,10552.0,0.5871416926383972
6.69921875,10552.0,0.5871944427490234
6.69921875,10552.0,0.5872471928596497
6.69921875,10552.0,0.5872999429702759
6.703125,10552.0,0.5873526930809021
6.703125,10552.0,0.5874054431915283
6.703125,10552.0,0.5874581933021545
6.70703125,10552.0,0.5875109434127808
6.70703125,10560.0,0.587563693523407
6.70703125,10560.0,0.5876164436340332
6.7109375,10560.0,0.5876691937446594
6.7109375,10560.0,0.5877219438552856
6.7109375,10560.0,0.5877746939659119
6.71484375,10560.0,0.5878274440765381
6.71484375,10560.0,0.5878801941871643
6.71875,10560.0,0.5879329442977905
6.71875,10560.0,0.5879856944084167
6.72265625,10568.0,0.588038444519043
6.72265625,10568.0,0.5880911946296692
6.7265625,10568.0,0.5881439447402954
6.7265625,10568.0,0.5881966948509216
6.7265625,10568.0,0.5882494449615479
6.73046875,10568.0,0.5883021950721741
6.73046875,10568.0,0.5883549451828003
6.734375,10568.0,0.5884076952934265
6.734375,10576.0,0.5884604454040527
6.73828125,10576.0,0.588513195514679
6.7421875,10576.0,0.5885659456253052
6.7421875,10576.0,0.5886186957359314
6.74609375,10576.0,0.5886714458465576
6.74609375,10576.0,0.5887241959571838
6.75,10576.0,0.5887769460678101
6.75,10576.0,0.5888296961784363
6.75390625,10576.0,0.5888824462890625
6.7578125,10584.0,0.5889351963996887
6.7578125,10584.0,0.5889879465103149
6.76171875,10584.0,0.5890406966209412
6.765625,10584.0,0.5890934467315674
6.765625,10584.0,0.5891461968421936
6.76953125,10584.0,0.5891989469528198
6.76953125,10584.0,0.589251697063446
6.7734375,10584.0,0.5893044471740723
6.77734375,10592.0,0.5893571972846985
6.77734375,10592.0,0.5894099473953247
6.78125,10592.0,0.5894626975059509
6.78515625,10592.0,0.5895154476165771
6.78515625,10592.0,0.5895681977272034
6.7890625,10592.0,0.5896209478378296
6.79296875,10592.0,0.5896736979484558
6.79296875,10592.0,0.589726448059082
6.796875,10592.0,0.5897791981697083
6.80078125,10600.0,0.5898319482803345
6.80078125,10600.0,0.5898846983909607
6.8046875,10600.0,0.5899374485015869
6.8046875,10600.0,0.5899901986122131
6.80859375,10600.0,0.5900429487228394
6.8125,10600.0,0.5900956988334656
6.8125,10600.0,0.5901484489440918
6.81640625,10600.0,0.590201199054718
6.8203125,10608.0,0.5902539491653442
6.8203125,10608.0,0.5903066992759705
6.82421875,10608.0,0.5903594493865967
6.82421875,10608.0,0.5904121994972229
6.828125,10608.0,0.5904649496078491
6.828125,10608.0,0.5905176997184753
6.83203125,10608.0,0.5905704498291016
6.83203125,10608.0,0.5906231999397278
6.8359375,10608.0,0.590675950050354
6.8359375,10616.0,0.5907287001609802
6.83984375,10616.0,0.5907814502716064
6.83984375,10616.0,0.5908342003822327
6.84375,10616.0,0.5908869504928589
6.84375,10616.0,0.5909397006034851
6.84375,10616.0,0.5909924507141113
6.84765625,10616.0,0.5910452008247375
6.84765625,10616.0,0.5910979509353638
6.8515625,10624.0,0.59115070104599
6.8515625,10624.0,0.5912034511566162
6.8515625,10624.0,0.5912562012672424
6.85546875,10624.0,0.5913089513778687
6.85546875,10624.0,0.5913617014884949
6.85546875,10624.0,0.5914144515991211
6.859375,10624.0,0.5914672017097473
6.859375,10624.0,0.5915199518203735
6.859375,10624.0,0.5915727019309998
6.86328125,10632.0,0.591625452041626
6.86328125,10632.0,0.5916782021522522
6.86328125,10632.0,0.5917309522628784
6.8671875,10632.0,0.5917837023735046
6.8671875,10632.0,0.5918364524841309
6.8671875,10632.0,0.5918892025947571
6.8671875,10632.0,0.5919419527053833
6.87109375,10632.0,0.5919947028160095
6.87109375,10632.0,0.5920474529266357
6.87109375,10640.0,0.592100203037262
6.87109375,10640.0,0.5921529531478882
6.87109375,10640.0,0.5922057032585144
6.87109375,10640.0,0.5922584533691406
6.875,10640.0,0.5923112034797668
6.875,10640.0,0.5923639535903931
6.875,10640.0,0.5924167037010193
6.875,10640.0,0.5924694538116455
6.875,10648.0,0.5925222039222717
6.875,10648.0,0.592574954032898
6.875,10648.0,0.5926277041435242
6.875,10648.0,0.5926804542541504
6.875,10648.0,0.5927332043647766
6.875,10648.0,0.5927859544754028
6.87890625,10648.0,0.592838704586029
6.87890625,10648.0,0.5928914546966553
6.87890625,10648.0,0.5929442048072815
6.87890625,10656.0,0.5929969549179077
6.87890625,10656.0,0.5930497050285339
6.87890625,10656.0,0.5931024551391602
6.87890625,10656.0,0.5931552052497864
6.87890625,10656.0,0.5932079553604126
6.87890625,10656.0,0.5932607054710388
6.87890625,10656.0,0.593313455581665
6.87890625,10656.0,0.5933662056922913
6.875,10664.0,0.5934189558029175
6.875,10664.0,0.5934717059135437
6.875,10664.0,0.5935244560241699
6.875,10664.0,0.5935772061347961
6.875,10664.0,0.5936299562454224
6.875,10664.0,0.5936827063560486
6.875,10664.0,0.5937354564666748
6.875,10664.0,0.593788206577301
6.875,10664.0,0.5938409566879272
6.875,10672.0,0.5938937067985535
6.87109375,10672.0,0.5939464569091797
6.87109375,10672.0,0.5939992070198059
6.87109375,10672.0,0.5940519571304321
6.87109375,10672.0,0.5941047072410583
6.87109375,10672.0,0.5941574573516846
6.87109375,10672.0,0.5942102074623108
6.8671875,10672.0,0.594262957572937
6.8671875,10680.0,0.5943157076835632
6.8671875,10680.0,0.5943684577941895
6.8671875,10680.0,0.5944212079048157
6.86328125,10680.0,0.5944739580154419
6.86328125,10680.0,0.5945267081260681
6.86328125,10680.0,0.5945794582366943
6.86328125,10680.0,0.5946322083473206
6.859375,10680.0,0.5946849584579468
6.859375,10680.0,0.594737708568573
6.859375,10688.0,0.5947904586791992
6.85546875,10688.0,0.5948432087898254
6.85546875,10688.0,0.5948959589004517
6.85546875,10688.0,0.5949487090110779
6.8515625,10688.0,0.5950014591217041
6.8515625,10688.0,0.5950542092323303
6.84765625,10688.0,0.5951069593429565
6.84765625,10688.0,0.5951597094535828
6.84765625,10688.0,0.595212459564209
6.84375,10696.0,0.5952652096748352
6.84375,10696.0,0.5953179597854614
6.83984375,10696.0,0.5953707098960876
6.83984375,10696.0,0.5954234600067139
6.83984375,10696.0,0.5954762101173401
6.8359375,10696.0,0.5955289602279663
6.8359375,10696.0,0.5955817103385925
6.83203125,10696.0,0.5956344604492188
6.83203125,10704.0,0.595687210559845
6.828125,10704.0,0.5957399606704712
6.828125,10704.0,0.5957927107810974
6.82421875,10704.0,0.5958454608917236
6.82421875,10704.0,0.5958982110023499
6.8203125,10704.0,0.5959509611129761
6.81640625,10704.0,0.5960037112236023
6.81640625,10704.0,0.5960564613342285
6.8125,10704.0,0.5961092114448547
6.8125,10712.0,0.596161961555481
6.80859375,10712.0,0.5962147116661072
6.80859375,10712.0,0.5962674617767334
6.8046875,10712.0,0.5963202118873596
6.80078125,10712.0,0.5963729619979858
6.80078125,10712.0,0.5964257121086121
6.796875,10712.0,0.5964784622192383
6.796875,10712.0,0.5965312123298645
6.79296875,10720.0,0.5965839624404907
6.79296875,10720.0,0.5966367125511169
6.7890625,10720.0,0.5966894626617432
6.78515625,10720.0,0.5967422127723694
6.78515625,10720.0,0.5967949628829956
6.78125,10720.0,0.5968477129936218
6.78125,10720.0,0.596900463104248
6.77734375,10720.0,0.5969532132148743
6.77734375,10720.0,0.5970059633255005
6.7734375,10728.0,0.5970587134361267
6.7734375,10728.0,0.5971114635467529
6.76953125,10728.0,0.5971642136573792
6.76953125,10728.0,0.5972169637680054
6.765625,10728.0,0.5972697138786316
6.765625,10728.0,0.5973224639892578
6.76171875,10728.0,0.597375214099884
6.76171875,10728.0,0.5974279642105103
6.7578125,10728.0,0.5974807143211365
6.7578125,10736.0,0.5975334644317627
6.7578125,10736.0,0.5975862145423889
6.75390625,10736.0,0.5976389646530151
6.75390625,10736.0,0.5976917147636414
6.75,10736.0,0.5977444648742676
6.75,10736.0,0.5977972149848938
6.75,10736.0,0.59784996509552
6.74609375,10736.0,0.5979027152061462
6.74609375,10744.0,0.5979554653167725
6.74609375,10744.0,0.5980082154273987
6.7421875,10744.0,0.5980609655380249
6.7421875,10744.0,0.5981137156486511
6.7421875,10744.0,0.5981664657592773
6.73828125,10744.0,0.5982192158699036
6.73828125,10744.0,0.5982719659805298
6.73828125,10744.0,0.598324716091156
6.73828125,10744.0,0.5983774662017822
6.734375,10752.0,0.5984302163124084
6.734375,10752.0,0.5984829664230347
6.734375,10752.0,0.5985357165336609
6.734375,10752.0,0.5985884666442871
6.734375,10752.0,0.5986412167549133
6.73046875,10752.0,0.5986939668655396
6.73046875,10752.0,0.5987467169761658
6.73046875,10752.0,0.598799467086792
6.73046875,10760.0,0.5988522171974182
6.73046875,10760.0,0.5989049673080444
6.73046875,10760.0,0.5989577174186707
6.7265625,10760.0,0.5990104675292969
6.7265625,10760.0,0.5990632176399231
6.7265625,10760.0,0.5991159677505493
6.7265625,10760.0,0.5991687178611755
6.7265625,10760.0,0.5992214679718018
6.7265625,10760.0,0.599274218082428
6.7265625,10768.0,0.5993269681930542
6.7265625,10768.0,0.5993797183036804
6.7265625,10768.0,0.5994324684143066
6.7265625,10768.0,0.5994852185249329
6.7265625,10768.0,0.5995379686355591
6.7265625,10768.0,0.5995907187461853
6.7265625,10768.0,0.5996434688568115
6.7265625,10768.0,0.5996962189674377
6.7265625,10768.0,0.599748969078064
6.7265625,10776.0,0.5998017191886902
6.7265625,10776.0,0.5998544692993164
6.7265625,10776.0,0.5999072194099426
6.7265625,10776.0,0.5999599695205688
6.7265625,10776.0,0.6000127196311951
6.7265625,10776.0,0.6000654697418213
6.7265625,10776.0,0.6001182198524475
6.7265625,10776.0,0.6001709699630737
6.7265625,10784.0,0.6002237200737
6.7265625,10784.0,0.6002764701843262
6.7265625,10784.0,0.6003292202949524
6.7265625,10784.0,0.6003819704055786
6.73046875,10784.0,0.6004347205162048
6.73046875,10784.0,0.600487470626831
6.73046875,10784.0,0.6005402207374573
6.73046875,10784.0,0.6005929708480835
6.73046875,10784.0,0.6006457209587097
6.734375,10792.0,0.6006984710693359
6.734375,10792.0,0.6007512211799622
6.734375,10792.0,0.6008039712905884
6.734375,10792.0,0.6008567214012146
6.734375,10792.0,0.6009094715118408
6.73828125,10792.0,0.600962221622467
6.73828125,10792.0,0.6010149717330933
6.73828125,10792.0,0.6010677218437195
6.7421875,10792.0,0.6011204719543457
6.7421875,10800.0,0.6011732220649719
6.7421875,10800.0,0.6012259721755981
6.74609375,10800.0,0.6012787222862244
6.74609375,10800.0,0.6013314723968506
6.74609375,10800.0,0.6013842225074768
6.75,10800.0,0.601436972618103
6.75,10800.0,0.6014897227287292
6.75,10800.0,0.6015424728393555
6.75390625,10808.0,0.6015952229499817
6.75390625,10808.0,0.6016479730606079
6.7578125,10808.0,0.6017007231712341
6.7578125,10808.0,0.6017534732818604
6.7578125,10808.0,0.6018062233924866
6.76171875,10808.0,0.6018589735031128
6.76171875,10808.0,0.601911723613739
6.765625,10808.0,0.6019644737243652
6.765625,10808.0,0.6020172238349915
6.76953125,10816.0,0.6020699739456177
6.76953125,10816.0,0.6021227240562439
6.7734375,10816.0,0.6021754741668701
6.7734375,10816.0,0.6022282242774963
6.77734375,10816.0,0.6022809743881226
6.77734375,10816.0,0.6023337244987488
6.78125,10816.0,0.602386474609375
6.78125,10816.0,0.6024392247200012
6.78515625,10816.0,0.6024919748306274
6.78515625,10824.0,0.6025447249412537
6.7890625,10824.0,0.6025974750518799
6.7890625,10824.0,0.6026502251625061
6.79296875,10824.0,0.6027029752731323
6.79296875,10824.0,0.6027557253837585
6.796875,10824.0,0.6028084754943848
6.80078125,10824.0,0.602861225605011
6.80078125,10824.0,0.6029139757156372
6.8046875,10832.0,0.6029667258262634
6.8046875,10832.0,0.6030194759368896
6.80859375,10832.0,0.6030722260475159
6.8125,10832.0,0.6031249761581421
6.8125,10832.0,0.6031777262687683
6.81640625,10832.0,0.6032304763793945
6.81640625,10832.0,0.6032832264900208
6.8203125,10832.0,0.603335976600647
6.82421875,10832.0,0.6033887267112732
6.82421875,10840.0,0.6034414768218994
6.828125,10840.0,0.6034942269325256
6.828125,10840.0,0.6035469770431519
6.83203125,10840.0,0.6035997271537781
6.8359375,10840.0,0.6036524772644043
6.8359375,10840.0,0.6037052273750305
6.83984375,10840.0,0.6037579774856567
6.83984375,10840.0,0.603810727596283
6.84375,10840.0,0.6038634777069092
6.84765625,10848.0,0.6039162278175354
6.84765625,10848.0,0.6039689779281616
6.8515625,10848.0,0.6040217280387878
6.8515625,10848.0,0.6040744781494141
6.85546875,10848.0,0.6041272282600403
6.85546875,10848.0,0.6041799783706665
6.859375,10848.0,0.6042327284812927
6.859375,10848.0,0.604285478591919
6.86328125,10856.0,0.6043382287025452
6.86328125,10856.0,0.6043909788131714
6.8671875,10856.0,0.6044437289237976
6.8671875,10856.0,0.6044964790344238
6.87109375,10856.0,0.60454922914505
6.87109375,10856.0,0.6046019792556763
6.875,10856.0,0.6046547293663025
6.875,10856.0,0.6047074794769287
6.87890625,10856.0,0.6047602295875549
6.87890625,10864.0,0.6048129796981812
6.8828125,10864.0,0.6048657298088074
6.8828125,10864.0,0.6049184799194336
6.8828125,10864.0,0.6049712300300598
6.88671875,10864.0,0.605023980140686
6.88671875,10864.0,0.6050767302513123
6.890625,10864.0,0.6051294803619385
6.890625,10864.0,0.6051822304725647
6.890625,10864.0,0.6052349805831909
6.89453125,10872.0,0.6052877306938171
6.89453125,10872.0,0.6053404808044434
6.89453125,10872.0,0.6053932309150696
6.8984375,10872.0,0.6054459810256958
6.8984375,10872.0,0.605498731136322
6.8984375,10872.0,0.6055514812469482
6.8984375,10872.0,0.6056042313575745
6.90234375,10872.0,0.6056569814682007
6.90234375,10872.0,0.6057097315788269
6.90234375,10880.0,0.6057624816894531
6.90625,10880.0,0.6058152318000793
6.90625,10880.0,0.6058679819107056
6.90625,10880.0,0.6059207320213318
6.90625,10880.0,0.605973482131958
6.91015625,10880.0,0.6060262322425842
6.91015625,10880.0,0.6060789823532104
6.91015625,10880.0,0.6061317324638367
6.91015625,10888.0,0.6061844825744629
6.91015625,10888.0,0.6062372326850891
6.9140625,10888.0,0.6062899827957153
6.9140625,10888.0,0.6063427329063416
6.9140625,10888.0,0.6063954830169678
6.9140625,10888.0,0.606448233127594
6.9140625,10888.0,0.6065009832382202
6.9140625,10888.0,0.6065537333488464
6.91796875,10888.0,0.6066064834594727
6.91796875,10896.0,0.6066592335700989
6.91796875,10896.0,0.6067119836807251
6.91796875,10896.0,0.6067647337913513
6.91796875,10896.0,0.6068174839019775
6.91796875,10896.0,0.6068702340126038
6.91796875,10896.0,0.60692298412323
6.91796875,10896.0,0.6069757342338562
6.91796875,10896.0,0.6070284843444824
6.91796875,10896.0,0.6070812344551086
6.91796875,10904.0,0.6071339845657349
6.91796875,10904.0,0.6071867346763611
6.91796875,10904.0,0.6072394847869873
6.91796875,10904.0,0.6072922348976135
6.91796875,10904.0,0.6073449850082397
6.91796875,10904.0,0.607397735118866
6.91796875,10904.0,0.6074504852294922
6.91796875,10904.0,0.6075032353401184
6.91796875,10904.0,0.6075559854507446
6.91796875,10912.0,0.6076087355613708
6.91796875,10912.0,0.6076614856719971
6.9140625,10912.0,0.6077142357826233
6.9140625,10912.0,0.6077669858932495
6.9140625,10912.0,0.6078197360038757
6.9140625,10912.0,0.607872486114502
6.9140625,10912.0,0.6079252362251282
6.91015625,10912.0,0.6079779863357544
6.91015625,10920.0,0.6080307364463806
6.91015625,10920.0,0.6080834865570068
6.91015625,10920.0,0.6081362366676331
6.90625,10920.0,0.6081889867782593
6.90625,10920.0,0.6082417368888855
6.90625,10920.0,0.6082944869995117
6.90625,10920.0,0.6083472371101379
6.90234375,10920.0,0.6083999872207642
6.90234375,10920.0,0.6084527373313904
6.90234375,10928.0,0.6085054874420166
6.8984375,10928.0,0.6085582375526428
6.8984375,10928.0,0.608610987663269
6.8984375,10928.0,0.6086637377738953
6.89453125,10928.0,0.6087164878845215
6.89453125,10928.0,0.6087692379951477
6.890625,10928.0,0.6088219881057739
6.890625,10928.0,0.6088747382164001
6.890625,10928.0,0.6089274883270264
6.88671875,10936.0,0.6089802384376526
6.88671875,10936.0,0.6090329885482788
6.8828125,10936.0,0.609085738658905
6.8828125,10936.0,0.6091384887695312
6.87890625,10936.0,0.6091912388801575
6.87890625,10936.0,0.6092439889907837
6.875,10936.0,0.6092967391014099
6.875,10936.0,0.6093494892120361
6.87109375,10936.0,0.6094022393226624
6.87109375,10944.0,0.6094549894332886
6.8671875,10944.0,0.6095077395439148
6.8671875,10944.0,0.609560489654541
6.8671875,10944.0,0.6096132397651672
6.86328125,10944.0,0.6096659898757935
6.86328125,10944.0,0.6097187399864197
6.859375,10944.0,0.6097714900970459
6.859375,10944.0,0.6098242402076721
6.85546875,10952.0,0.6098769903182983
6.85546875,10952.0,0.6099297404289246
6.8515625,10952.0,0.6099824905395508
6.8515625,10952.0,0.610035240650177
6.84765625,10952.0,0.6100879907608032
6.84765625,10952.0,0.6101407408714294
6.84375,10952.0,0.6101934909820557
6.84375,10952.0,0.6102462410926819
6.83984375,10952.0,0.6102989912033081
6.83984375,10960.0,0.6103517413139343
6.8359375,10960.0,0.6104044914245605
6.8359375,10960.0,0.6104572415351868
6.83203125,10960.0,0.610509991645813
6.83203125,10960.0,0.6105627417564392
6.828125,10960.0,0.6106154918670654
6.828125,10960.0,0.6106682419776917
6.82421875,10960.0,0.6107209920883179
6.82421875,10960.0,0.6107737421989441
6.8203125,10968.0,0.6108264923095703
6.8203125,10968.0,0.6108792424201965
6.81640625,10968.0,0.6109319925308228
6.81640625,10968.0,0.610984742641449
6.8125,10968.0,0.6110374927520752
6.8125,10968.0,0.6110902428627014
6.8125,10968.0,0.6111429929733276
6.80859375,10968.0,0.6111957430839539
6.80859375,10968.0,0.6112484931945801
6.8046875,10976.0,0.6113012433052063
6.8046875,10976.0,0.6113539934158325
6.80078125,10976.0,0.6114067435264587
6.80078125,10976.0,0.611459493637085
6.80078125,10976.0,0.6115122437477112
6.796875,10976.0,0.6115649938583374
6.796875,10976.0,0.6116177439689636
6.79296875,10976.0,0.6116704940795898
6.79296875,10984.0,0.6117232441902161
6.79296875,10984.0,0.6117759943008423
6.7890625,10984.0,0.6118287444114685
6.7890625,10984.0,0.6118814945220947
6.7890625,10984.0,0.611934244632721
6.78515625,10984.0,0.6119869947433472
6.78515625,10984.0,0.6120397448539734
6.78515625,10984.0,0.6120924949645996
6.78515625,10984.0,0.6121452450752258
6.78125,10992.0,0.612197995185852
6.78125,10992.0,0.6122507452964783
6.78125,10992.0,0.6123034954071045
6.77734375,10992.0,0.6123562455177307
6.77734375,10992.0,0.6124089956283569
6.77734375,10992.0,0.6124617457389832
6.77734375,10992.0,0.6125144958496094
6.7734375,10992.0,0.6125672459602356
6.7734375,10992.0,0.6126199960708618
6.7734375,11000.0,0.612672746181488
6.7734375,11000.0,0.6127254962921143
6.7734375,11000.0,0.6127782464027405
6.76953125,11000.0,0.6128309965133667
6.76953125,11000.0,0.6128837466239929
6.76953125,11000.0,0.6129364967346191
6.76953125,11000.0,0.6129892468452454
6.76953125,11000.0,0.6130419969558716
6.76953125,11000.0,0.6130947470664978
6.765625,11008.0,0.613147497177124
6.765625,11008.0,0.6132002472877502
6.765625,11008.0,0.6132529973983765
6.765625,11008.0,0.6133057475090027
6.765625,11008.0,0.6133584976196289
6.765625,11008.0,0.6134112477302551
6.765625,11008.0,0.6134639978408813
6.765625,11008.0,0.6135167479515076
6.765625,11008.0,0.6135694980621338
6.765625,11016.0,0.61362224817276
6.765625,11016.0,0.6136749982833862
6.765625,11016.0,0.6137277483940125
6.765625,11016.0,0.6137804985046387
6.765625,11016.0,0.6138332486152649
6.765625,11016.0,0.6138859987258911
6.765625,11016.0,0.6139387488365173
6.765625,11016.0,0.6139914989471436
6.765625,11016.0,0.6140442490577698
6.765625,11024.0,0.614096999168396
6.765625,11024.0,0.6141497492790222
6.765625,11024.0,0.6142024993896484
6.765625,11024.0,0.6142552495002747
6.765625,11024.0,0.6143079996109009
6.765625,11024.0,0.6143607497215271
6.765625,11024.0,0.6144134998321533
6.76953125,11024.0,0.6144662499427795
6.76953125,11032.0,0.6145190000534058
6.76953125,11032.0,0.614571750164032
6.76953125,11032.0,0.6146245002746582
6.76953125,11032.0,0.6146772503852844
6.7734375,11032.0,0.6147300004959106
6.7734375,11032.0,0.6147827506065369
6.7734375,11032.0,0.6148355007171631
6.7734375,11032.0,0.6148882508277893
6.77734375,11032.0,0.6149410009384155
6.77734375,11040.0,0.6149937510490417
6.77734375,11040.0,0.615046501159668
6.78125,11040.0,0.6150992512702942
6.78125,11040.0,0.6151520013809204
6.78125,11040.0,0.6152047514915466
6.78515625,11040.0,0.6152575016021729
6.78515625,11040.0,0.6153102517127991
6.78515625,11040.0,0.6153630018234253
6.7890625,11040.0,0.6154157519340515
6.7890625,11048.0,0.6154685020446777
6.79296875,11048.0,0.615521252155304
6.79296875,11048.0,0.6155740022659302
6.79296875,11048.0,0.6156267523765564
6.796875,11048.0,0.6156795024871826
6.796875,11048.0,0.6157322525978088
6.80078125,11048.0,0.6157850027084351
6.80078125,11048.0,0.6158377528190613
6.8046875,11048.0,0.6158905029296875
6.8046875,11056.0,0.6159432530403137
6.80859375,11056.0,0.6159960031509399
6.80859375,11056.0,0.6160487532615662
6.8125,11056.0,0.6161015033721924
6.8125,11056.0,0.6161542534828186
6.81640625,11056.0,0.6162070035934448
6.81640625,11056.0,0.616259753704071
6.8203125,11056.0,0.6163125038146973
6.8203125,11056.0,0.6163652539253235
6.82421875,11064.0,0.6164180040359497
6.82421875,11064.0,0.6164707541465759
6.828125,11064.0,0.6165235042572021
6.828125,11064.0,0.6165762543678284
6.83203125,11064.0,0.6166290044784546
6.8359375,11064.0,0.6166817545890808
6.8359375,11064.0,0.616734504699707
6.83984375,11064.0,0.6167872548103333
6.83984375,11064.0,0.6168400049209595
6.84375,11072.0,0.6168927550315857
6.84375,11072.0,0.6169455051422119
6.84765625,11072.0,0.6169982552528381
6.84765625,11072.0,0.6170510053634644
6.8515625,11072.0,0.6171037554740906
6.8515625,11072.0,0.6171565055847168
6.85546875,11072.0,0.617209255695343
6.85546875,11072.0,0.6172620058059692
6.859375,11072.0,0.6173147559165955
6.86328125,11080.0,0.6173675060272217
6.86328125,11080.0,0.6174202561378479
6.8671875,11080.0,0.6174730062484741
6.8671875,11080.0,0.6175257563591003
6.87109375,11080.0,0.6175785064697266
6.87109375,11080.0,0.6176312565803528
6.875,11080.0,0.617684006690979
6.875,11080.0,0.6177367568016052
6.87890625,11088.0,0.6177895069122314
6.87890625,11088.0,0.6178422570228577
6.8828125,11088.0,0.6178950071334839
6.8828125,11088.0,0.6179477572441101
6.88671875,11088.0,0.6180005073547363
6.890625,11088.0,0.6180532574653625
6.890625,11088.0,0.6181060075759888
6.89453125,11088.0,0.618158757686615
6.89453125,11088.0,0.6182115077972412
6.8984375,11096.0,0.6182642579078674
6.8984375,11096.0,0.6183170080184937
6.90234375,11096.0,0.6183697581291199
6.90234375,11096.0,0.6184225082397461
6.90625,11096.0,0.6184752583503723
6.90625,11096.0,0.6185280084609985
6.90625,11096.0,0.6185807585716248
6.91015625,11096.0,0.618633508682251
6.91015625,11096.0,0.6186862587928772
6.9140625,11104.0,0.6187390089035034
6.9140625,11104.0,0.6187917590141296
6.91796875,11104.0,0.6188445091247559
6.91796875,11104.0,0.6188972592353821
6.921875,11104.0,0.6189500093460083
6.921875,11104.0,0.6190027594566345
6.921875,11104.0,0.6190555095672607
6.92578125,11104.0,0.619108259677887
6.92578125,11104.0,0.6191610097885132
6.9296875,11112.0,0.6192137598991394
6.9296875,11112.0,0.6192665100097656
6.9296875,11112.0,0.6193192601203918
6.93359375,11112.0,0.6193720102310181
6.93359375,11112.0,0.6194247603416443
6.93359375,11112.0,0.6194775104522705
6.9375,11112.0,0.6195302605628967
6.9375,11112.0,0.619583010673523
6.9375,11112.0,0.6196357607841492
6.94140625,11120.0,0.6196885108947754
6.94140625,11120.0,0.6197412610054016
6.94140625,11120.0,0.6197940111160278
6.9453125,11120.0,0.619846761226654
6.9453125,11120.0,0.6198995113372803
6.9453125,11120.0,0.6199522614479065
6.9453125,11120.0,0.6200050115585327
6.9453125,11120.0,0.6200577616691589
6.94921875,11120.0,0.6201105117797852
6.94921875,11128.0,0.6201632618904114
6.94921875,11128.0,0.6202160120010376
6.94921875,11128.0,0.6202687621116638
6.94921875,11128.0,0.62032151222229
6.953125,11128.0,0.6203742623329163
6.953125,11128.0,0.6204270124435425
6.953125,11128.0,0.6204797625541687
6.953125,11128.0,0.6205325126647949
6.953125,11128.0,0.6205852627754211
6.953125,11136.0,0.6206380128860474
6.953125,11136.0,0.6206907629966736
6.953125,11136.0,0.6207435131072998
6.953125,11136.0,0.620796263217926
6.953125,11136.0,0.6208490133285522
6.953125,11136.0,0.6209017634391785
6.953125,11136.0,0.6209545135498047
6.953125,11136.0,0.6210072636604309
6.953125,11136.0,0.6210600137710571
6.953125,11144.0,0.6211127638816833
6.953125,11144.0,0.6211655139923096
6.953125,11144.0,0.6212182641029358
6.953125,11144.0,0.621271014213562
6.953125,11144.0,0.6213237643241882
6.953125,11144.0,0.6213765144348145
6.953125,11144.0,0.6214292645454407
6.953125,11144.0,0.6214820146560669
6.953125,11144.0,0.6215347647666931
6.94921875,11152.0,0.6215875148773193
6.94921875,11152.0,0.6216402649879456
6.94921875,11152.0,0.6216930150985718
6.94921875,11152.0,0.621745765209198
6.94921875,11152.0,0.6217985153198242
6.94921875,11152.0,0.6218512654304504
6.9453125,11152.0,0.6219040155410767
6.9453125,11152.0,0.6219567656517029
6.9453125,11152.0,0.6220095157623291
6.9453125,11160.0,0.6220622658729553
6.94140625,11160.0,0.6221150159835815
6.94140625,11160.0,0.6221677660942078
6.94140625,11160.0,0.622220516204834
6.9375,11160.0,0.6222732663154602
6.9375,11160.0,0.6223260164260864
6.9375,11160.0,0.6223787665367126
6.9375,11160.0,0.6224315166473389
6.93359375,11160.0,0.6224842667579651
6.93359375,11168.0,0.6225370168685913
6.93359375,11168.0,0.6225897669792175
6.9296875,11168.0,0.6226425170898438
6.9296875,11168.0,0.62269526720047
6.92578125,11168.0,0.6227480173110962
6.92578125,11168.0,0.6228007674217224
6.92578125,11168.0,0.6228535175323486
6.921875,11168.0,0.6229062676429749
6.921875,11168.0,0.6229590177536011
6.91796875,11176.0,0.6230117678642273
6.91796875,11176.0,0.6230645179748535
6.91796875,11176.0,0.6231172680854797
6.9140625,11176.0,0.623170018196106
6.9140625,11176.0,0.6232227683067322
6.91015625,11176.0,0.6232755184173584
6.91015625,11176.0,0.6233282685279846
6.91015625,11176.0,0.6233810186386108
6.90625,11176.0,0.6234337687492371
6.90625,11184.0,0.6234865188598633
6.90234375,11184.0,0.6235392689704895
6.90234375,11184.0,0.6235920190811157
6.8984375,11184.0,0.6236447691917419
6.8984375,11184.0,0.6236975193023682
6.89453125,11184.0,0.6237502694129944
6.89453125,11184.0,0.6238030195236206
6.89453125,11184.0,0.6238557696342468
6.890625,11184.0,0.623908519744873
6.890625,11192.0,0.6239612698554993
6.88671875,11192.0,0.6240140199661255
6.88671875,11192.0,0.6240667700767517
6.8828125,11192.0,0.6241195201873779
6.8828125,11192.0,0.6241722702980042
6.87890625,11192.0,0.6242250204086304
6.87890625,11192.0,0.6242777705192566
6.875,11192.0,0.6243305206298828
6.875,11192.0,0.624383270740509
6.87109375,11200.0,0.6244360208511353
6.87109375,11200.0,0.6244887709617615
6.87109375,11200.0,0.6245415210723877
6.8671875,11200.0,0.6245942711830139
6.8671875,11200.0,0.6246470212936401
6.86328125,11200.0,0.6246997714042664
6.86328125,11200.0,0.6247525215148926
6.859375,11200.0,0.6248052716255188
6.859375,11200.0,0.624858021736145
6.85546875,11208.0,0.6249107718467712
6.85546875,11208.0,0.6249635219573975
6.8515625,11208.0,0.6250162720680237
6.8515625,11208.0,0.6250690221786499
6.84765625,11208.0,0.6251217722892761
6.84765625,11208.0,0.6251745223999023
6.84765625,11208.0,0.6252272725105286
6.84375,11208.0,0.6252800226211548
6.84375,11208.0,0.625332772731781
6.83984375,11216.0,0.6253855228424072
6.83984375,11216.0,0.6254382729530334
6.8359375,11216.0,0.6254910230636597
6.8359375,11216.0,0.6255437731742859
6.83203125,11216.0,0.6255965232849121
6.83203125,11216.0,0.6256492733955383
6.83203125,11216.0,0.6257020235061646
6.828125,11216.0,0.6257547736167908
6.828125,11216.0,0.625807523727417
6.82421875,11224.0,0.6258602738380432
6.82421875,11224.0,0.6259130239486694
6.82421875,11224.0,0.6259657740592957
6.8203125,11224.0,0.6260185241699219
6.8203125,11224.0,0.6260712742805481
6.8203125,11224.0,0.6261240243911743
6.81640625,11224.0,0.6261767745018005
6.81640625,11224.0,0.6262295246124268
6.81640625,11224.0,0.626282274723053
6.8125,11232.0,0.6263350248336792
6.8125,11232.0,0.6263877749443054
6.8125,11232.0,0.6264405250549316
6.8125,11232.0,0.6264932751655579
6.80859375,11232.0,0.6265460252761841
6.80859375,11232.0,0.6265987753868103
6.80859375,11232.0,0.6266515254974365
6.80859375,11232.0,0.6267042756080627
6.8046875,11232.0,0.626757025718689
6.8046875,11240.0,0.6268097758293152
6.8046875,11240.0,0.6268625259399414
6.8046875,11240.0,0.6269152760505676
6.8046875,11240.0,0.6269680261611938
6.8046875,11240.0,0.6270207762718201
6.80078125,11240.0,0.6270735263824463
6.80078125,11240.0,0.6271262764930725
6.80078125,11240.0,0.6271790266036987
6.80078125,11240.0,0.627231776714325
6.80078125,11248.0,0.6272845268249512
6.80078125,11248.0,0.6273372769355774
6.80078125,11248.0,0.6273900270462036
6.80078125,11248.0,0.6274427771568298
6.80078125,11248.0,0.627495527267456
6.80078125,11248.0,0.6275482773780823
6.80078125,11248.0,0.6276010274887085
6.80078125,11248.0,0.6276537775993347
6.80078125,11248.0,0.6277065277099609
6.80078125,11256.0,0.6277592778205872
6.80078125,11256.0,0.6278120279312134
6.80078125,11256.0,0.6278647780418396
6.80078125,11256.0,0.6279175281524658
6.80078125,11256.0,0.627970278263092
6.80078125,11256.0,0.6280230283737183
6.80078125,11256.0,0.6280757784843445
6.80078125,11256.0,0.6281285285949707
6.80078125,11256.0,0.6281812787055969
6.8046875,11264.0,0.6282340288162231
6.8046875,11264.0,0.6282867789268494
6.8046875,11264.0,0.6283395290374756
6.8046875,11264.0,0.6283922791481018
6.8046875,11264.0,0.628445029258728
6.8046875,11264.0,0.6284977793693542
6.80859375,11264.0,0.6285505294799805
6.80859375,11264.0,0.6286032795906067
6.80859375,11264.0,0.6286560297012329
6.80859375,11272.0,0.6287087798118591
6.8125,11272.0,0.6287615299224854
6.8125,11272.0,0.6288142800331116
6.8125,11272.0,0.6288670301437378
6.8125,11272.0,0.628919780254364
6.81640625,11272.0,0.6289725303649902
6.81640625,11272.0,0.6290252804756165
6.81640625,11272.0,0.6290780305862427
6.8203125,11272.0,0.6291307806968689
6.8203125,11280.0,0.6291835308074951
6.8203125,11280.0,0.6292362809181213
6.82421875,11280.0,0.6292890310287476
6.82421875,11280.0,0.6293417811393738
6.82421875,11280.0,0.62939453125
6.828125,11280.0,0.6294472813606262
6.828125,11280.0,0.6295000314712524
6.828125,11280.0,0.6295527815818787
6.83203125,11280.0,0.6296055316925049
6.83203125,11288.0,0.6296582818031311
6.8359375,11288.0,0.6297110319137573
6.8359375,11288.0,0.6297637820243835
6.8359375,11288.0,0.6298165321350098
6.83984375,11288.0,0.629869282245636
6.83984375,11288.0,0.6299220323562622
6.84375,11288.0,0.6299747824668884
6.84375,11288.0,0.6300275325775146
6.84765625,11288.0,0.6300802826881409
6.84765625,11296.0,0.6301330327987671
6.8515625,11296.0,0.6301857829093933
6.8515625,11296.0,0.6302385330200195
6.85546875,11296.0,0.6302912831306458
6.85546875,11296.0,0.630344033241272
6.859375,11296.0,0.6303967833518982
6.859375,11296.0,0.6304495334625244
6.86328125,11296.0,0.6305022835731506
6.86328125,11296.0,0.6305550336837769
6.8671875,11304.0,0.6306077837944031
6.8671875,11304.0,0.6306605339050293
6.87109375,11304.0,0.6307132840156555
6.87109375,11304.0,0.6307660341262817
6.875,11304.0,0.630818784236908
6.875,11304.0,0.6308715343475342
6.87890625,11304.0,0.6309242844581604
6.87890625,11304.0,0.6309770345687866
6.8828125,11304.0,0.6310297846794128
6.8828125,11312.0,0.6310825347900391
6.88671875,11312.0,0.6311352849006653
6.88671875,11312.0,0.6311880350112915
6.890625,11312.0,0.6312407851219177
6.890625,11312.0,0.631293535232544
6.89453125,11312.0,0.6313462853431702
6.89453125,11312.0,0.6313990354537964
6.8984375,11312.0,0.6314517855644226
6.90234375,11312.0,0.6315045356750488
6.90234375,11320.0,0.631557285785675
6.90625,11320.0,0.6316100358963013
6.90625,11320.0,0.6316627860069275
6.91015625,11320.0,0.6317155361175537
6.91015625,11320.0,0.6317682862281799
6.9140625,11320.0,0.6318210363388062
6.9140625,11320.0,0.6318737864494324
6.91796875,11320.0,0.6319265365600586
6.91796875,11320.0,0.6319792866706848
6.921875,11328.0,0.632032036781311
6.921875,11328.0,0.6320847868919373
6.92578125,11328.0,0.6321375370025635
6.92578125,11328.0,0.6321902871131897
6.9296875,11328.0,0.6322430372238159
6.9296875,11328.0,0.6322957873344421
6.93359375,11328.0,0.6323485374450684
6.93359375,11328.0,0.6324012875556946
6.9375,11328.0,0.6324540376663208
6.9375,11336.0,0.632506787776947
6.94140625,11336.0,0.6325595378875732
6.94140625,11336.0,0.6326122879981995
6.9453125,11336.0,0.6326650381088257
6.9453125,11336.0,0.6327177882194519
6.94921875,11336.0,0.6327705383300781
6.94921875,11336.0,0.6328232884407043
6.953125,11336.0,0.6328760385513306
6.953125,11336.0,0.6329287886619568
6.95703125,11336.0,0.632981538772583
6.95703125,11344.0,0.6330342888832092
6.95703125,11344.0,0.6330870389938354
6.9609375,11344.0,0.6331397891044617
6.9609375,11344.0,0.6331925392150879
6.96484375,11344.0,0.6332452893257141
6.96484375,11344.0,0.6332980394363403
6.96484375,11344.0,0.6333507895469666
6.96875,11344.0,0.6334035396575928
6.96875,11344.0,0.633456289768219
6.96875,11352.0,0.6335090398788452
6.97265625,11352.0,0.6335617899894714
6.97265625,11352.0,0.6336145401000977
6.97265625,11352.0,0.6336672902107239
6.97265625,11352.0,0.6337200403213501
6.9765625,11352.0,0.6337727904319763
6.9765625,11352.0,0.6338255405426025
6.9765625,11352.0,0.6338782906532288
6.9765625,11352.0,0.633931040763855
6.98046875,11360.0,0.6339837908744812
6.98046875,11360.0,0.6340365409851074
6.98046875,11360.0,0.6340892910957336
6.98046875,11360.0,0.6341420412063599
6.98046875,11360.0,0.6341947913169861
6.984375,11360.0,0.6342475414276123
6.984375,11360.0,0.6343002915382385
6.984375,11360.0,0.6343530416488647
6.984375,11360.0,0.634405791759491
6.984375,11368.0,0.6344585418701172
6.984375,11368.0,0.6345112919807434
6.984375,11368.0,0.6345640420913696
6.984375,11368.0,0.6346167922019958
6.984375,11368.0,0.6346695423126221
6.984375,11368.0,0.6347222924232483
6.984375,11368.0,0.6347750425338745
6.98828125,11368.0,0.6348277926445007
6.98828125,11368.0,0.634880542755127
6.98828125,11376.0,0.6349332928657532
6.98828125,11376.0,0.6349860429763794
6.98828125,11376.0,0.6350387930870056
6.984375,11376.0,0.6350915431976318
6.984375,11376.0,0.6351442933082581
6.984375,11376.0,0.6351970434188843
6.984375,11376.0,0.6352497935295105
6.984375,11376.0,0.6353025436401367
6.984375,11376.0,0.6353552937507629
6.984375,11384.0,0.6354080438613892
6.984375,11384.0,0.6354607939720154
6.984375,11384.0,0.6355135440826416
6.984375,11384.0,0.6355662941932678
6.984375,11384.0,0.635619044303894
6.98046875,11384.0,0.6356717944145203
6.98046875,11384.0,0.6357245445251465
6.98046875,11384.0,0.6357772946357727
6.98046875,11384.0,0.6358300447463989
6.98046875,11392.0,0.6358827948570251
6.98046875,11392.0,0.6359355449676514
6.9765625,11392.0,0.6359882950782776
6.9765625,11392.0,0.6360410451889038
6.9765625,11392.0,0.63609379529953
6.9765625,11392.0,0.6361465454101562
6.97265625,11392.0,0.6361992955207825
6.97265625,11392.0,0.6362520456314087
6.97265625,11392.0,0.6363047957420349
6.97265625,11392.0,0.6363575458526611
6.96875,11400.0,0.6364102959632874
6.96875,11400.0,0.6364630460739136
6.96875,11400.0,0.6365157961845398
6.96484375,11400.0,0.636568546295166
6.96484375,11400.0,0.6366212964057922
6.96484375,11400.0,0.6366740465164185
6.9609375,11400.0,0.6367267966270447
6.9609375,11400.0,0.6367795467376709
6.9609375,11400.0,0.6368322968482971
6.95703125,11408.0,0.6368850469589233
6.95703125,11408.0,0.6369377970695496
6.953125,11408.0,0.6369905471801758
6.953125,11408.0,0.637043297290802
6.953125,11408.0,0.6370960474014282
6.94921875,11408.0,0.6371487975120544
6.94921875,11408.0,0.6372015476226807
6.9453125,11408.0,0.6372542977333069
6.9453125,11408.0,0.6373070478439331
6.94140625,11416.0,0.6373597979545593
6.94140625,11416.0,0.6374125480651855
6.94140625,11416.0,0.6374652981758118
6.9375,11416.0,0.637518048286438
6.9375,11416.0,0.6375707983970642
6.93359375,11416.0,0.6376235485076904
6.93359375,11416.0,0.6376762986183167
6.9296875,11416.0,0.6377290487289429
6.9296875,11416.0,0.6377817988395691
6.92578125,11424.0,0.6378345489501953
6.92578125,11424.0,0.6378872990608215
6.921875,11424.0,0.6379400491714478
6.921875,11424.0,0.637992799282074
6.91796875,11424.0,0.6380455493927002
6.91796875,11424.0,0.6380982995033264
6.9140625,11424.0,0.6381510496139526
6.9140625,11424.0,0.6382037997245789
6.91015625,11424.0,0.6382565498352051
6.91015625,11432.0,0.6383092999458313
6.91015625,11432.0,0.6383620500564575
6.90625,11432.0,0.6384148001670837
6.90625,11432.0,0.63846755027771
6.90234375,11432.0,0.6385203003883362
6.90234375,11432.0,0.6385730504989624
6.8984375,11432.0,0.6386258006095886
6.8984375,11432.0,0.6386785507202148
6.89453125,11432.0,0.6387313008308411
6.89453125,11432.0,0.6387840509414673
6.890625,11440.0,0.6388368010520935
6.890625,11440.0,0.6388895511627197
6.88671875,11440.0,0.638942301273346
6.88671875,11440.0,0.6389950513839722
6.8828125,11440.0,0.6390478014945984
6.8828125,11440.0,0.6391005516052246
6.8828125,11440.0,0.6391533017158508
6.87890625,11440.0,0.639206051826477
6.87890625,11440.0,0.6392588019371033
6.875,11448.0,0.6393115520477295
6.875,11448.0,0.6393643021583557
6.87109375,11448.0,0.6394170522689819
6.87109375,11448.0,0.6394698023796082
6.87109375,11448.0,0.6395225524902344
6.8671875,11448.0,0.6395753026008606
6.8671875,11448.0,0.6396280527114868
6.86328125,11448.0,0.639680802822113
6.86328125,11448.0,0.6397335529327393
6.86328125,11456.0,0.6397863030433655
6.859375,11456.0,0.6398390531539917
6.859375,11456.0,0.6398918032646179
6.859375,11456.0,0.6399445533752441
6.85546875,11456.0,0.6399973034858704
6.85546875,11456.0,0.6400500535964966
6.85546875,11456.0,0.6401028037071228
6.8515625,11456.0,0.640155553817749
6.8515625,11456.0,0.6402083039283752
6.8515625,11464.0,0.6402610540390015
6.84765625,11464.0,0.6403138041496277
6.84765625,11464.0,0.6403665542602539
6.84765625,11464.0,0.6404193043708801
6.84765625,11464.0,0.6404720544815063
6.84375,11464.0,0.6405248045921326
6.84375,11464.0,0.6405775547027588
6.84375,11464.0,0.640630304813385
6.84375,11464.0,0.6406830549240112
6.83984375,11464.0,0.6407358050346375
6.83984375,11472.0,0.6407885551452637
6.83984375,11472.0,0.6408413052558899
6.83984375,11472.0,0.6408940553665161
6.83984375,11472.0,0.6409468054771423
6.83984375,11472.0,0.6409995555877686
6.8359375,11472.0,0.6410523056983948
6.8359375,11472.0,0.641105055809021
6.8359375,11472.0,0.6411578059196472
6.8359375,11472.0,0.6412105560302734
6.8359375,11480.0,0.6412633061408997
6.8359375,11480.0,0.6413160562515259
6.8359375,11480.0,0.6413688063621521
6.8359375,11480.0,0.6414215564727783
6.8359375,11480.0,0.6414743065834045
6.8359375,11480.0,0.6415270566940308
6.8359375,11480.0,0.641579806804657
6.83203125,11480.0,0.6416325569152832
6.83203125,11480.0,0.6416853070259094
6.83203125,11488.0,0.6417380571365356
6.83203125,11488.0,0.6417908072471619
6.83203125,11488.0,0.6418435573577881
6.8359375,11488.0,0.6418963074684143
6.8359375,11488.0,0.6419490575790405
6.8359375,11488.0,0.6420018076896667
6.8359375,11488.0,0.642054557800293
6.8359375,11488.0,0.6421073079109192
6.8359375,11488.0,0.6421600580215454
6.8359375,11496.0,0.6422128081321716
6.8359375,11496.0,0.6422655582427979
6.8359375,11496.0,0.6423183083534241
6.8359375,11496.0,0.6423710584640503
6.8359375,11496.0,0.6424238085746765
6.83984375,11496.0,0.6424765586853027
6.83984375,11496.0,0.642529308795929
6.83984375,11496.0,0.6425820589065552
6.83984375,11496.0,0.6426348090171814
6.83984375,11496.0,0.6426875591278076
6.84375,11504.0,0.6427403092384338
6.84375,11504.0,0.6427930593490601
6.84375,11504.0,0.6428458094596863
6.84375,11504.0,0.6428985595703125
6.84375,11504.0,0.6429513096809387
6.84765625,11504.0,0.6430040597915649
6.84765625,11504.0,0.6430568099021912
6.84765625,11504.0,0.6431095600128174
6.8515625,11504.0,0.6431623101234436
6.8515625,11512.0,0.6432150602340698
6.8515625,11512.0,0.643267810344696
6.85546875,11512.0,0.6433205604553223
6.85546875,11512.0,0.6433733105659485
6.85546875,11512.0,0.6434260606765747
6.859375,11512.0,0.6434788107872009
6.859375,11512.0,0.6435315608978271
6.859375,11512.0,0.6435843110084534
6.86328125,11512.0,0.6436370611190796
6.86328125,11520.0,0.6436898112297058
6.8671875,11520.0,0.643742561340332
6.8671875,11520.0,0.6437953114509583
6.8671875,11520.0,0.6438480615615845
6.87109375,11520.0,0.6439008116722107
6.87109375,11520.0,0.6439535617828369
6.875,11520.0,0.6440063118934631
6.875,11520.0,0.6440590620040894
6.87890625,11520.0,0.6441118121147156
6.87890625,11528.0,0.6441645622253418
6.8828125,11528.0,0.644217312335968
6.8828125,11528.0,0.6442700624465942
6.88671875,11528.0,0.6443228125572205
6.88671875,11528.0,0.6443755626678467
6.890625,11528.0,0.6444283127784729
6.890625,11528.0,0.6444810628890991
6.89453125,11528.0,0.6445338129997253
6.89453125,11528.0,0.6445865631103516
6.8984375,11528.0,0.6446393132209778
6.8984375,11536.0,0.644692063331604
6.90234375,11536.0,0.6447448134422302
6.90234375,11536.0,0.6447975635528564
6.90625,11536.0,0.6448503136634827
6.90625,11536.0,0.6449030637741089
6.91015625,11536.0,0.6449558138847351
6.91015625,11536.0,0.6450085639953613
6.9140625,11536.0,0.6450613141059875
6.9140625,11536.0,0.6451140642166138
6.91796875,11544.0,0.64516681432724
6.91796875,11544.0,0.6452195644378662
6.921875,11544.0,0.6452723145484924
6.92578125,11544.0,0.6453250646591187
6.92578125,11544.0,0.6453778147697449
6.9296875,11544.0,0.6454305648803711
6.9296875,11544.0,0.6454833149909973
6.93359375,11544.0,0.6455360651016235
6.93359375,11544.0,0.6455888152122498
6.9375,11552.0,0.645641565322876
6.9375,11552.0,0.6456943154335022
6.94140625,11552.0,0.6457470655441284
6.94140625,11552.0,0.6457998156547546
6.9453125,11552.0,0.6458525657653809
6.9453125,11552.0,0.6459053158760071
6.94921875,11552.0,0.6459580659866333
6.94921875,11552.0,0.6460108160972595
6.953125,11552.0,0.6460635662078857
6.953125,11552.0,0.646116316318512
6.95703125,11560.0,0.6461690664291382
6.95703125,11560.0,0.6462218165397644
6.9609375,11560.0,0.6462745666503906
6.9609375,11560.0,0.6463273167610168
6.96484375,11560.0,0.6463800668716431
6.96484375,11560.0,0.6464328169822693
6.96875,11560.0,0.6464855670928955
6.96875,11560.0,0.6465383172035217
6.97265625,11560.0,0.646591067314148
6.97265625,11568.0,0.6466438174247742
6.97265625,11568.0,0.6466965675354004
6.9765625,11568.0,0.6467493176460266
6.9765625,11568.0,0.6468020677566528
6.98046875,11568.0,0.646854817867279
6.98046875,11568.0,0.6469075679779053
6.984375,11568.0,0.6469603180885315
6.984375,11568.0,0.6470130681991577
6.984375,11568.0,0.6470658183097839
6.98828125,11576.0,0.6471185684204102
6.98828125,11576.0,0.6471713185310364
6.9921875,11576.0,0.6472240686416626
6.9921875,11576.0,0.6472768187522888
6.9921875,11576.0,0.647329568862915
6.99609375,11576.0,0.6473823189735413
6.99609375,11576.0,0.6474350690841675
6.99609375,11576.0,0.6474878191947937
7.0,11576.0,0.6475405693054199
7.0,11576.0,0.6475933194160461
7.0,11584.0,0.6476460695266724
7.00390625,11584.0,0.6476988196372986
7.00390625,11584.0,0.6477515697479248
7.00390625,11584.0,0.647804319858551
7.00390625,11584.0,0.6478570699691772
7.0078125,11584.0,0.6479098200798035
7.0078125,11584.0,0.6479625701904297
7.0078125,11584.0,0.6480153203010559
7.0078125,11584.0,0.6480680704116821
7.01171875,11592.0,0.6481208205223083
7.01171875,11592.0,0.6481735706329346
7.01171875,11592.0,0.6482263207435608
7.01171875,11592.0,0.648279070854187
7.01171875,11592.0,0.6483318209648132
7.01171875,11592.0,0.6483845710754395
7.01171875,11592.0,0.6484373211860657
7.015625,11592.0,0.6484900712966919
7.015625,11592.0,0.6485428214073181
7.015625,11592.0,0.6485955715179443
7.015625,11600.0,0.6486483216285706
7.015625,11600.0,0.6487010717391968
7.015625,11600.0,0.648753821849823
7.015625,11600.0,0.6488065719604492
7.015625,11600.0,0.6488593220710754
7.015625,11600.0,0.6489120721817017
7.015625,11600.0,0.6489648222923279
7.015625,11600.0,0.6490175724029541
7.015625,11600.0,0.6490703225135803
7.015625,11608.0,0.6491230726242065
7.015625,11608.0,0.6491758227348328
7.015625,11608.0,0.649228572845459
7.015625,11608.0,0.6492813229560852
7.015625,11608.0,0.6493340730667114
7.015625,11608.0,0.6493868231773376
7.015625,11608.0,0.6494395732879639
7.015625,11608.0,0.6494923233985901
7.01171875,11608.0,0.6495450735092163
7.01171875,11616.0,0.6495978236198425
7.01171875,11616.0,0.6496505737304688
7.01171875,11616.0,0.649703323841095
7.01171875,11616.0,0.6497560739517212
7.01171875,11616.0,0.6498088240623474
7.01171875,11616.0,0.6498615741729736
7.0078125,11616.0,0.6499143242835999
7.0078125,11616.0,0.6499670743942261
7.0078125,11616.0,0.6500198245048523
7.0078125,11616.0,0.6500725746154785
7.00390625,11624.0,0.6501253247261047
7.00390625,11624.0,0.650178074836731
7.00390625,11624.0,0.6502308249473572
7.00390625,11624.0,0.6502835750579834
7.0,11624.0,0.6503363251686096
7.0,11624.0,0.6503890752792358
7.0,11624.0,0.6504418253898621
7.0,11624.0,0.6504945755004883
6.99609375,11624.0,0.6505473256111145
6.99609375,11632.0,0.6506000757217407
6.99609375,11632.0,0.6506528258323669
6.9921875,11632.0,0.6507055759429932
6.9921875,11632.0,0.6507583260536194
6.9921875,11632.0,0.6508110761642456
6.98828125,11632.0,0.6508638262748718
6.98828125,11632.0,0.650916576385498
6.98828125,11632.0,0.6509693264961243
6.984375,11632.0,0.6510220766067505
6.984375,11632.0,0.6510748267173767
6.98046875,11640.0,0.6511275768280029
6.98046875,11640.0,0.6511803269386292
6.98046875,11640.0,0.6512330770492554
6.9765625,11640.0,0.6512858271598816
6.9765625,11640.0,0.6513385772705078
6.97265625,11640.0,0.651391327381134
6.97265625,11640.0,0.6514440774917603
6.96875,11640.0,0.6514968276023865
6.96875,11640.0,0.6515495777130127
6.96875,11648.0,0.6516023278236389
6.96484375,11648.0,0.6516550779342651
6.96484375,11648.0,0.6517078280448914
6.9609375,11648.0,0.6517605781555176
6.9609375,11648.0,0.6518133282661438
6.95703125,11648.0,0.65186607837677
6.95703125,11648.0,0.6519188284873962
6.953125,11648.0,0.6519715785980225
6.953125,11648.0,0.6520243287086487
6.94921875,11648.0,0.6520770788192749
6.94921875,11656.0,0.6521298289299011
6.9453125,11656.0,0.6521825790405273
6.9453125,11656.0,0.6522353291511536
6.94140625,11656.0,0.6522880792617798
6.94140625,11656.0,0.652340829372406
6.94140625,11656.0,0.6523935794830322
6.9375,11656.0,0.6524463295936584
6.9375,11656.0,0.6524990797042847
6.93359375,11656.0,0.6525518298149109
6.93359375,11664.0,0.6526045799255371
6.9296875,11664.0,0.6526573300361633
6.9296875,11664.0,0.6527100801467896
6.92578125,11664.0,0.6527628302574158
6.92578125,11664.0,0.652815580368042
6.921875,11664.0,0.6528683304786682
6.921875,11664.0,0.6529210805892944
6.91796875,11664.0,0.6529738306999207
6.91796875,11664.0,0.6530265808105469
6.9140625,11672.0,0.6530793309211731
6.9140625,11672.0,0.6531320810317993
6.9140625,11672.0,0.6531848311424255
6.91015625,11672.0,0.6532375812530518
6.91015625,11672.0,0.653290331363678
6.90625,11672.0,0.6533430814743042
6.90625,11672.0,0.6533958315849304
6.90234375,11672.0,0.6534485816955566
6.90234375,11672.0,0.6535013318061829
6.90234375,11672.0,0.6535540819168091
6.8984375,11680.0,0.6536068320274353
6.8984375,11680.0,0.6536595821380615
6.89453125,11680.0,0.6537123322486877
6.89453125,11680.0,0.653765082359314
6.89453125,11680.0,0.6538178324699402
6.890625,11680.0,0.6538705825805664
6.890625,11680.0,0.6539233326911926
6.88671875,11680.0,0.6539760828018188
6.88671875,11680.0,0.6540288329124451
6.88671875,11688.0,0.6540815830230713
6.8828125,11688.0,0.6541343331336975
6.8828125,11688.0,0.6541870832443237
6.8828125,11688.0,0.65423983335495
6.87890625,11688.0,0.6542925834655762
6.87890625,11688.0,0.6543453335762024
6.87890625,11688.0,0.6543980836868286
6.87890625,11688.0,0.6544508337974548
6.875,11688.0,0.654503583908081
6.875,11688.0,0.6545563340187073
6.875,11696.0,0.6546090841293335
6.875,11696.0,0.6546618342399597
6.87109375,11696.0,0.6547145843505859
6.87109375,11696.0,0.6547673344612122
6.87109375,11696.0,0.6548200845718384
6.87109375,11696.0,0.6548728346824646
6.8671875,11696.0,0.6549255847930908
6.8671875,11696.0,0.654978334903717
6.8671875,11696.0,0.6550310850143433
6.8671875,11704.0,0.6550838351249695
6.8671875,11704.0,0.6551365852355957
6.8671875,11704.0,0.6551893353462219
6.8671875,11704.0,0.6552420854568481
6.86328125,11704.0,0.6552948355674744
6.86328125,11704.0,0.6553475856781006
6.86328125,11704.0,0.6554003357887268
6.86328125,11704.0,0.655453085899353
6.86328125,11704.0,0.6555058360099792
6.86328125,11704.0,0.6555585861206055
6.86328125,11712.0,0.6556113362312317
6.86328125,11712.0,0.6556640863418579
6.86328125,11712.0,0.6557168364524841
6.86328125,11712.0,0.6557695865631104
6.86328125,11712.0,0.6558223366737366
6.86328125,11712.0,0.6558750867843628
6.86328125,11712.0,0.655927836894989
6.86328125,11712.0,0.6559805870056152
6.86328125,11712.0,0.6560333371162415
6.86328125,11720.0,0.6560860872268677
6.86328125,11720.0,0.6561388373374939
6.86328125,11720.0,0.6561915874481201
6.86328125,11720.0,0.6562443375587463
6.8671875,11720.0,0.6562970876693726
6.8671875,11720.0,0.6563498377799988
6.8671875,11720.0,0.656402587890625
6.8671875,11720.0,0.6564553380012512
6.8671875,11720.0,0.6565080881118774
6.8671875,11720.0,0.6565608382225037
6.8671875,11728.0,0.6566135883331299
6.87109375,11728.0,0.6566663384437561
6.87109375,11728.0,0.6567190885543823
6.87109375,11728.0,0.6567718386650085
6.87109375,11728.0,0.6568245887756348
6.87109375,11728.0,0.656877338886261
6.875,11728.0,0.6569300889968872
6.875,11728.0,0.6569828391075134
6.875,11728.0,0.6570355892181396
6.875,11728.0,0.6570883393287659
6.87890625,11736.0,0.6571410894393921
6.87890625,11736.0,0.6571938395500183
6.87890625,11736.0,0.6572465896606445
6.8828125,11736.0,0.6572993397712708
6.8828125,11736.0,0.657352089881897
6.8828125,11736.0,0.6574048399925232
6.88671875,11736.0,0.6574575901031494
6.88671875,11736.0,0.6575103402137756
6.88671875,11736.0,0.6575630903244019
6.890625,11744.0,0.6576158404350281
6.890625,11744.0,0.6576685905456543
6.890625,11744.0,0.6577213406562805
6.89453125,11744.0,0.6577740907669067
6.89453125,11744.0,0.657826840877533
6.89453125,11744.0,0.6578795909881592
6.8984375,11744.0,0.6579323410987854
6.8984375,11744.0,0.6579850912094116
6.90234375,11744.0,0.6580378413200378
6.90234375,11744.0,0.6580905914306641
6.90625,11752.0,0.6581433415412903
6.90625,11752.0,0.6581960916519165
6.90625,11752.0,0.6582488417625427
6.91015625,11752.0,0.658301591873169
6.91015625,11752.0,0.6583543419837952
6.9140625,11752.0,0.6584070920944214
6.9140625,11752.0,0.6584598422050476
6.91796875,11752.0,0.6585125923156738
6.91796875,11752.0,0.6585653424263
6.921875,11760.0,0.6586180925369263
6.921875,11760.0,0.6586708426475525
6.92578125,11760.0,0.6587235927581787
6.92578125,11760.0,0.6587763428688049
6.9296875,11760.0,0.6588290929794312
6.9296875,11760.0,0.6588818430900574
6.93359375,11760.0,0.6589345932006836
6.93359375,11760.0,0.6589873433113098
6.9375,11760.0,0.659040093421936
6.9375,11760.0,0.6590928435325623
6.94140625,11768.0,0.6591455936431885
6.94140625,11768.0,0.6591983437538147
6.9453125,11768.0,0.6592510938644409
6.9453125,11768.0,0.6593038439750671
6.94921875,11768.0,0.6593565940856934
6.94921875,11768.0,0.6594093441963196
6.953125,11768.0,0.6594620943069458
6.95703125,11768.0,0.659514844417572
6.95703125,11768.0,0.6595675945281982
6.9609375,11776.0,0.6596203446388245
6.9609375,11776.0,0.6596730947494507
6.96484375,11776.0,0.6597258448600769
6.96484375,11776.0,0.6597785949707031
6.96875,11776.0,0.6598313450813293
6.96875,11776.0,0.6598840951919556
6.97265625,11776.0,0.6599368453025818
6.97265625,11776.0,0.659989595413208
6.9765625,11776.0,0.6600423455238342
6.9765625,11776.0,0.6600950956344604
6.98046875,11784.0,0.6601478457450867
6.98046875,11784.0,0.6602005958557129
6.984375,11784.0,0.6602533459663391
6.984375,11784.0,0.6603060960769653
6.98828125,11784.0,0.6603588461875916
6.98828125,11784.0,0.6604115962982178
6.9921875,11784.0,0.660464346408844
6.9921875,11784.0,0.6605170965194702
6.99609375,11784.0,0.6605698466300964
6.99609375,11784.0,0.6606225967407227
7.0,11792.0,0.6606753468513489
7.0,11792.0,0.6607280969619751
7.0,11792.0,0.6607808470726013
7.00390625,11792.0,0.6608335971832275
7.00390625,11792.0,0.6608863472938538
7.0078125,11792.0,0.66093909740448
7.0078125,11792.0,0.6609918475151062
7.01171875,11792.0,0.6610445976257324
7.01171875,11792.0,0.6610973477363586
7.01171875,11800.0,0.6611500978469849
7.015625,11800.0,0.6612028479576111
7.015625,11800.0,0.6612555980682373
7.015625,11800.0,0.6613083481788635
7.01953125,11800.0,0.6613610982894897
7.01953125,11800.0,0.661413848400116
7.0234375,11800.0,0.6614665985107422
7.0234375,11800.0,0.6615193486213684
7.0234375,11800.0,0.6615720987319946
7.02734375,11800.0,0.6616248488426208
7.02734375,11808.0,0.6616775989532471
7.02734375,11808.0,0.6617303490638733
7.02734375,11808.0,0.6617830991744995
7.03125,11808.0,0.6618358492851257
7.03125,11808.0,0.661888599395752
7.03125,11808.0,0.6619413495063782
7.03125,11808.0,0.6619940996170044
7.03515625,11808.0,0.6620468497276306
7.03515625,11808.0,0.6620995998382568
7.03515625,11816.0,0.6621523499488831
7.03515625,11816.0,0.6622051000595093
7.03515625,11816.0,0.6622578501701355
7.0390625,11816.0,0.6623106002807617
7.0390625,11816.0,0.6623633503913879
7.0390625,11816.0,0.6624161005020142
7.0390625,11816.0,0.6624688506126404
7.0390625,11816.0,0.6625216007232666
7.0390625,11816.0,0.6625743508338928
7.0390625,11816.0,0.662627100944519
7.04296875,11824.0,0.6626798510551453
7.04296875,11824.0,0.6627326011657715
7.04296875,11824.0,0.6627853512763977
7.04296875,11824.0,0.6628381013870239
7.04296875,11824.0,0.6628908514976501
7.04296875,11824.0,0.6629436016082764
7.04296875,11824.0,0.6629963517189026
7.04296875,11824.0,0.6630491018295288
7.04296875,11824.0,0.663101851940155
7.04296875,11824.0,0.6631546020507812
7.04296875,11832.0,0.6632073521614075
7.04296875,11832.0,0.6632601022720337
7.04296875,11832.0,0.6633128523826599
7.04296875,11832.0,0.6633656024932861
7.04296875,11832.0,0.6634183526039124
7.04296875,11832.0,0.6634711027145386
7.0390625,11832.0,0.6635238528251648
7.0390625,11832.0,0.663576602935791
7.0390625,11832.0,0.6636293530464172
7.0390625,11840.0,0.6636821031570435
7.0390625,11840.0,0.6637348532676697
7.0390625,11840.0,0.6637876033782959
7.0390625,11840.0,0.6638403534889221
7.03515625,11840.0,0.6638931035995483
7.03515625,11840.0,0.6639458537101746
7.03515625,11840.0,0.6639986038208008
7.03515625,11840.0,0.664051353931427
7.03515625,11840.0,0.6641041040420532
7.03125,11840.0,0.6641568541526794
7.03125,11848.0,0.6642096042633057
7.03125,11848.0,0.6642623543739319
7.03125,11848.0,0.6643151044845581
7.03125,11848.0,0.6643678545951843
7.02734375,11848.0,0.6644206047058105
7.02734375,11848.0,0.6644733548164368
7.02734375,11848.0,0.664526104927063
7.0234375,11848.0,0.6645788550376892
7.0234375,11848.0,0.6646316051483154
7.0234375,11848.0,0.6646843552589417
7.01953125,11856.0,0.6647371053695679
7.01953125,11856.0,0.6647898554801941
7.01953125,11856.0,0.6648426055908203
7.015625,11856.0,0.6648953557014465
7.015625,11856.0,0.6649481058120728
7.015625,11856.0,0.665000855922699
7.01171875,11856.0,0.6650536060333252
7.01171875,11856.0,0.6651063561439514
7.01171875,11856.0,0.6651591062545776
7.0078125,11856.0,0.6652118563652039
7.0078125,11864.0,0.6652646064758301
7.00390625,11864.0,0.6653173565864563
7.00390625,11864.0,0.6653701066970825
7.00390625,11864.0,0.6654228568077087
7.0,11864.0,0.665475606918335
7.0,11864.0,0.6655283570289612
6.99609375,11864.0,0.6655811071395874
6.99609375,11864.0,0.6656338572502136
6.9921875,11864.0,0.6656866073608398
6.9921875,11872.0,0.6657393574714661
6.9921875,11872.0,0.6657921075820923
6.98828125,11872.0,0.6658448576927185
6.98828125,11872.0,0.6658976078033447
6.984375,11872.0,0.665950357913971
6.984375,11872.0,0.6660031080245972
6.98046875,11872.0,0.6660558581352234
6.98046875,11872.0,0.6661086082458496
6.9765625,11872.0,0.6661613583564758
6.9765625,11872.0,0.666214108467102
6.97265625,11880.0,0.6662668585777283
6.97265625,11880.0,0.6663196086883545
6.96875,11880.0,0.6663723587989807
6.96875,11880.0,0.6664251089096069
6.96875,11880.0,0.6664778590202332
6.96484375,11880.0,0.6665306091308594
6.96484375,11880.0,0.6665833592414856
6.9609375,11880.0,0.6666361093521118
6.9609375,11880.0,0.666688859462738
6.95703125,11880.0,0.6667416095733643
6.95703125,11888.0,0.6667943596839905
6.953125,11888.0,0.6668471097946167
6.953125,11888.0,0.6668998599052429
6.94921875,11888.0,0.6669526100158691
6.94921875,11888.0,0.6670053601264954
6.9453125,11888.0,0.6670581102371216
6.9453125,11888.0,0.6671108603477478
6.9453125,11888.0,0.667163610458374
6.94140625,11888.0,0.6672163605690002
6.94140625,11896.0,0.6672691106796265
6.9375,11896.0,0.6673218607902527
6.9375,11896.0,0.6673746109008789
6.93359375,11896.0,0.6674273610115051
6.93359375,11896.0,0.6674801111221313
6.9296875,11896.0,0.6675328612327576
6.9296875,11896.0,0.6675856113433838
6.9296875,11896.0,0.66763836145401
6.92578125,11896.0,0.6676911115646362
6.92578125,11896.0,0.6677438616752625
6.921875,11904.0,0.6677966117858887
6.921875,11904.0,0.6678493618965149
6.921875,11904.0,0.6679021120071411
6.91796875,11904.0,0.6679548621177673
6.91796875,11904.0,0.6680076122283936
6.91796875,11904.0,0.6680603623390198
6.9140625,11904.0,0.668113112449646
6.9140625,11904.0,0.6681658625602722
6.9140625,11904.0,0.6682186126708984
6.91015625,11904.0,0.6682713627815247
6.91015625,11912.0,0.6683241128921509
6.91015625,11912.0,0.6683768630027771
6.90625,11912.0,0.6684296131134033
6.90625,11912.0,0.6684823632240295
6.90625,11912.0,0.6685351133346558
6.90234375,11912.0,0.668587863445282
6.90234375,11912.0,0.6686406135559082
6.90234375,11912.0,0.6686933636665344
6.90234375,11912.0,0.6687461137771606
6.8984375,11912.0,0.6687988638877869
6.8984375,11920.0,0.6688516139984131
6.8984375,11920.0,0.6689043641090393
6.8984375,11920.0,0.6689571142196655
6.89453125,11920.0,0.6690098643302917
6.89453125,11920.0,0.669062614440918
6.89453125,11920.0,0.6691153645515442
6.89453125,11920.0,0.6691681146621704
6.89453125,11920.0,0.6692208647727966
6.89453125,11920.0,0.6692736148834229
6.890625,11920.0,0.6693263649940491
6.890625,11928.0,0.6693791151046753
6.890625,11928.0,0.6694318652153015
6.890625,11928.0,0.6694846153259277
6.890625,11928.0,0.669537365436554
6.890625,11928.0,0.6695901155471802
6.890625,11928.0,0.6696428656578064
6.890625,11928.0,0.6696956157684326
6.890625,11928.0,0.6697483658790588
6.890625,11928.0,0.6698011159896851
6.890625,11936.0,0.6698538661003113
6.890625,11936.0,0.6699066162109375
6.890625,11936.0,0.6699593663215637
6.890625,11936.0,0.6700121164321899
6.890625,11936.0,0.6700648665428162
6.890625,11936.0,0.6701176166534424
6.890625,11936.0,0.6701703667640686
6.890625,11936.0,0.6702231168746948
6.890625,11936.0,0.670275866985321
6.890625,11936.0,0.6703286170959473
6.890625,11944.0,0.6703813672065735
6.890625,11944.0,0.6704341173171997
6.890625,11944.0,0.6704868674278259
6.89453125,11944.0,0.6705396175384521
6.89453125,11944.0,0.6705923676490784
6.89453125,11944.0,0.6706451177597046
6.89453125,11944.0,0.6706978678703308
6.89453125,11944.0,0.670750617980957
6.89453125,11944.0,0.6708033680915833
6.89453125,11944.0,0.6708561182022095
6.8984375,11952.0,0.6709088683128357
6.8984375,11952.0,0.6709616184234619
6.8984375,11952.0,0.6710143685340881
6.8984375,11952.0,0.6710671186447144
6.90234375,11952.0,0.6711198687553406
6.90234375,11952.0,0.6711726188659668
6.90234375,11952.0,0.671225368976593
6.90234375,11952.0,0.6712781190872192
6.90625,11952.0,0.6713308691978455
6.90625,11952.0,0.6713836193084717
6.90625,11960.0,0.6714363694190979
6.91015625,11960.0,0.6714891195297241
6.91015625,11960.0,0.6715418696403503
6.91015625,11960.0,0.6715946197509766
6.9140625,11960.0,0.6716473698616028
6.9140625,11960.0,0.671700119972229
6.9140625,11960.0,0.6717528700828552
6.91796875,11960.0,0.6718056201934814
6.91796875,11960.0,0.6718583703041077
6.91796875,11960.0,0.6719111204147339
6.921875,11968.0,0.6719638705253601
6.921875,11968.0,0.6720166206359863
6.92578125,11968.0,0.6720693707466125
6.92578125,11968.0,0.6721221208572388
6.92578125,11968.0,0.672174870967865
6.9296875,11968.0,0.6722276210784912
6.9296875,11968.0,0.6722803711891174
6.93359375,11968.0,0.6723331212997437
6.93359375,11968.0,0.6723858714103699
6.9375,11976.0,0.6724386215209961
6.9375,11976.0,0.6724913716316223
6.94140625,11976.0,0.6725441217422485
6.94140625,11976.0,0.6725968718528748
6.9453125,11976.0,0.672649621963501
6.9453125,11976.0,0.6727023720741272
6.9453125,11976.0,0.6727551221847534
6.94921875,11976.0,0.6728078722953796
6.94921875,11976.0,0.6728606224060059
6.953125,11976.0,0.6729133725166321
6.953125,11984.0,0.6729661226272583
6.95703125,11984.0,0.6730188727378845
6.95703125,11984.0,0.6730716228485107
6.9609375,11984.0,0.673124372959137
6.9609375,11984.0,0.6731771230697632
6.96484375,11984.0,0.6732298731803894
6.96484375,11984.0,0.6732826232910156
6.96875,11984.0,0.6733353734016418
6.96875,11984.0,0.6733881235122681
6.97265625,11984.0,0.6734408736228943
6.9765625,11992.0,0.6734936237335205
6.9765625,11992.0,0.6735463738441467
6.98046875,11992.0,0.673599123954773
6.98046875,11992.0,0.6736518740653992
6.984375,11992.0,0.6737046241760254
6.984375,11992.0,0.6737573742866516
6.98828125,11992.0,0.6738101243972778
6.98828125,11992.0,0.673862874507904
6.9921875,11992.0,0.6739156246185303
6.9921875,11992.0,0.6739683747291565
6.99609375,12000.0,0.6740211248397827
6.99609375,12000.0,0.6740738749504089
7.0,12000.0,0.6741266250610352
7.0,12000.0,0.6741793751716614
7.00390625,12000.0,0.6742321252822876
7.00390625,12000.0,0.6742848753929138
7.0078125,12000.0,0.67433762550354
7.0078125,12000.0,0.6743903756141663
7.01171875,12000.0,0.6744431257247925
7.01171875,12000.0,0.6744958758354187
7.015625,12008.0,0.6745486259460449
7.015625,12008.0,0.6746013760566711
7.015625,12008.0,0.6746541261672974
7.01953125,12008.0,0.6747068762779236
7.01953125,12008.0,0.6747596263885498
7.0234375,12008.0,0.674812376499176
7.0234375,12008.0,0.6748651266098022
7.02734375,12008.0,0.6749178767204285
7.02734375,12008.0,0.6749706268310547
7.03125,12008.0,0.6750233769416809
7.03125,12016.0,0.6750761270523071
7.03125,12016.0,0.6751288771629333
7.03515625,12016.0,0.6751816272735596
7.03515625,12016.0,0.6752343773841858
7.0390625,12016.0,0.675287127494812
7.0390625,12016.0,0.6753398776054382
7.0390625,12016.0,0.6753926277160645
7.04296875,12016.0,0.6754453778266907
7.04296875,12016.0,0.6754981279373169
7.04296875,12016.0,0.6755508780479431
7.046875,12024.0,0.6756036281585693
7.046875,12024.0,0.6756563782691956
7.046875,12024.0,0.6757091283798218
7.05078125,12024.0,0.675761878490448
7.05078125,12024.0,0.6758146286010742
7.05078125,12024.0,0.6758673787117004
7.0546875,12024.0,0.6759201288223267
7.0546875,12024.0,0.6759728789329529
7.0546875,12024.0,0.6760256290435791
7.0546875,12024.0,0.6760783791542053
7.05859375,12032.0,0.6761311292648315
7.05859375,12032.0,0.6761838793754578
7.05859375,12032.0,0.676236629486084
7.05859375,12032.0,0.6762893795967102
7.05859375,12032.0,0.6763421297073364
7.0625,12032.0,0.6763948798179626
7.0625,12032.0,0.6764476299285889
7.0625,12032.0,0.6765003800392151
7.0625,12032.0,0.6765531301498413
7.0625,12032.0,0.6766058802604675
7.0625,12040.0,0.6766586303710938
7.06640625,12040.0,0.67671138048172
7.06640625,12040.0,0.6767641305923462
7.06640625,12040.0,0.6768168807029724
7.06640625,12040.0,0.6768696308135986
7.06640625,12040.0,0.6769223809242249
7.06640625,12040.0,0.6769751310348511
7.06640625,12040.0,0.6770278811454773
7.06640625,12040.0,0.6770806312561035
7.06640625,12040.0,0.6771333813667297
7.06640625,12048.0,0.677186131477356
7.06640625,12048.0,0.6772388815879822
7.06640625,12048.0,0.6772916316986084
7.06640625,12048.0,0.6773443818092346
7.06640625,12048.0,0.6773971319198608
7.06640625,12048.0,0.6774498820304871
7.06640625,12048.0,0.6775026321411133
7.06640625,12048.0,0.6775553822517395
7.06640625,12048.0,0.6776081323623657
7.06640625,12048.0,0.6776608824729919
7.06640625,12056.0,0.6777136325836182
7.06640625,12056.0,0.6777663826942444
7.0625,12056.0,0.6778191328048706
7.0625,12056.0,0.6778718829154968
7.0625,12056.0,0.677924633026123
7.0625,12056.0,0.6779773831367493
7.0625,12056.0,0.6780301332473755
7.0625,12056.0,0.6780828833580017
7.05859375,12056.0,0.6781356334686279
7.05859375,12064.0,0.6781883835792542
7.05859375,12064.0,0.6782411336898804
7.05859375,12064.0,0.6782938838005066
7.05859375,12064.0,0.6783466339111328
7.0546875,12064.0,0.678399384021759
7.0546875,12064.0,0.6784521341323853
7.0546875,12064.0,0.6785048842430115
7.0546875,12064.0,0.6785576343536377
7.05078125,12064.0,0.6786103844642639
7.05078125,12064.0,0.6786631345748901
7.05078125,12072.0,0.6787158846855164
7.046875,12072.0,0.6787686347961426
7.046875,12072.0,0.6788213849067688
7.046875,12072.0,0.678874135017395
7.04296875,12072.0,0.6789268851280212
7.04296875,12072.0,0.6789796352386475
7.04296875,12072.0,0.6790323853492737
7.0390625,12072.0,0.6790851354598999
7.0390625,12072.0,0.6791378855705261
7.0390625,12072.0,0.6791906356811523
7.03515625,12080.0,0.6792433857917786
7.03515625,12080.0,0.6792961359024048
7.03125,12080.0,0.679348886013031
7.03125,12080.0,0.6794016361236572
7.03125,12080.0,0.6794543862342834
7.02734375,12080.0,0.6795071363449097
7.02734375,12080.0,0.6795598864555359
7.0234375,12080.0,0.6796126365661621
7.0234375,12080.0,0.6796653866767883
7.0234375,12080.0,0.6797181367874146
7.01953125,12088.0,0.6797708868980408
7.01953125,12088.0,0.679823637008667
7.015625,12088.0,0.6798763871192932
7.015625,12088.0,0.6799291372299194
7.01171875,12088.0,0.6799818873405457
7.01171875,12088.0,0.6800346374511719
7.0078125,12088.0,0.6800873875617981
7.0078125,12088.0,0.6801401376724243
7.0078125,12088.0,0.6801928877830505
7.00390625,12088.0,0.6802456378936768
7.00390625,12096.0,0.680298388004303
7.0,12096.0,0.6803511381149292
7.0,12096.0,0.6804038882255554
6.99609375,12096.0,0.6804566383361816
6.99609375,12096.0,0.6805093884468079
6.9921875,12096.0,0.6805621385574341
6.9921875,12096.0,0.6806148886680603
6.98828125,12096.0,0.6806676387786865
6.98828125,12096.0,0.6807203888893127
6.984375,12096.0,0.680773138999939
6.984375,12096.0,0.6808258891105652
6.984375,12104.0,0.6808786392211914
6.98046875,12104.0,0.6809313893318176
6.98046875,12104.0,0.6809841394424438
6.9765625,12104.0,0.6810368895530701
6.9765625,12104.0,0.6810896396636963
6.97265625,12104.0,0.6811423897743225
6.97265625,12104.0,0.6811951398849487
6.96875,12104.0,0.681247889995575
6.96875,12104.0,0.6813006401062012
6.96484375,12104.0,0.6813533902168274
6.96484375,12112.0,0.6814061403274536
6.96484375,12112.0,0.6814588904380798
6.9609375,12112.0,0.681511640548706
6.9609375,12112.0,0.6815643906593323
6.95703125,12112.0,0.6816171407699585
6.95703125,12112.0,0.6816698908805847
6.953125,12112.0,0.6817226409912109
6.953125,12112.0,0.6817753911018372
6.953125,12112.0,0.6818281412124634
6.94921875,12112.0,0.6818808913230896
6.94921875,12120.0,0.6819336414337158
6.94921875,12120.0,0.681986391544342
6.9453125,12120.0,0.6820391416549683
6.9453125,12120.0,0.6820918917655945
6.94140625,12120.0,0.6821446418762207
6.94140625,12120.0,0.6821973919868469
6.94140625,12120.0,0.6822501420974731
6.9375,12120.0,0.6823028922080994
6.9375,12120.0,0.6823556423187256
6.9375,12120.0,0.6824083924293518
6.93359375,12128.0,0.682461142539978
6.93359375,12128.0,0.6825138926506042
6.93359375,12128.0,0.6825666427612305
6.9296875,12128.0,0.6826193928718567
6.9296875,12128.0,0.6826721429824829
6.9296875,12128.0,0.6827248930931091
6.9296875,12128.0,0.6827776432037354
6.92578125,12128.0,0.6828303933143616
6.92578125,12128.0,0.6828831434249878
6.92578125,12128.0,0.682935893535614
6.92578125,12136.0,0.6829886436462402
6.921875,12136.0,0.6830413937568665
6.921875,12136.0,0.6830941438674927
6.921875,12136.0,0.6831468939781189
6.921875,12136.0,0.6831996440887451
6.921875,12136.0,0.6832523941993713
6.91796875,12136.0,0.6833051443099976
6.91796875,12136.0,0.6833578944206238
6.91796875,12136.0,0.68341064453125
6.91796875,12136.0,0.6834633946418762
6.91796875,12144.0,0.6835161447525024
6.91796875,12144.0,0.6835688948631287
6.91796875,12144.0,0.6836216449737549
6.9140625,12144.0,0.6836743950843811
6.9140625,12144.0,0.6837271451950073
6.9140625,12144.0,0.6837798953056335
6.9140625,12144.0,0.6838326454162598
6.9140625,12144.0,0.683885395526886
6.9140625,12144.0,0.6839381456375122
6.9140625,12144.0,0.6839908957481384
6.9140625,12152.0,0.6840436458587646
6.9140625,12152.0,0.6840963959693909
6.9140625,12152.0,0.6841491460800171
6.9140625,12152.0,0.6842018961906433
6.9140625,12152.0,0.6842546463012695
6.9140625,12152.0,0.6843073964118958
6.9140625,12152.0,0.684360146522522
6.9140625,12152.0,0.6844128966331482
6.9140625,12152.0,0.6844656467437744
6.9140625,12152.0,0.6845183968544006
6.91796875,12160.0,0.6845711469650269
6.91796875,12160.0,0.6846238970756531
6.91796875,12160.0,0.6846766471862793
6.91796875,12160.0,0.6847293972969055
6.91796875,12160.0,0.6847821474075317
6.91796875,12160.0,0.684834897518158
6.91796875,12160.0,0.6848876476287842
6.91796875,12160.0,0.6849403977394104
6.921875,12160.0,0.6849931478500366
6.921875,12160.0,0.6850458979606628
6.921875,12168.0,0.6850986480712891
6.921875,12168.0,0.6851513981819153
6.92578125,12168.0,0.6852041482925415
6.92578125,12168.0,0.6852568984031677
6.92578125,12168.0,0.685309648513794
6.92578125,12168.0,0.6853623986244202
6.9296875,12168.0,0.6854151487350464
6.9296875,12168.0,0.6854678988456726
6.9296875,12168.0,0.6855206489562988
6.9296875,12168.0,0.685573399066925
6.93359375,12176.0,0.6856261491775513
6.93359375,12176.0,0.6856788992881775
6.93359375,12176.0,0.6857316493988037
6.9375,12176.0,0.6857843995094299
6.9375,12176.0,0.6858371496200562
6.9375,12176.0,0.6858898997306824
6.94140625,12176.0,0.6859426498413086
6.94140625,12176.0,0.6859953999519348
6.94140625,12176.0,0.686048150062561
6.9453125,12176.0,0.6861009001731873
6.9453125,12184.0,0.6861536502838135
6.94921875,12184.0,0.6862064003944397
6.94921875,12184.0,0.6862591505050659
6.94921875,12184.0,0.6863119006156921
6.953125,12184.0,0.6863646507263184
6.953125,12184.0,0.6864174008369446
6.95703125,12184.0,0.6864701509475708
6.95703125,12184.0,0.686522901058197
6.9609375,12184.0,0.6865756511688232
6.9609375,12184.0,0.6866284012794495
6.9609375,12184.0,0.6866811513900757
6.96484375,12192.0,0.6867339015007019
6.96484375,12192.0,0.6867866516113281
6.96875,12192.0,0.6868394017219543
6.96875,12192.0,0.6868921518325806
6.97265625,12192.0,0.6869449019432068
6.97265625,12192.0,0.686997652053833
6.9765625,12192.0,0.6870504021644592
6.9765625,12192.0,0.6871031522750854
6.98046875,12192.0,0.6871559023857117
6.98046875,12192.0,0.6872086524963379
6.984375,12200.0,0.6872614026069641
6.984375,12200.0,0.6873141527175903
6.98828125,12200.0,0.6873669028282166
6.98828125,12200.0,0.6874196529388428
6.9921875,12200.0,0.687472403049469
6.9921875,12200.0,0.6875251531600952
6.99609375,12200.0,0.6875779032707214
6.99609375,12200.0,0.6876306533813477
7.0,12200.0,0.6876834034919739
7.0,12200.0,0.6877361536026001
7.00390625,12208.0,0.6877889037132263
7.00390625,12208.0,0.6878416538238525
7.0078125,12208.0,0.6878944039344788
7.0078125,12208.0,0.687947154045105
7.01171875,12208.0,0.6879999041557312
7.01171875,12208.0,0.6880526542663574
7.015625,12208.0,0.6881054043769836
7.015625,12208.0,0.6881581544876099
7.01953125,12208.0,0.6882109045982361
7.01953125,12208.0,0.6882636547088623
7.0234375,12216.0,0.6883164048194885
7.0234375,12216.0,0.6883691549301147
7.02734375,12216.0,0.688421905040741
7.02734375,12216.0,0.6884746551513672
7.03125,12216.0,0.6885274052619934
7.03125,12216.0,0.6885801553726196
7.03515625,12216.0,0.6886329054832458
7.03515625,12216.0,0.6886856555938721
7.0390625,12216.0,0.6887384057044983
7.0390625,12216.0,0.6887911558151245
7.04296875,12224.0,0.6888439059257507
7.04296875,12224.0,0.688896656036377
7.046875,12224.0,0.6889494061470032
7.046875,12224.0,0.6890021562576294
7.046875,12224.0,0.6890549063682556
7.05078125,12224.0,0.6891076564788818
7.05078125,12224.0,0.6891604065895081
7.0546875,12224.0,0.6892131567001343
7.0546875,12224.0,0.6892659068107605
7.05859375,12224.0,0.6893186569213867
7.05859375,12224.0,0.6893714070320129
7.05859375,12232.0,0.6894241571426392
7.0625,12232.0,0.6894769072532654
7.0625,12232.0,0.6895296573638916
7.0625,12232.0,0.6895824074745178
7.06640625,12232.0,0.689635157585144
7.06640625,12232.0,0.6896879076957703
7.0703125,12232.0,0.6897406578063965
7.0703125,12232.0,0.6897934079170227
7.0703125,12232.0,0.6898461580276489
7.0703125,12232.0,0.6898989081382751
7.07421875,12240.0,0.6899516582489014
7.07421875,12240.0,0.6900044083595276
7.07421875,12240.0,0.6900571584701538
7.078125,12240.0,0.69010990858078
7.078125,12240.0,0.6901626586914062
7.078125,12240.0,0.6902154088020325
7.078125,12240.0,0.6902681589126587
7.08203125,12240.0,0.6903209090232849
7.08203125,12240.0,0.6903736591339111
7.08203125,12240.0,0.6904264092445374
7.08203125,12248.0,0.6904791593551636
7.08203125,12248.0,0.6905319094657898
7.0859375,12248.0,0.690584659576416
7.0859375,12248.0,0.6906374096870422
7.0859375,12248.0,0.6906901597976685
7.0859375,12248.0,0.6907429099082947
7.0859375,12248.0,0.6907956600189209
7.0859375,12248.0,0.6908484101295471
7.0859375,12248.0,0.6909011602401733
7.08984375,12248.0,0.6909539103507996
7.08984375,12256.0,0.6910066604614258
7.08984375,12256.0,0.691059410572052
7.08984375,12256.0,0.6911121606826782
7.08984375,12256.0,0.6911649107933044
7.08984375,12256.0,0.6912176609039307
7.08984375,12256.0,0.6912704110145569
7.08984375,12256.0,0.6913231611251831
7.08984375,12256.0,0.6913759112358093
7.08984375,12256.0,0.6914286613464355
7.08984375,12256.0,0.6914814114570618
7.08984375,12256.0,0.691534161567688
7.08984375,12264.0,0.6915869116783142
7.08984375,12264.0,0.6916396617889404
7.08984375,12264.0,0.6916924118995667
7.08984375,12264.0,0.6917451620101929
7.08984375,12264.0,0.6917979121208191
7.08984375,12264.0,0.6918506622314453
7.08984375,12264.0,0.6919034123420715
7.0859375,12264.0,0.6919561624526978
7.0859375,12264.0,0.692008912563324
7.0859375,12264.0,0.6920616626739502
7.0859375,12272.0,0.6921144127845764
7.0859375,12272.0,0.6921671628952026
7.0859375,12272.0,0.6922199130058289
7.0859375,12272.0,0.6922726631164551
7.08203125,12272.0,0.6923254132270813
7.08203125,12272.0,0.6923781633377075
7.08203125,12272.0,0.6924309134483337
7.08203125,12272.0,0.69248366355896
7.08203125,12272.0,0.6925364136695862
7.078125,12272.0,0.6925891637802124
7.078125,12280.0,0.6926419138908386
7.078125,12280.0,0.6926946640014648
7.078125,12280.0,0.6927474141120911
7.07421875,12280.0,0.6928001642227173
7.07421875,12280.0,0.6928529143333435
7.07421875,12280.0,0.6929056644439697
7.0703125,12280.0,0.692958414554596
7.0703125,12280.0,0.6930111646652222
7.0703125,12280.0,0.6930639147758484
7.0703125,12280.0,0.6931166648864746
7.06640625,12280.0,0.6931694149971008
7.06640625,12288.0,0.693222165107727
7.06640625,12288.0,0.6932749152183533
7.0625,12288.0,0.6933276653289795
7.0625,12288.0,0.6933804154396057
7.05859375,12288.0,0.6934331655502319
7.05859375,12288.0,0.6934859156608582
7.05859375,12288.0,0.6935386657714844
7.0546875,12288.0,0.6935914158821106
7.0546875,12288.0,0.6936441659927368
7.05078125,12288.0,0.693696916103363
7.05078125,12296.0,0.6937496662139893
7.05078125,12296.0,0.6938024163246155
7.046875,12296.0,0.6938551664352417
7.046875,12296.0,0.6939079165458679
7.04296875,12296.0,0.6939606666564941
7.04296875,12296.0,0.6940134167671204
7.04296875,12296.0,0.6940661668777466
7.0390625,12296.0,0.6941189169883728
7.0390625,12296.0,0.694171667098999
7.03515625,12296.0,0.6942244172096252
7.03515625,12304.0,0.6942771673202515
7.03125,12304.0,0.6943299174308777
7.03125,12304.0,0.6943826675415039
7.02734375,12304.0,0.6944354176521301
7.02734375,12304.0,0.6944881677627563
7.0234375,12304.0,0.6945409178733826
7.0234375,12304.0,0.6945936679840088
7.0234375,12304.0,0.694646418094635
7.01953125,12304.0,0.6946991682052612
7.01953125,12304.0,0.6947519183158875
7.015625,12304.0,0.6948046684265137
7.015625,12312.0,0.6948574185371399
7.01171875,12312.0,0.6949101686477661
7.01171875,12312.0,0.6949629187583923
7.0078125,12312.0,0.6950156688690186
7.0078125,12312.0,0.6950684189796448
7.00390625,12312.0,0.695121169090271
7.00390625,12312.0,0.6951739192008972
7.0,12312.0,0.6952266693115234
7.0,12312.0,0.6952794194221497
7.0,12312.0,0.6953321695327759
6.99609375,12320.0,0.6953849196434021
6.99609375,12320.0,0.6954376697540283
6.9921875,12320.0,0.6954904198646545
6.9921875,12320.0,0.6955431699752808
6.98828125,12320.0,0.695595920085907
6.98828125,12320.0,0.6956486701965332
6.984375,12320.0,0.6957014203071594
6.984375,12320.0,0.6957541704177856
6.984375,12320.0,0.6958069205284119
6.98046875,12320.0,0.6958596706390381
6.98046875,12328.0,0.6959124207496643
6.9765625,12328.0,0.6959651708602905
6.9765625,12328.0,0.6960179209709167
6.9765625,12328.0,0.696070671081543
6.97265625,12328.0,0.6961234211921692
6.97265625,12328.0,0.6961761713027954
6.96875,12328.0,0.6962289214134216
6.96875,12328.0,0.6962816715240479
6.96875,12328.0,0.6963344216346741
6.96484375,12328.0,0.6963871717453003
6.96484375,12328.0,0.6964399218559265
6.96484375,12336.0,0.6964926719665527
6.9609375,12336.0,0.696545422077179
6.9609375,12336.0,0.6965981721878052
6.9609375,12336.0,0.6966509222984314
6.95703125,12336.0,0.6967036724090576
6.95703125,12336.0,0.6967564225196838
6.95703125,12336.0,0.6968091726303101
6.953125,12336.0,0.6968619227409363
6.953125,12336.0,0.6969146728515625
6.953125,12336.0,0.6969674229621887
6.953125,12344.0,0.6970201730728149
6.94921875,12344.0,0.6970729231834412
6.94921875,12344.0,0.6971256732940674
6.94921875,12344.0,0.6971784234046936
6.94921875,12344.0,0.6972311735153198
6.94921875,12344.0,0.697283923625946
6.9453125,12344.0,0.6973366737365723
6.9453125,12344.0,0.6973894238471985
6.9453125,12344.0,0.6974421739578247
6.9453125,12344.0,0.6974949240684509
6.9453125,12344.0,0.6975476741790771
6.94140625,12352.0,0.6976004242897034
6.94140625,12352.0,0.6976531744003296
6.94140625,12352.0,0.6977059245109558
6.94140625,12352.0,0.697758674621582
6.94140625,12352.0,0.6978114247322083
6.94140625,12352.0,0.6978641748428345
6.94140625,12352.0,0.6979169249534607
6.94140625,12352.0,0.6979696750640869
6.94140625,12352.0,0.6980224251747131
6.94140625,12352.0,0.6980751752853394
6.94140625,12360.0,0.6981279253959656
6.94140625,12360.0,0.6981806755065918
6.94140625,12360.0,0.698233425617218
6.94140625,12360.0,0.6982861757278442
6.94140625,12360.0,0.6983389258384705
6.94140625,12360.0,0.6983916759490967
6.94140625,12360.0,0.6984444260597229
6.94140625,12360.0,0.6984971761703491
6.94140625,12360.0,0.6985499262809753
6.94140625,12360.0,0.6986026763916016
6.94140625,12368.0,0.6986554265022278
6.94140625,12368.0,0.698708176612854
6.94140625,12368.0,0.6987609267234802
6.94140625,12368.0,0.6988136768341064
6.94140625,12368.0,0.6988664269447327
6.94140625,12368.0,0.6989191770553589
6.94140625,12368.0,0.6989719271659851
6.9453125,12368.0,0.6990246772766113
6.9453125,12368.0,0.6990774273872375
6.9453125,12368.0,0.6991301774978638
6.9453125,12368.0,0.69918292760849
6.9453125,12376.0,0.6992356777191162
6.9453125,12376.0,0.6992884278297424
6.94921875,12376.0,0.6993411779403687
6.94921875,12376.0,0.6993939280509949
6.94921875,12376.0,0.6994466781616211
6.94921875,12376.0,0.6994994282722473
6.953125,12376.0,0.6995521783828735
6.953125,12376.0,0.6996049284934998
6.953125,12376.0,0.699657678604126
6.953125,12376.0,0.6997104287147522
6.95703125,12384.0,0.6997631788253784
6.95703125,12384.0,0.6998159289360046
6.95703125,12384.0,0.6998686790466309
6.9609375,12384.0,0.6999214291572571
6.9609375,12384.0,0.6999741792678833
6.9609375,12384.0,0.7000269293785095
6.96484375,12384.0,0.7000796794891357
6.96484375,12384.0,0.700132429599762
6.96484375,12384.0,0.7001851797103882
6.96875,12384.0,0.7002379298210144
6.96875,12384.0,0.7002906799316406
6.96875,12392.0,0.7003434300422668
6.97265625,12392.0,0.7003961801528931
6.97265625,12392.0,0.7004489302635193
6.9765625,12392.0,0.7005016803741455
6.9765625,12392.0,0.7005544304847717
6.9765625,12392.0,0.700607180595398
6.98046875,12392.0,0.7006599307060242
6.98046875,12392.0,0.7007126808166504
6.984375,12392.0,0.7007654309272766
6.984375,12392.0,0.7008181810379028
6.98828125,12400.0,0.700870931148529
6.98828125,12400.0,0.7009236812591553
6.9921875,12400.0,0.7009764313697815
6.9921875,12400.0,0.7010291814804077
6.9921875,12400.0,0.7010819315910339
6.99609375,12400.0,0.7011346817016602
6.99609375,12400.0,0.7011874318122864
7.0,12400.0,0.7012401819229126
7.0,12400.0,0.7012929320335388
7.00390625,12400.0,0.701345682144165
7.00390625,12400.0,0.7013984322547913
7.0078125,12408.0,0.7014511823654175
7.0078125,12408.0,0.7015039324760437
7.01171875,12408.0,0.7015566825866699
7.01171875,12408.0,0.7016094326972961
7.015625,12408.0,0.7016621828079224
7.015625,12408.0,0.7017149329185486
7.01953125,12408.0,0.7017676830291748
7.01953125,12408.0,0.701820433139801
7.0234375,12408.0,0.7018731832504272
7.0234375,12408.0,0.7019259333610535
7.02734375,12416.0,0.7019786834716797
7.02734375,12416.0,0.7020314335823059
7.03125,12416.0,0.7020841836929321
7.03125,12416.0,0.7021369338035583
7.03515625,12416.0,0.7021896839141846
7.03515625,12416.0,0.7022424340248108
7.0390625,12416.0,0.702295184135437
7.0390625,12416.0,0.7023479342460632
7.04296875,12416.0,0.7024006843566895
7.04296875,12416.0,0.7024534344673157
7.046875,12416.0,0.7025061845779419
7.046875,12424.0,0.7025589346885681
7.05078125,12424.0,0.7026116847991943
7.05078125,12424.0,0.7026644349098206
7.0546875,12424.0,0.7027171850204468
7.0546875,12424.0,0.702769935131073
7.05859375,12424.0,0.7028226852416992
7.05859375,12424.0,0.7028754353523254
7.0625,12424.0,0.7029281854629517
7.0625,12424.0,0.7029809355735779
7.06640625,12424.0,0.7030336856842041
7.06640625,12432.0,0.7030864357948303
7.0703125,12432.0,0.7031391859054565
7.0703125,12432.0,0.7031919360160828
7.07421875,12432.0,0.703244686126709
7.07421875,12432.0,0.7032974362373352
7.07421875,12432.0,0.7033501863479614
7.078125,12432.0,0.7034029364585876
7.078125,12432.0,0.7034556865692139
7.08203125,12432.0,0.7035084366798401
7.08203125,12432.0,0.7035611867904663
7.0859375,12432.0,0.7036139369010925
7.0859375,12440.0,0.7036666870117188
7.0859375,12440.0,0.703719437122345
7.08984375,12440.0,0.7037721872329712
7.08984375,12440.0,0.7038249373435974
7.08984375,12440.0,0.7038776874542236
7.09375,12440.0,0.7039304375648499
7.09375,12440.0,0.7039831876754761
7.09375,12440.0,0.7040359377861023
7.09765625,12440.0,0.7040886878967285
7.09765625,12440.0,0.7041414380073547
7.09765625,12440.0,0.704194188117981
7.1015625,12448.0,0.7042469382286072
7.1015625,12448.0,0.7042996883392334
7.1015625,12448.0,0.7043524384498596
7.1015625,12448.0,0.7044051885604858
7.10546875,12448.0,0.7044579386711121
7.10546875,12448.0,0.7045106887817383
7.10546875,12448.0,0.7045634388923645
7.10546875,12448.0,0.7046161890029907
7.109375,12448.0,0.7046689391136169
7.109375,12448.0,0.7047216892242432
7.109375,12456.0,0.7047744393348694
7.109375,12456.0,0.7048271894454956
7.109375,12456.0,0.7048799395561218
7.109375,12456.0,0.704932689666748
7.11328125,12456.0,0.7049854397773743
7.11328125,12456.0,0.7050381898880005
7.11328125,12456.0,0.7050909399986267
7.11328125,12456.0,0.7051436901092529
7.11328125,12456.0,0.7051964402198792
7.11328125,12456.0,0.7052491903305054
7.11328125,12456.0,0.7053019404411316
7.11328125,12464.0,0.7053546905517578
7.11328125,12464.0,0.705407440662384
7.11328125,12464.0,0.7054601907730103
7.11328125,12464.0,0.7055129408836365
7.11328125,12464.0,0.7055656909942627
7.1171875,12464.0,0.7056184411048889
7.1171875,12464.0,0.7056711912155151
7.11328125,12464.0,0.7057239413261414
7.11328125,12464.0,0.7057766914367676
7.11328125,12464.0,0.7058294415473938
7.11328125,12472.0,0.70588219165802
7.11328125,12472.0,0.7059349417686462
7.11328125,12472.0,0.7059876918792725
7.11328125,12472.0,0.7060404419898987
7.11328125,12472.0,0.7060931921005249
7.11328125,12472.0,0.7061459422111511
7.11328125,12472.0,0.7061986923217773
7.11328125,12472.0,0.7062514424324036
7.11328125,12472.0,0.7063041925430298
7.109375,12472.0,0.706356942653656
7.109375,12472.0,0.7064096927642822
7.109375,12480.0,0.7064624428749084
7.109375,12480.0,0.7065151929855347
7.109375,12480.0,0.7065679430961609
7.109375,12480.0,0.7066206932067871
7.10546875,12480.0,0.7066734433174133
7.10546875,12480.0,0.7067261934280396
7.10546875,12480.0,0.7067789435386658
7.10546875,12480.0,0.706831693649292
7.10546875,12480.0,0.7068844437599182
7.1015625,12480.0,0.7069371938705444
7.1015625,12480.0,0.7069899439811707
7.1015625,12488.0,0.7070426940917969
7.09765625,12488.0,0.7070954442024231
7.09765625,12488.0,0.7071481943130493
7.09765625,12488.0,0.7072009444236755
7.09765625,12488.0,0.7072536945343018
7.09375,12488.0,0.707306444644928
7.09375,12488.0,0.7073591947555542
7.09375,12488.0,0.7074119448661804
7.08984375,12488.0,0.7074646949768066
7.08984375,12488.0,0.7075174450874329
7.08984375,12496.0,0.7075701951980591
7.0859375,12496.0,0.7076229453086853
7.0859375,12496.0,0.7076756954193115
7.0859375,12496.0,0.7077284455299377
7.08203125,12496.0,0.707781195640564
7.08203125,12496.0,0.7078339457511902
7.078125,12496.0,0.7078866958618164
7.078125,12496.0,0.7079394459724426
7.078125,12496.0,0.7079921960830688
7.07421875,12496.0,0.7080449461936951
7.07421875,12496.0,0.7080976963043213
7.0703125,12504.0,0.7081504464149475
7.0703125,12504.0,0.7082031965255737
7.0703125,12504.0,0.7082559466362
7.06640625,12504.0,0.7083086967468262
7.06640625,12504.0,0.7083614468574524
7.0625,12504.0,0.7084141969680786
7.0625,12504.0,0.7084669470787048
7.05859375,12504.0,0.708519697189331
7.05859375,12504.0,0.7085724472999573
7.05859375,12504.0,0.7086251974105835
7.0546875,12504.0,0.7086779475212097
7.0546875,12512.0,0.7087306976318359
7.05078125,12512.0,0.7087834477424622
7.05078125,12512.0,0.7088361978530884
7.046875,12512.0,0.7088889479637146
7.046875,12512.0,0.7089416980743408
7.04296875,12512.0,0.708994448184967
7.04296875,12512.0,0.7090471982955933
7.0390625,12512.0,0.7090999484062195
7.0390625,12512.0,0.7091526985168457
7.0390625,12512.0,0.7092054486274719
7.03515625,12512.0,0.7092581987380981
7.03515625,12520.0,0.7093109488487244
7.03125,12520.0,0.7093636989593506
7.03125,12520.0,0.7094164490699768
7.02734375,12520.0,0.709469199180603
7.02734375,12520.0,0.7095219492912292
7.0234375,12520.0,0.7095746994018555
7.0234375,12520.0,0.7096274495124817
7.01953125,12520.0,0.7096801996231079
7.01953125,12520.0,0.7097329497337341
7.01953125,12520.0,0.7097856998443604
7.015625,12528.0,0.7098384499549866
7.015625,12528.0,0.7098912000656128
7.01171875,12528.0,0.709943950176239
7.01171875,12528.0,0.7099967002868652
7.01171875,12528.0,0.7100494503974915
7.0078125,12528.0,0.7101022005081177
7.0078125,12528.0,0.7101549506187439
7.00390625,12528.0,0.7102077007293701
7.00390625,12528.0,0.7102604508399963
7.0,12528.0,0.7103132009506226
7.0,12528.0,0.7103659510612488
7.0,12536.0,0.710418701171875
6.99609375,12536.0,0.7104714512825012
6.99609375,12536.0,0.7105242013931274
6.99609375,12536.0,0.7105769515037537
6.9921875,12536.0,0.7106297016143799
6.9921875,12536.0,0.7106824517250061
6.9921875,12536.0,0.7107352018356323
6.98828125,12536.0,0.7107879519462585
6.98828125,12536.0,0.7108407020568848
6.98828125,12536.0,0.710893452167511
6.984375,12536.0,0.7109462022781372
6.984375,12544.0,0.7109989523887634
6.984375,12544.0,0.7110517024993896
6.98046875,12544.0,0.7111044526100159
6.98046875,12544.0,0.7111572027206421
6.98046875,12544.0,0.7112099528312683
6.98046875,12544.0,0.7112627029418945
6.9765625,12544.0,0.7113154530525208
6.9765625,12544.0,0.711368203163147
6.9765625,12544.0,0.7114209532737732
6.9765625,12544.0,0.7114737033843994
6.97265625,12544.0,0.7115264534950256
6.97265625,12552.0,0.7115792036056519
6.97265625,12552.0,0.7116319537162781
6.97265625,12552.0,0.7116847038269043
6.97265625,12552.0,0.7117374539375305
6.97265625,12552.0,0.7117902040481567
6.96875,12552.0,0.711842954158783
6.96875,12552.0,0.7118957042694092
6.96875,12552.0,0.7119484543800354
6.96875,12552.0,0.7120012044906616
6.96875,12552.0,0.7120539546012878
6.96875,12560.0,0.7121067047119141
6.96875,12560.0,0.7121594548225403
6.96875,12560.0,0.7122122049331665
6.96875,12560.0,0.7122649550437927
6.96875,12560.0,0.712317705154419
6.96875,12560.0,0.7123704552650452
6.96875,12560.0,0.7124232053756714
6.96875,12560.0,0.7124759554862976
6.96875,12560.0,0.7125287055969238
6.96875,12560.0,0.71258145570755
6.96875,12560.0,0.7126342058181763
6.96875,12568.0,0.7126869559288025
6.96875,12568.0,0.7127397060394287
6.96875,12568.0,0.7127924561500549
6.96875,12568.0,0.7128452062606812
6.96875,12568.0,0.7128979563713074
6.96875,12568.0,0.7129507064819336
6.96875,12568.0,0.7130034565925598
6.96875,12568.0,0.713056206703186
6.96875,12568.0,0.7131089568138123
6.96875,12568.0,0.7131617069244385
6.96875,12568.0,0.7132144570350647
6.97265625,12576.0,0.7132672071456909
6.97265625,12576.0,0.7133199572563171
6.97265625,12576.0,0.7133727073669434
6.97265625,12576.0,0.7134254574775696
6.97265625,12576.0,0.7134782075881958
6.9765625,12576.0,0.713530957698822
6.9765625,12576.0,0.7135837078094482
6.9765625,12576.0,0.7136364579200745
6.9765625,12576.0,0.7136892080307007
6.9765625,12576.0,0.7137419581413269
6.98046875,12576.0,0.7137947082519531
6.98046875,12584.0,0.7138474583625793
6.98046875,12584.0,0.7139002084732056
6.984375,12584.0,0.7139529585838318
6.984375,12584.0,0.714005708694458
6.984375,12584.0,0.7140584588050842
6.984375,12584.0,0.7141112089157104
6.98828125,12584.0,0.7141639590263367
6.98828125,12584.0,0.7142167091369629
6.98828125,12584.0,0.7142694592475891
6.9921875,12584.0,0.7143222093582153
6.9921875,12584.0,0.7143749594688416
6.9921875,12592.0,0.7144277095794678
6.99609375,12592.0,0.714480459690094
6.99609375,12592.0,0.7145332098007202
7.0,12592.0,0.7145859599113464
7.0,12592.0,0.7146387100219727
7.0,12592.0,0.7146914601325989
7.00390625,12592.0,0.7147442102432251
7.00390625,12592.0,0.7147969603538513
7.0078125,12592.0,0.7148497104644775
7.0078125,12592.0,0.7149024605751038
7.0078125,12592.0,0.71495521068573
7.01171875,12600.0,0.7150079607963562
7.01171875,12600.0,0.7150607109069824
7.015625,12600.0,0.7151134610176086
7.015625,12600.0,0.7151662111282349
7.01953125,12600.0,0.7152189612388611
7.01953125,12600.0,0.7152717113494873
7.0234375,12600.0,0.7153244614601135
7.0234375,12600.0,0.7153772115707397
7.02734375,12600.0,0.715429961681366
7.02734375,12600.0,0.7154827117919922
7.03125,12600.0,0.7155354619026184
7.03125,12608.0,0.7155882120132446
7.03515625,12608.0,0.7156409621238708
7.03515625,12608.0,0.7156937122344971
7.03515625,12608.0,0.7157464623451233
7.0390625,12608.0,0.7157992124557495
7.0390625,12608.0,0.7158519625663757
7.04296875,12608.0,0.715904712677002
7.04296875,12608.0,0.7159574627876282
7.046875,12608.0,0.7160102128982544
7.05078125,12608.0,0.7160629630088806
7.05078125,12608.0,0.7161157131195068
7.0546875,12616.0,0.7161684632301331
7.0546875,12616.0,0.7162212133407593
7.05859375,12616.0,0.7162739634513855
7.05859375,12616.0,0.7163267135620117
7.0625,12616.0,0.7163794636726379
7.0625,12616.0,0.7164322137832642
7.06640625,12616.0,0.7164849638938904
7.06640625,12616.0,0.7165377140045166
7.0703125,12616.0,0.7165904641151428
7.0703125,12616.0,0.716643214225769
7.07421875,12624.0,0.7166959643363953
7.07421875,12624.0,0.7167487144470215
7.078125,12624.0,0.7168014645576477
7.078125,12624.0,0.7168542146682739
7.08203125,12624.0,0.7169069647789001
7.08203125,12624.0,0.7169597148895264
7.0859375,12624.0,0.7170124650001526
7.0859375,12624.0,0.7170652151107788
7.0859375,12624.0,0.717117965221405
7.08984375,12624.0,0.7171707153320312
7.08984375,12624.0,0.7172234654426575
7.09375,12632.0,0.7172762155532837
7.09375,12632.0,0.7173289656639099
7.09765625,12632.0,0.7173817157745361
7.09765625,12632.0,0.7174344658851624
7.1015625,12632.0,0.7174872159957886
7.1015625,12632.0,0.7175399661064148
7.10546875,12632.0,0.717592716217041
7.10546875,12632.0,0.7176454663276672
7.10546875,12632.0,0.7176982164382935
7.109375,12632.0,0.7177509665489197
7.109375,12632.0,0.7178037166595459
7.11328125,12640.0,0.7178564667701721
7.11328125,12640.0,0.7179092168807983
7.11328125,12640.0,0.7179619669914246
7.1171875,12640.0,0.7180147171020508
7.1171875,12640.0,0.718067467212677
7.12109375,12640.0,0.7181202173233032
7.12109375,12640.0,0.7181729674339294
7.12109375,12640.0,0.7182257175445557
7.125,12640.0,0.7182784676551819
7.125,12640.0,0.7183312177658081
7.125,12640.0,0.7183839678764343
7.12890625,12648.0,0.7184367179870605
7.12890625,12648.0,0.7184894680976868
7.12890625,12648.0,0.718542218208313
7.12890625,12648.0,0.7185949683189392
7.1328125,12648.0,0.7186477184295654
7.1328125,12648.0,0.7187004685401917
7.1328125,12648.0,0.7187532186508179
7.1328125,12648.0,0.7188059687614441
7.13671875,12648.0,0.7188587188720703
7.13671875,12648.0,0.7189114689826965
7.13671875,12648.0,0.7189642190933228
7.13671875,12656.0,0.719016969203949
7.140625,12656.0,0.7190697193145752
7.140625,12656.0,0.7191224694252014
7.140625,12656.0,0.7191752195358276
7.140625,12656.0,0.7192279696464539
7.140625,12656.0,0.7192807197570801
7.140625,12656.0,0.7193334698677063
7.140625,12656.0,0.7193862199783325
7.14453125,12656.0,0.7194389700889587
7.14453125,12656.0,0.719491720199585
7.14453125,12656.0,0.7195444703102112
7.14453125,12664.0,0.7195972204208374
7.14453125,12664.0,0.7196499705314636
7.14453125,12664.0,0.7197027206420898
7.14453125,12664.0,0.7197554707527161
7.14453125,12664.0,0.7198082208633423
7.14453125,12664.0,0.7198609709739685
7.14453125,12664.0,0.7199137210845947
7.14453125,12664.0,0.719966471195221
7.14453125,12664.0,0.7200192213058472
7.14453125,12664.0,0.7200719714164734
7.14453125,12664.0,0.7201247215270996
7.14453125,12672.0,0.7201774716377258
7.14453125,12672.0,0.720230221748352
7.14453125,12672.0,0.7202829718589783
7.14453125,12672.0,0.7203357219696045
7.14453125,12672.0,0.7203884720802307
7.14453125,12672.0,0.7204412221908569
7.14453125,12672.0,0.7204939723014832
7.140625,12672.0,0.7205467224121094
7.140625,12672.0,0.7205994725227356
7.140625,12672.0,0.7206522226333618
7.140625,12672.0,0.720704972743988
7.140625,12680.0,0.7207577228546143
7.140625,12680.0,0.7208104729652405
7.13671875,12680.0,0.7208632230758667
7.13671875,12680.0,0.7209159731864929
7.13671875,12680.0,0.7209687232971191
7.13671875,12680.0,0.7210214734077454
7.13671875,12680.0,0.7210742235183716
7.1328125,12680.0,0.7211269736289978
7.1328125,12680.0,0.721179723739624
7.1328125,12680.0,0.7212324738502502
7.1328125,12680.0,0.7212852239608765
7.12890625,12680.0,0.7213379740715027
7.12890625,12688.0,0.7213907241821289
7.12890625,12688.0,0.7214434742927551
7.12890625,12688.0,0.7214962244033813
7.125,12688.0,0.7215489745140076
7.125,12688.0,0.7216017246246338
7.125,12688.0,0.72165447473526
7.12109375,12688.0,0.7217072248458862
7.12109375,12688.0,0.7217599749565125
7.12109375,12688.0,0.7218127250671387
7.1171875,12688.0,0.7218654751777649
7.1171875,12688.0,0.7219182252883911
7.1171875,12696.0,0.7219709753990173
7.11328125,12696.0,0.7220237255096436
7.11328125,12696.0,0.7220764756202698
7.109375,12696.0,0.722129225730896
7.109375,12696.0,0.7221819758415222
7.109375,12696.0,0.7222347259521484
7.10546875,12696.0,0.7222874760627747
7.10546875,12696.0,0.7223402261734009
7.10546875,12696.0,0.7223929762840271
7.1015625,12696.0,0.7224457263946533
7.1015625,12696.0,0.7224984765052795
7.09765625,12704.0,0.7225512266159058
7.09765625,12704.0,0.722603976726532
7.09375,12704.0,0.7226567268371582
7.09375,12704.0,0.7227094769477844
7.09375,12704.0,0.7227622270584106
7.08984375,12704.0,0.7228149771690369
7.08984375,12704.0,0.7228677272796631
7.0859375,12704.0,0.7229204773902893
7.0859375,12704.0,0.7229732275009155
7.08203125,12704.0,0.7230259776115417
7.08203125,12704.0,0.723078727722168
7.08203125,12712.0,0.7231314778327942
7.078125,12712.0,0.7231842279434204
7.078125,12712.0,0.7232369780540466
7.07421875,12712.0,0.7232897281646729
7.07421875,12712.0,0.7233424782752991
7.0703125,12712.0,0.7233952283859253
7.0703125,12712.0,0.7234479784965515
7.06640625,12712.0,0.7235007286071777
7.06640625,12712.0,0.723553478717804
7.06640625,12712.0,0.7236062288284302
7.0625,12712.0,0.7236589789390564
7.0625,12720.0,0.7237117290496826
7.05859375,12720.0,0.7237644791603088
7.05859375,12720.0,0.7238172292709351
7.0546875,12720.0,0.7238699793815613
7.0546875,12720.0,0.7239227294921875
7.0546875,12720.0,0.7239754796028137
7.05078125,12720.0,0.7240282297134399
7.05078125,12720.0,0.7240809798240662
7.046875,12720.0,0.7241337299346924
7.046875,12720.0,0.7241864800453186
7.04296875,12720.0,0.7242392301559448
7.04296875,12728.0,0.724291980266571
7.04296875,12728.0,0.7243447303771973
7.0390625,12728.0,0.7243974804878235
7.0390625,12728.0,0.7244502305984497
7.0390625,12728.0,0.7245029807090759
7.03515625,12728.0,0.7245557308197021
7.03515625,12728.0,0.7246084809303284
7.03125,12728.0,0.7246612310409546
7.03125,12728.0,0.7247139811515808
7.03125,12728.0,0.724766731262207
7.02734375,12728.0,0.7248194813728333
7.02734375,12736.0,0.7248722314834595
7.02734375,12736.0,0.7249249815940857
7.0234375,12736.0,0.7249777317047119
7.0234375,12736.0,0.7250304818153381
7.0234375,12736.0,0.7250832319259644
7.01953125,12736.0,0.7251359820365906
7.01953125,12736.0,0.7251887321472168
7.01953125,12736.0,0.725241482257843
7.015625,12736.0,0.7252942323684692
7.015625,12736.0,0.7253469824790955
7.015625,12736.0,0.7253997325897217
7.015625,12736.0,0.7254524827003479
7.01171875,12744.0,0.7255052328109741
7.01171875,12744.0,0.7255579829216003
7.01171875,12744.0,0.7256107330322266
7.01171875,12744.0,0.7256634831428528
7.0078125,12744.0,0.725716233253479
7.0078125,12744.0,0.7257689833641052
7.0078125,12744.0,0.7258217334747314
7.0078125,12744.0,0.7258744835853577
7.0078125,12744.0,0.7259272336959839
7.0078125,12744.0,0.7259799838066101
7.00390625,12744.0,0.7260327339172363
7.00390625,12752.0,0.7260854840278625
7.00390625,12752.0,0.7261382341384888
7.00390625,12752.0,0.726190984249115
7.00390625,12752.0,0.7262437343597412
7.00390625,12752.0,0.7262964844703674
7.00390625,12752.0,0.7263492345809937
7.00390625,12752.0,0.7264019846916199
7.0,12752.0,0.7264547348022461
7.0,12752.0,0.7265074849128723
7.0,12752.0,0.7265602350234985
7.0,12752.0,0.7266129851341248
7.0,12760.0,0.726665735244751
7.0,12760.0,0.7267184853553772
7.0,12760.0,0.7267712354660034
7.0,12760.0,0.7268239855766296
7.0,12760.0,0.7268767356872559
7.0,12760.0,0.7269294857978821
7.0,12760.0,0.7269822359085083
7.0,12760.0,0.7270349860191345
7.0,12760.0,0.7270877361297607
7.0,12760.0,0.727140486240387
7.00390625,12760.0,0.7271932363510132
7.00390625,12768.0,0.7272459864616394
7.00390625,12768.0,0.7272987365722656
7.00390625,12768.0,0.7273514866828918
7.00390625,12768.0,0.7274042367935181
7.00390625,12768.0,0.7274569869041443
7.00390625,12768.0,0.7275097370147705
7.00390625,12768.0,0.7275624871253967
7.0078125,12768.0,0.727615237236023
7.0078125,12768.0,0.7276679873466492
7.0078125,12768.0,0.7277207374572754
7.0078125,12768.0,0.7277734875679016
7.0078125,12768.0,0.7278262376785278
7.01171875,12776.0,0.727878987789154
7.01171875,12776.0,0.7279317378997803
7.01171875,12776.0,0.7279844880104065
7.01171875,12776.0,0.7280372381210327
7.015625,12776.0,0.7280899882316589
7.015625,12776.0,0.7281427383422852
7.015625,12776.0,0.7281954884529114
7.015625,12776.0,0.7282482385635376
7.01953125,12776.0,0.7283009886741638
7.01953125,12776.0,0.72835373878479
7.01953125,12776.0,0.7284064888954163
7.0234375,12784.0,0.7284592390060425
7.0234375,12784.0,0.7285119891166687
7.0234375,12784.0,0.7285647392272949
7.02734375,12784.0,0.7286174893379211
7.02734375,12784.0,0.7286702394485474
7.02734375,12784.0,0.7287229895591736
7.03125,12784.0,0.7287757396697998
7.03125,12784.0,0.728828489780426
7.03515625,12784.0,0.7288812398910522
7.03515625,12784.0,0.7289339900016785
7.03515625,12784.0,0.7289867401123047
7.0390625,12792.0,0.7290394902229309
7.0390625,12792.0,0.7290922403335571
7.04296875,12792.0,0.7291449904441833
7.04296875,12792.0,0.7291977405548096
7.04296875,12792.0,0.7292504906654358
7.046875,12792.0,0.729303240776062
7.046875,12792.0,0.7293559908866882
7.05078125,12792.0,0.7294087409973145
7.05078125,12792.0,0.7294614911079407
7.0546875,12792.0,0.7295142412185669
7.0546875,12792.0,0.7295669913291931
7.05859375,12792.0,0.7296197414398193
7.05859375,12800.0,0.7296724915504456
7.0625,12800.0,0.7297252416610718
7.0625,12800.0,0.729777991771698
7.06640625,12800.0,0.7298307418823242
7.06640625,12800.0,0.7298834919929504
7.0703125,12800.0,0.7299362421035767
7.0703125,12800.0,0.7299889922142029
7.07421875,12800.0,0.7300417423248291
7.07421875,12800.0,0.7300944924354553
7.078125,12800.0,0.7301472425460815
7.078125,12800.0,0.7301999926567078
7.08203125,12808.0,0.730252742767334
7.08203125,12808.0,0.7303054928779602
7.0859375,12808.0,0.7303582429885864
7.0859375,12808.0,0.7304109930992126
7.08984375,12808.0,0.7304637432098389
7.08984375,12808.0,0.7305164933204651
7.09375,12808.0,0.7305692434310913
7.09375,12808.0,0.7306219935417175
7.09765625,12808.0,0.7306747436523438
7.09765625,12808.0,0.73072749376297
7.1015625,12808.0,0.7307802438735962
7.1015625,12816.0,0.7308329939842224
7.10546875,12816.0,0.7308857440948486
7.10546875,12816.0,0.7309384942054749
7.109375,12816.0,0.7309912443161011
7.109375,12816.0,0.7310439944267273
7.11328125,12816.0,0.7310967445373535
7.11328125,12816.0,0.7311494946479797
7.1171875,12816.0,0.731202244758606
7.1171875,12816.0,0.7312549948692322
7.12109375,12816.0,0.7313077449798584
7.12109375,12816.0,0.7313604950904846
7.125,12816.0,0.7314132452011108
7.125,12824.0,0.7314659953117371
7.12890625,12824.0,0.7315187454223633
7.12890625,12824.0,0.7315714955329895
7.1328125,12824.0,0.7316242456436157
7.1328125,12824.0,0.7316769957542419
7.13671875,12824.0,0.7317297458648682
7.13671875,12824.0,0.7317824959754944
7.140625,12824.0,0.7318352460861206
7.140625,12824.0,0.7318879961967468
7.14453125,12824.0,0.731940746307373
7.14453125,12824.0,0.7319934964179993
7.14453125,12832.0,0.7320462465286255
7.1484375,12832.0,0.7320989966392517
7.1484375,12832.0,0.7321517467498779
7.15234375,12832.0,0.7322044968605042
7.15234375,12832.0,0.7322572469711304
7.15234375,12832.0,0.7323099970817566
7.15625,12832.0,0.7323627471923828
7.15625,12832.0,0.732415497303009
7.15625,12832.0,0.7324682474136353
7.16015625,12832.0,0.7325209975242615
7.16015625,12832.0,0.7325737476348877
7.1640625,12840.0,0.7326264977455139
7.1640625,12840.0,0.7326792478561401
7.1640625,12840.0,0.7327319979667664
7.16796875,12840.0,0.7327847480773926
7.16796875,12840.0,0.7328374981880188
7.16796875,12840.0,0.732890248298645
7.16796875,12840.0,0.7329429984092712
7.171875,12840.0,0.7329957485198975
7.171875,12840.0,0.7330484986305237
7.171875,12840.0,0.7331012487411499
7.171875,12840.0,0.7331539988517761
7.17578125,12840.0,0.7332067489624023
7.17578125,12848.0,0.7332594990730286
7.17578125,12848.0,0.7333122491836548
7.17578125,12848.0,0.733364999294281
7.1796875,12848.0,0.7334177494049072
7.1796875,12848.0,0.7334704995155334
7.1796875,12848.0,0.7335232496261597
7.1796875,12848.0,0.7335759997367859
7.1796875,12848.0,0.7336287498474121
7.1796875,12848.0,0.7336814999580383
7.18359375,12848.0,0.7337342500686646
7.18359375,12848.0,0.7337870001792908
7.18359375,12856.0,0.733839750289917
7.18359375,12856.0,0.7338925004005432
7.18359375,12856.0,0.7339452505111694
7.18359375,12856.0,0.7339980006217957
7.18359375,12856.0,0.7340507507324219
7.18359375,12856.0,0.7341035008430481
7.18359375,12856.0,0.7341562509536743
7.18359375,12856.0,0.7342090010643005
7.18359375,12856.0,0.7342617511749268
7.18359375,12856.0,0.734314501285553
7.18359375,12856.0,0.7343672513961792
7.18359375,12856.0,0.7344200015068054
7.18359375,12864.0,0.7344727516174316
7.18359375,12864.0,0.7345255017280579
7.18359375,12864.0,0.7345782518386841
7.18359375,12864.0,0.7346310019493103
7.18359375,12864.0,0.7346837520599365
7.18359375,12864.0,0.7347365021705627
7.18359375,12864.0,0.734789252281189
7.18359375,12864.0,0.7348420023918152
7.18359375,12864.0,0.7348947525024414
7.18359375,12864.0,0.7349475026130676
7.18359375,12864.0,0.7350002527236938
7.1796875,12872.0,0.7350530028343201
7.1796875,12872.0,0.7351057529449463
7.1796875,12872.0,0.7351585030555725
7.1796875,12872.0,0.7352112531661987
7.1796875,12872.0,0.735264003276825
7.1796875,12872.0,0.7353167533874512
7.17578125,12872.0,0.7353695034980774
7.17578125,12872.0,0.7354222536087036
7.17578125,12872.0,0.7354750037193298
7.17578125,12872.0,0.735527753829956
7.17578125,12872.0,0.7355805039405823
7.171875,12872.0,0.7356332540512085
7.171875,12880.0,0.7356860041618347
7.171875,12880.0,0.7357387542724609
7.171875,12880.0,0.7357915043830872
7.16796875,12880.0,0.7358442544937134
7.16796875,12880.0,0.7358970046043396
7.16796875,12880.0,0.7359410524368286
7.16796875,12880.0,0.735984742641449
7.1640625,12880.0,0.7360332608222961
7.1640625,12880.0,0.7360712289810181
7.1640625,12880.0,0.736108124256134
7.1640625,12880.0,0.7361428141593933
7.16015625,12880.0,0.7361788749694824
7.16015625,12880.0,0.7362146377563477
7.16015625,12880.0,0.7362515926361084
7.16015625,12888.0,0.7362866997718811
7.15625,12888.0,0.7363260984420776
7.15625,12888.0,0.7363633513450623
7.15625,12888.0,0.7364075779914856
7.15625,12888.0,0.7364461421966553
7.15234375,12888.0,0.7364899516105652
7.15234375,12888.0,0.7365319728851318
7.15234375,12888.0,0.7365731596946716
7.15234375,12888.0,0.736609697341919
7.1484375,12888.0,0.7366448044776917
7.1484375,12888.0,0.7366835474967957
7.1484375,12888.0,0.7367268800735474
7.14453125,12888.0,0.7367695569992065
7.14453125,12888.0,0.7368142008781433
7.14453125,12888.0,0.7368577718734741
7.140625,12896.0,0.736896812915802
7.140625,12896.0,0.736933708190918
7.140625,12896.0,0.7369751930236816
7.140625,12896.0,0.7370185256004333
7.13671875,12896.0,0.7370566725730896
7.13671875,12896.0,0.7370975017547607
7.13671875,12896.0,0.7371398210525513
7.1328125,12896.0,0.7371821999549866
7.1328125,12896.0,0.7372258305549622
7.1328125,12896.0,0.737262487411499
7.12890625,12896.0,0.7372995615005493
7.12890625,12896.0,0.7373449206352234
7.12890625,12896.0,0.7373839020729065
7.125,12896.0,0.737430214881897
7.125,12896.0,0.7374772429466248
7.125,12904.0,0.7375249862670898
7.12109375,12904.0,0.7375683784484863
7.12109375,12904.0,0.7376124262809753
7.12109375,12904.0,0.7376591563224792
7.1171875,12904.0,0.7377002239227295
7.1171875,12904.0,0.7377416491508484
7.1171875,12904.0,0.7377762198448181
7.11328125,12904.0,0.737821102142334
7.11328125,12904.0,0.7378659844398499
7.11328125,12904.0,0.7379085421562195
7.109375,12904.0,0.7379558682441711
7.109375,12904.0,0.7380061745643616
7.10546875,12904.0,0.7380483150482178
7.10546875,12904.0,0.738088071346283
7.10546875,12912.0,0.7381289005279541
7.1015625,12912.0,0.7381719946861267
7.1015625,12912.0,0.738218367099762
7.1015625,12912.0,0.7382671236991882
7.09765625,12912.0,0.7383103370666504
7.09765625,12912.0,0.7383512854576111
7.09765625,12912.0,0.7383933067321777
7.09375,12912.0,0.7384390830993652
7.09375,12912.0,0.738481342792511
7.09375,12912.0,0.7385194897651672
7.09375,12912.0,0.7385545969009399
7.08984375,12912.0,0.7385956645011902
7.08984375,12912.0,0.7386351227760315
7.08984375,12912.0,0.7386782169342041
7.0859375,12912.0,0.7387222647666931
7.0859375,12920.0,0.7387600541114807
7.0859375,12920.0,0.7387980818748474
7.0859375,12920.0,0.7388359308242798
7.08203125,12920.0,0.7388755679130554
7.08203125,12920.0,0.7389114499092102
7.08203125,12920.0,0.7389554381370544
7.08203125,12920.0,0.7389976382255554
7.078125,12920.0,0.7390394806861877
7.078125,12920.0,0.7390826940536499
7.078125,12920.0,0.7391285300254822
7.07421875,12920.0,0.7391671538352966
7.07421875,12920.0,0.739210307598114
7.07421875,12920.0,0.7392512559890747
7.07421875,12920.0,0.7392982840538025
7.0703125,12920.0,0.7393401861190796
7.0703125,12928.0,0.7393815517425537
7.0703125,12928.0,0.7394198179244995
7.0703125,12928.0,0.7394557595252991
7.0703125,12928.0,0.7394936680793762
7.06640625,12928.0,0.7395339012145996
7.06640625,12928.0,0.7395755648612976
7.06640625,12928.0,0.7396172881126404
7.06640625,12928.0,0.7396580576896667
7.06640625,12928.0,0.7397063374519348
7.0625,12928.0,0.7397519946098328
7.0625,12928.0,0.7397925853729248
7.0625,12928.0,0.7398326992988586
7.0625,12928.0,0.7398729920387268
7.0625,12928.0,0.7399122714996338
7.0625,12928.0,0.7399494051933289
7.05859375,12936.0,0.7399949431419373
7.05859375,12936.0,0.7400342226028442
7.05859375,12936.0,0.7400766611099243
7.05859375,12936.0,0.7401180267333984
7.05859375,12936.0,0.7401583194732666
7.05859375,12936.0,0.7401955723762512
7.05859375,12936.0,0.7402337789535522
7.0546875,12936.0,0.740279495716095
7.0546875,12936.0,0.7403268218040466
7.0546875,12936.0,0.7403737902641296
7.0546875,12936.0,0.7404114603996277
7.0546875,12936.0,0.740448534488678
7.0546875,12936.0,0.7404926419258118
7.0546875,12936.0,0.7405331134796143
7.0546875,12936.0,0.740578830242157
7.0546875,12944.0,0.7406214475631714
7.0546875,12944.0,0.7406692504882812
7.0546875,12944.0,0.7407054901123047
7.0546875,12944.0,0.7407403588294983
7.0546875,12944.0,0.7407864928245544
7.0546875,12944.0,0.7408221364021301
7.05078125,12944.0,0.740868091583252
7.05078125,12944.0,0.740907609462738
7.05078125,12944.0,0.7409501075744629
7.05078125,12944.0,0.7409995198249817
7.05078125,12944.0,0.7410411238670349
7.05078125,12944.0,0.7410842180252075
7.05078125,12944.0,0.741129457950592
7.0546875,12944.0,0.7411655187606812
7.0546875,12952.0,0.7412079572677612
7.0546875,12952.0,0.7412505149841309
7.0546875,12952.0,0.7412930727005005
7.0546875,12952.0,0.7413358092308044
7.0546875,12952.0,0.7413793206214905
7.0546875,12952.0,0.7414215207099915
7.0546875,12952.0,0.7414661645889282
7.0546875,12952.0,0.7415128946304321
7.0546875,12952.0,0.7415585517883301
7.0546875,12952.0,0.7415972948074341
7.0546875,12952.0,0.7416354417800903
7.0546875,12952.0,0.7416759729385376
7.0546875,12952.0,0.7417161464691162
7.05859375,12952.0,0.7417579293251038
7.05859375,12952.0,0.7418040037155151
7.05859375,12960.0,0.7418485283851624
7.05859375,12960.0,0.7418915033340454
7.05859375,12960.0,0.7419390678405762
7.05859375,12960.0,0.7419809699058533
7.0625,12960.0,0.7420271039009094
7.0625,12960.0,0.7420725226402283
7.0625,12960.0,0.742119550704956
7.0625,12960.0,0.7421690225601196
7.0625,12960.0,0.7422056198120117
7.0625,12960.0,0.7422435283660889
7.06640625,12960.0,0.7422888875007629
7.06640625,12960.0,0.7423339486122131
7.06640625,12960.0,0.7423781752586365
7.06640625,12960.0,0.7424260377883911
7.0703125,12968.0,0.7424681186676025
7.0703125,12968.0,0.7425122261047363
7.0703125,12968.0,0.7425564527511597
7.0703125,12968.0,0.7425923943519592
7.07421875,12968.0,0.7426314353942871
7.07421875,12968.0,0.7426714897155762
7.07421875,12968.0,0.742714524269104
7.07421875,12968.0,0.7427588701248169
7.078125,12968.0,0.7427985072135925
7.078125,12968.0,0.7428407669067383
7.078125,12968.0,0.7428829669952393
7.08203125,12968.0,0.7429277300834656
7.08203125,12968.0,0.7429760694503784
7.08203125,12968.0,0.7430179119110107
7.08203125,12968.0,0.7430517673492432
7.0859375,12976.0,0.7430914640426636
7.0859375,12976.0,0.743135929107666
7.0859375,12976.0,0.7431705594062805
7.08984375,12976.0,0.7432134747505188
7.08984375,12976.0,0.7432551980018616
7.08984375,12976.0,0.7432990670204163
7.09375,12976.0,0.7433465123176575
7.09375,12976.0,0.7433792948722839
7.09375,12976.0,0.7434223294258118
7.09765625,12976.0,0.7434569001197815
7.09765625,12976.0,0.7434912323951721
7.09765625,12976.0,0.7435263395309448
7.1015625,12976.0,0.7435675859451294
7.1015625,12976.0,0.7436079978942871
7.1015625,12976.0,0.7436478137969971
7.10546875,12976.0,0.7436860203742981
7.10546875,12984.0,0.743725061416626
7.10546875,12984.0,0.7437708377838135
7.109375,12984.0,0.7438162565231323
7.109375,12984.0,0.7438619136810303
7.11328125,12984.0,0.7438945174217224
7.11328125,12984.0,0.7439353466033936
7.11328125,12984.0,0.7439771294593811
7.1171875,12984.0,0.7440156936645508
7.1171875,12984.0,0.7440504431724548
7.12109375,12984.0,0.7440937161445618
7.12109375,12984.0,0.7441394925117493
7.125,12984.0,0.7441838383674622
7.125,12984.0,0.7442267537117004
7.125,12984.0,0.744259774684906
7.12890625,12984.0,0.7443009614944458
7.12890625,12984.0,0.7443302869796753
7.12890625,12992.0,0.7443748712539673
7.1328125,12992.0,0.744421124458313
7.1328125,12992.0,0.7444672584533691
7.13671875,12992.0,0.7445060610771179
7.13671875,12992.0,0.7445468306541443
7.140625,12992.0,0.7445926070213318
7.140625,12992.0,0.744623064994812
7.140625,12992.0,0.7446614503860474
7.14453125,12992.0,0.7446936964988708
7.14453125,12992.0,0.7447335124015808
7.1484375,12992.0,0.7447779178619385
7.1484375,12992.0,0.7448140382766724
7.1484375,12992.0,0.7448566555976868
7.15234375,12992.0,0.7449024319648743
7.15234375,12992.0,0.7449472546577454
7.15625,13000.0,0.744991660118103
7.15625,13000.0,0.7450369000434875
7.16015625,13000.0,0.7450808882713318
7.16015625,13000.0,0.7451281547546387
7.1640625,13000.0,0.7451704144477844
7.1640625,13000.0,0.745220959186554
7.16796875,13000.0,0.7452527284622192
7.16796875,13000.0,0.7452946901321411
7.171875,13000.0,0.7453404068946838
7.171875,13000.0,0.7453694343566895
7.171875,13000.0,0.7454056143760681
7.17578125,13000.0,0.7454483509063721
7.17578125,13000.0,0.7454982995986938
7.1796875,13000.0,0.74554044008255
7.1796875,13000.0,0.7455877065658569
7.18359375,13008.0,0.7456310987472534
7.18359375,13008.0,0.745675802230835
7.1875,13008.0,0.7457170486450195
7.1875,13008.0,0.7457623481750488
7.1875,13008.0,0.745807945728302
7.19140625,13008.0,0.7458581328392029
7.19140625,13008.0,0.7459084987640381
7.1953125,13008.0,0.7459449768066406
7.1953125,13008.0,0.7459898591041565
7.19921875,13008.0,0.7460315227508545
7.19921875,13008.0,0.7460744380950928
7.19921875,13008.0,0.7461140751838684
7.203125,13008.0,0.7461601495742798
7.203125,13008.0,0.7462047338485718
7.20703125,13016.0,0.7462496161460876
7.20703125,13016.0,0.7462934851646423
7.2109375,13016.0,0.7463375329971313
7.2109375,13016.0,0.7463840842247009
7.2109375,13016.0,0.7464312314987183
7.21484375,13016.0,0.7464776039123535
7.21484375,13016.0,0.7465242147445679
7.21875,13016.0,0.7465690970420837
7.21875,13016.0,0.7466140389442444
7.21875,13016.0,0.7466591000556946
7.22265625,13016.0,0.7467057108879089
7.22265625,13016.0,0.7467508912086487
7.22265625,13016.0,0.7467981576919556
7.2265625,13016.0,0.7468312978744507
7.2265625,13016.0,0.7468596696853638
7.2265625,13024.0,0.7468941807746887
7.23046875,13024.0,0.7469290494918823
7.23046875,13024.0,0.7469610571861267
7.23046875,13024.0,0.7469942569732666
7.23046875,13024.0,0.7470393180847168
7.234375,13024.0,0.7470876574516296
7.234375,13024.0,0.7471371293067932
7.234375,13024.0,0.7471809387207031
7.23828125,13024.0,0.7472285032272339
7.23828125,13024.0,0.7472747564315796
7.23828125,13024.0,0.7473230361938477
7.2421875,13024.0,0.7473659515380859
7.2421875,13024.0,0.7474120259284973
7.2421875,13024.0,0.7474607825279236
7.2421875,13032.0,0.7475040555000305
7.24609375,13032.0,0.7475485801696777
7.24609375,13032.0,0.7475938200950623
7.24609375,13032.0,0.7476391792297363
7.24609375,13032.0,0.7476845383644104
7.25,13032.0,0.7477344870567322
7.25,13032.0,0.7477789521217346
7.25,13032.0,0.7478256225585938
7.25,13032.0,0.7478705048561096
7.25390625,13032.0,0.7479161024093628
7.25390625,13032.0,0.7479646801948547
7.25390625,13032.0,0.7480111122131348
7.25390625,13032.0,0.7480555772781372
7.25390625,13032.0,0.748102605342865
7.25390625,13040.0,0.7481513023376465
7.2578125,13040.0,0.7481982707977295
7.2578125,13040.0,0.7482466101646423
7.2578125,13040.0,0.7482919692993164
7.2578125,13040.0,0.7483372092247009
7.2578125,13040.0,0.7483821511268616
7.2578125,13040.0,0.74842768907547
7.2578125,13040.0,0.748476505279541
7.26171875,13040.0,0.7485253214836121
7.26171875,13040.0,0.7485726475715637
7.26171875,13040.0,0.748616099357605
7.26171875,13040.0,0.7486639022827148
7.26171875,13040.0,0.7487127184867859
7.26171875,13040.0,0.7487599849700928
7.26171875,13048.0,0.7488099932670593
7.26171875,13048.0,0.748841404914856
7.26171875,13048.0,0.7488768100738525
7.26171875,13048.0,0.7489180564880371
7.26171875,13048.0,0.7489619851112366
7.26171875,13048.0,0.7490079402923584
7.26171875,13048.0,0.7490555644035339
7.26171875,13048.0,0.7491034269332886
7.26171875,13048.0,0.7491511106491089
7.26171875,13048.0,0.7492005825042725
7.26171875,13048.0,0.7492474317550659
7.26171875,13048.0,0.7492908239364624
7.26171875,13048.0,0.7493382692337036
7.26171875,13048.0,0.749386727809906
7.26171875,13056.0,0.7494367957115173
7.26171875,13056.0,0.7494868636131287
7.26171875,13056.0,0.74953693151474
7.26171875,13056.0,0.7495869994163513
7.26171875,13056.0,0.7496370673179626
7.26171875,13056.0,0.749687135219574
7.2578125,13056.0,0.7497372031211853
7.2578125,13056.0,0.7497872710227966
7.2578125,13056.0,0.749837338924408
7.2578125,13056.0,0.7498874068260193
7.2578125,13056.0,0.7499374747276306
7.2578125,13056.0,0.7499875426292419
7.2578125,13056.0,0.7500376105308533
7.2578125,13064.0,0.7500876784324646
7.25390625,13064.0,0.7501377463340759
7.25390625,13064.0,0.7501878142356873
7.25390625,13064.0,0.7502378821372986
7.25390625,13064.0,0.7502879500389099
7.25390625,13064.0,0.7503380179405212
7.25,13064.0,0.7503880858421326
7.25,13064.0,0.7504381537437439
7.25,13064.0,0.7504882216453552
7.25,13064.0,0.7505382895469666
7.25,13064.0,0.7505883574485779
7.24609375,13064.0,0.7506384253501892
7.24609375,13064.0,0.7506884932518005
7.24609375,13072.0,0.7507385611534119
7.24609375,13072.0,0.7507886290550232
7.2421875,13072.0,0.7508386969566345
7.2421875,13072.0,0.7508887648582458
7.2421875,13072.0,0.7509388327598572
7.2421875,13072.0,0.7509889006614685
7.23828125,13072.0,0.7510389685630798
7.23828125,13072.0,0.7510890364646912
7.23828125,13072.0,0.7511391043663025
7.23828125,13072.0,0.7511891722679138
7.234375,13072.0,0.7512392401695251
7.234375,13072.0,0.7512893080711365
7.234375,13080.0,0.7513393759727478
7.23046875,13080.0,0.7513894438743591
7.23046875,13080.0,0.7514395117759705
7.23046875,13080.0,0.7514895796775818
7.23046875,13080.0,0.7515396475791931
7.2265625,13080.0,0.7515897154808044
7.2265625,13080.0,0.7516397833824158
7.2265625,13080.0,0.7516898512840271
7.22265625,13080.0,0.7517399191856384
7.22265625,13080.0,0.7517899870872498
7.22265625,13080.0,0.7518400549888611
7.21875,13080.0,0.7518901228904724
7.21875,13080.0,0.7519401907920837
7.21875,13088.0,0.7519902586936951
7.21484375,13088.0,0.7520403265953064
7.21484375,13088.0,0.7520903944969177
7.21484375,13088.0,0.752140462398529
7.2109375,13088.0,0.7521905303001404
7.2109375,13088.0,0.7522405982017517
7.2109375,13088.0,0.752290666103363
7.2109375,13088.0,0.7523407340049744
7.20703125,13088.0,0.7523908019065857
7.20703125,13088.0,0.752440869808197
7.20703125,13088.0,0.7524909377098083
7.203125,13088.0,0.7525410056114197
7.203125,13088.0,0.752591073513031
7.203125,13096.0,0.7526411414146423
7.19921875,13096.0,0.7526912093162537
7.19921875,13096.0,0.752741277217865
7.19921875,13096.0,0.7527913451194763
7.19921875,13096.0,0.7528414130210876
7.1953125,13096.0,0.752891480922699
7.1953125,13096.0,0.7529415488243103
7.1953125,13096.0,0.7529916167259216
7.19140625,13096.0,0.753041684627533
7.19140625,13096.0,0.7530917525291443
7.19140625,13096.0,0.7531418204307556
7.19140625,13096.0,0.7531918883323669
7.1875,13096.0,0.7532419562339783
7.1875,13104.0,0.7532920241355896
7.1875,13104.0,0.7533420920372009
7.1875,13104.0,0.7533921599388123
7.18359375,13104.0,0.7534422278404236
7.18359375,13104.0,0.7534922957420349
7.18359375,13104.0,0.7535423636436462
7.18359375,13104.0,0.7535924315452576
7.1796875,13104.0,0.7536424994468689
7.1796875,13104.0,0.7536925673484802
7.1796875,13104.0,0.7537426352500916
7.1796875,13104.0,0.7537927031517029
7.1796875,13104.0,0.7538427710533142
7.1796875,13104.0,0.7538928389549255
7.17578125,13112.0,0.7539429068565369
7.17578125,13112.0,0.7539929747581482
7.17578125,13112.0,0.7540430426597595
7.17578125,13112.0,0.7540931105613708
7.17578125,13112.0,0.7541431784629822
7.17578125,13112.0,0.7541932463645935
7.171875,13112.0,0.7542433142662048
7.171875,13112.0,0.7542933821678162
7.171875,13112.0,0.7543434500694275
7.171875,13112.0,0.7543935179710388
7.171875,13112.0,0.7544435858726501
7.171875,13112.0,0.7544936537742615
7.171875,13112.0,0.7545437216758728
7.171875,13120.0,0.7545937895774841
7.171875,13120.0,0.7546438574790955
7.171875,13120.0,0.7546939253807068
7.171875,13120.0,0.7547439932823181
7.171875,13120.0,0.7547940611839294
7.171875,13120.0,0.7548441290855408
7.171875,13120.0,0.7548941969871521
7.171875,13120.0,0.7549442648887634
7.171875,13120.0,0.7549943327903748
7.171875,13120.0,0.7550444006919861
7.171875,13120.0,0.7550944685935974
7.171875,13120.0,0.7551445364952087
7.171875,13120.0,0.7551946043968201
7.171875,13128.0,0.7552446722984314
7.171875,13128.0,0.7552947402000427
7.171875,13128.0,0.755344808101654
7.171875,13128.0,0.7553948760032654
7.171875,13128.0,0.7554449439048767
7.171875,13128.0,0.755495011806488
7.171875,13128.0,0.7555450797080994
7.171875,13128.0,0.7555951476097107
7.17578125,13128.0,0.755645215511322
7.17578125,13128.0,0.7556952834129333
7.17578125,13128.0,0.7557453513145447
7.17578125,13128.0,0.755795419216156
7.17578125,13128.0,0.7558454871177673
7.17578125,13128.0,0.7558955550193787
7.1796875,13136.0,0.75594562292099
7.1796875,13136.0,0.7559956908226013
7.1796875,13136.0,0.7560457587242126
7.1796875,13136.0,0.756095826625824
7.1796875,13136.0,0.7561458945274353
7.18359375,13136.0,0.7561959624290466
7.18359375,13136.0,0.756246030330658
7.18359375,13136.0,0.7562960982322693
7.18359375,13136.0,0.7563461661338806
7.1875,13136.0,0.7563962340354919
7.1875,13136.0,0.7564463019371033
7.1875,13136.0,0.7564963698387146
7.19140625,13136.0,0.7565464377403259
7.19140625,13144.0,0.7565965056419373
7.19140625,13144.0,0.7566465735435486
7.1953125,13144.0,0.7566966414451599
7.1953125,13144.0,0.7567467093467712
7.1953125,13144.0,0.7567967772483826
7.19921875,13144.0,0.7568468451499939
7.19921875,13144.0,0.7568969130516052
7.19921875,13144.0,0.7569469809532166
7.203125,13144.0,0.7569970488548279
7.203125,13144.0,0.7570471167564392
7.20703125,13144.0,0.7570971846580505
7.20703125,13144.0,0.7571472525596619
7.20703125,13144.0,0.7571973204612732
7.2109375,13152.0,0.7572473883628845
7.2109375,13152.0,0.7572974562644958
7.21484375,13152.0,0.7573475241661072
7.21484375,13152.0,0.7573975920677185
7.21875,13152.0,0.7574476599693298
7.21875,13152.0,0.7574977278709412
7.22265625,13152.0,0.7575477957725525
7.22265625,13152.0,0.7575978636741638
7.2265625,13152.0,0.7576479315757751
7.2265625,13152.0,0.7576979994773865
7.23046875,13152.0,0.7577480673789978
7.23046875,13152.0,0.7577981352806091
7.234375,13152.0,0.7578482031822205
7.234375,13160.0,0.7578982710838318
7.23828125,13160.0,0.7579483389854431
7.23828125,13160.0,0.7579984068870544
7.2421875,13160.0,0.7580484747886658
7.2421875,13160.0,0.7580985426902771
7.24609375,13160.0,0.7581486105918884
7.24609375,13160.0,0.7581986784934998
7.25,13160.0,0.7582487463951111
7.25390625,13160.0,0.7582988142967224
7.25390625,13160.0,0.7583488821983337
7.2578125,13160.0,0.7583989500999451
7.2578125,13160.0,0.7584490180015564
7.26171875,13160.0,0.7584990859031677
7.265625,13168.0,0.758549153804779
7.265625,13168.0,0.7585992217063904
7.26953125,13168.0,0.7586492896080017
7.26953125,13168.0,0.758699357509613
7.2734375,13168.0,0.7587494254112244
7.27734375,13168.0,0.7587994933128357
7.27734375,13168.0,0.758849561214447
7.28125,13168.0,0.7588996291160583
7.28125,13168.0,0.7589496970176697
7.28515625,13168.0,0.758999764919281
7.2890625,13168.0,0.7590498328208923
7.2890625,13168.0,0.7590999007225037
7.29296875,13168.0,0.759149968624115
7.29296875,13168.0,0.7592000365257263
7.296875,13176.0,0.7592501044273376
7.30078125,13176.0,0.759300172328949
7.30078125,13176.0,0.7593502402305603
7.3046875,13176.0,0.7594003081321716
7.30859375,13176.0,0.759450376033783
7.30859375,13176.0,0.7595004439353943
7.3125,13176.0,0.7595505118370056
7.31640625,13176.0,0.7596005797386169
7.31640625,13176.0,0.7596506476402283
7.3203125,13176.0,0.7597007155418396
7.3203125,13176.0,0.7597507834434509
7.32421875,13176.0,0.7598008513450623
7.328125,13176.0,0.7598509192466736
7.328125,13184.0,0.7599009871482849
7.33203125,13184.0,0.7599510550498962
7.3359375,13184.0,0.7600011229515076
7.3359375,13184.0,0.7600511908531189
7.33984375,13184.0,0.7601012587547302
7.33984375,13184.0,0.7601513266563416
7.34375,13184.0,0.7602013945579529
7.34765625,13184.0,0.7602514624595642
7.34765625,13184.0,0.7603015303611755
7.3515625,13184.0,0.7603515982627869
7.3515625,13184.0,0.7604016661643982
7.35546875,13184.0,0.7604517340660095
7.359375,13184.0,0.7605018019676208
7.359375,13184.0,0.7605518698692322
7.36328125,13192.0,0.7606019377708435
7.36328125,13192.0,0.7606520056724548
7.3671875,13192.0,0.7607020735740662
7.37109375,13192.0,0.7607521414756775
7.37109375,13192.0,0.7608022093772888
7.375,13192.0,0.7608522772789001
7.375,13192.0,0.7609023451805115
7.37890625,13192.0,0.7609524130821228
7.37890625,13192.0,0.7610024809837341
7.3828125,13192.0,0.7610525488853455
7.3828125,13192.0,0.7611026167869568
7.38671875,13192.0,0.7611526846885681
7.390625,13192.0,0.7612027525901794
7.390625,13200.0,0.7612528204917908
7.39453125,13200.0,0.7613028883934021
7.39453125,13200.0,0.7613529562950134
7.3984375,13200.0,0.7614030241966248
7.3984375,13200.0,0.7614530920982361
7.40234375,13200.0,0.7615031599998474
7.40234375,13200.0,0.7615532279014587
7.40234375,13200.0,0.7616032958030701
7.40625,13200.0,0.7616533637046814
7.40625,13200.0,0.7617034316062927
7.41015625,13200.0,0.761753499507904
7.41015625,13200.0,0.7618035674095154
7.4140625,13200.0,0.7618536353111267
7.4140625,13200.0,0.761903703212738
7.4140625,13208.0,0.7619537711143494
7.41796875,13208.0,0.7620038390159607
7.41796875,13208.0,0.762053906917572
7.421875,13208.0,0.7621039748191833
7.421875,13208.0,0.7621540427207947
7.421875,13208.0,0.762204110622406
7.42578125,13208.0,0.7622541785240173
7.42578125,13208.0,0.7623042464256287
7.42578125,13208.0,0.76235431432724
7.4296875,13208.0,0.7624043822288513
7.4296875,13208.0,0.7624544501304626
7.4296875,13208.0,0.762504518032074
7.43359375,13208.0,0.7625545859336853
7.43359375,13216.0,0.7626046538352966
7.43359375,13216.0,0.762654721736908
7.4375,13216.0,0.7627047896385193
7.4375,13216.0,0.7627548575401306
7.4375,13216.0,0.7628049254417419
7.4375,13216.0,0.7628549933433533
7.44140625,13216.0,0.7629050612449646
7.44140625,13216.0,0.7629551291465759
7.44140625,13216.0,0.7630051970481873
7.44140625,13216.0,0.7630552649497986
7.44140625,13216.0,0.7631053328514099
7.4453125,13216.0,0.7631554007530212
7.4453125,13216.0,0.7632054686546326
7.4453125,13216.0,0.7632555365562439
7.4453125,13224.0,0.7633056044578552
7.4453125,13224.0,0.7633556723594666
7.4453125,13224.0,0.7634057402610779
7.4453125,13224.0,0.7634558081626892
7.44921875,13224.0,0.7635058760643005
7.44921875,13224.0,0.7635559439659119
7.44921875,13224.0,0.7636060118675232
7.44921875,13224.0,0.7636560797691345
7.44921875,13224.0,0.7637061476707458
7.44921875,13224.0,0.7637562155723572
7.44921875,13224.0,0.7638062834739685
7.44921875,13224.0,0.7638563513755798
7.44921875,13224.0,0.7639064192771912
7.44921875,13224.0,0.7639564871788025
7.44921875,13232.0,0.7640065550804138
7.44921875,13232.0,0.7640566229820251
7.44921875,13232.0,0.7641066908836365
7.44921875,13232.0,0.7641567587852478
7.44921875,13232.0,0.7642068266868591
7.44921875,13232.0,0.7642568945884705
7.44921875,13232.0,0.7643069624900818
7.44921875,13232.0,0.7643570303916931
7.44921875,13232.0,0.7644070982933044
7.44921875,13232.0,0.7644571661949158
7.44921875,13232.0,0.7645072340965271
7.44921875,13232.0,0.7645573019981384
7.44921875,13232.0,0.7646073698997498
7.44921875,13232.0,0.7646574378013611
7.44921875,13240.0,0.7647075057029724
7.44921875,13240.0,0.7647575736045837
7.4453125,13240.0,0.7648076415061951
7.4453125,13240.0,0.7648577094078064
7.4453125,13240.0,0.7649077773094177
7.4453125,13240.0,0.764957845211029
7.4453125,13240.0,0.7650079131126404
7.4453125,13240.0,0.7650579810142517
7.4453125,13240.0,0.765108048915863
7.44140625,13240.0,0.7651581168174744
7.44140625,13240.0,0.7652081847190857
7.44140625,13240.0,0.765258252620697
7.44140625,13240.0,0.7653083205223083
7.44140625,13248.0,0.7653583884239197
7.44140625,13248.0,0.765408456325531
7.4375,13248.0,0.7654585242271423
7.4375,13248.0,0.7655085921287537
7.4375,13248.0,0.765558660030365
7.4375,13248.0,0.7656087279319763
7.4375,13248.0,0.7656587958335876
7.43359375,13248.0,0.765708863735199
7.43359375,13248.0,0.7657589316368103
7.43359375,13248.0,0.7658089995384216
7.43359375,13248.0,0.765859067440033
7.4296875,13248.0,0.7659091353416443
7.4296875,13248.0,0.7659592032432556
7.4296875,13248.0,0.7660092711448669
7.4296875,13256.0,0.7660593390464783
7.42578125,13256.0,0.7661094069480896
7.42578125,13256.0,0.7661594748497009
7.42578125,13256.0,0.7662095427513123
7.42578125,13256.0,0.7662596106529236
7.421875,13256.0,0.7663096785545349
7.421875,13256.0,0.7663597464561462
7.421875,13256.0,0.7664098143577576
7.421875,13256.0,0.7664598822593689
7.41796875,13256.0,0.7665099501609802
7.41796875,13256.0,0.7665600180625916
7.41796875,13256.0,0.7666100859642029
7.41796875,13256.0,0.7666601538658142
7.4140625,13256.0,0.7667102217674255
7.4140625,13264.0,0.7667602896690369
7.4140625,13264.0,0.7668103575706482
7.4140625,13264.0,0.7668604254722595
7.41015625,13264.0,0.7669104933738708
7.41015625,13264.0,0.7669605612754822
7.41015625,13264.0,0.7670106291770935
7.41015625,13264.0,0.7670606970787048
7.40625,13264.0,0.7671107649803162
7.40625,13264.0,0.7671608328819275
7.40625,13264.0,0.7672109007835388
7.40625,13264.0,0.7672609686851501
7.40234375,13264.0,0.7673110365867615
7.40234375,13264.0,0.7673611044883728
7.40234375,13264.0,0.7674111723899841
7.40234375,13272.0,0.7674612402915955
7.3984375,13272.0,0.7675113081932068
7.3984375,13272.0,0.7675613760948181
7.3984375,13272.0,0.7676114439964294
7.3984375,13272.0,0.7676615118980408
7.39453125,13272.0,0.7677115797996521
7.39453125,13272.0,0.7677616477012634
7.39453125,13272.0,0.7678117156028748
7.39453125,13272.0,0.7678617835044861
7.39453125,13272.0,0.7679118514060974
7.390625,13272.0,0.7679619193077087
7.390625,13272.0,0.7680119872093201
7.390625,13272.0,0.7680620551109314
7.390625,13272.0,0.7681121230125427
7.390625,13280.0,0.768162190914154
7.38671875,13280.0,0.7682122588157654
7.38671875,13280.0,0.7682623267173767
7.38671875,13280.0,0.768312394618988
7.38671875,13280.0,0.7683624625205994
7.38671875,13280.0,0.7684125304222107
7.3828125,13280.0,0.768462598323822
7.3828125,13280.0,0.7685126662254333
7.3828125,13280.0,0.7685627341270447
7.3828125,13280.0,0.768612802028656
7.3828125,13280.0,0.7686628699302673
7.3828125,13280.0,0.7687129378318787
7.3828125,13280.0,0.76876300573349
7.3828125,13280.0,0.7688130736351013
7.37890625,13280.0,0.7688631415367126
7.37890625,13288.0,0.768913209438324
7.37890625,13288.0,0.7689632773399353
7.37890625,13288.0,0.7690133452415466
7.37890625,13288.0,0.769063413143158
7.37890625,13288.0,0.7691134810447693
7.37890625,13288.0,0.7691635489463806
7.37890625,13288.0,0.7692136168479919
7.37890625,13288.0,0.7692636847496033
7.37890625,13288.0,0.7693137526512146
7.37890625,13288.0,0.7693638205528259
7.37890625,13288.0,0.7694138884544373
7.37890625,13288.0,0.7694639563560486
7.37890625,13288.0,0.7695140242576599
7.37890625,13288.0,0.7695640921592712
7.37890625,13296.0,0.7696141600608826
7.37890625,13296.0,0.7696642279624939
7.37890625,13296.0,0.7697142958641052
7.37890625,13296.0,0.7697643637657166
7.37890625,13296.0,0.7698144316673279
7.37890625,13296.0,0.7698644995689392
7.37890625,13296.0,0.7699145674705505
7.37890625,13296.0,0.7699646353721619
7.37890625,13296.0,0.7700147032737732
7.37890625,13296.0,0.7700647711753845
7.37890625,13296.0,0.7701148390769958
7.37890625,13296.0,0.7701649069786072
7.37890625,13296.0,0.7702149748802185
7.37890625,13296.0,0.7702650427818298
7.37890625,13304.0,0.7703151106834412
7.3828125,13304.0,0.7703651785850525
7.3828125,13304.0,0.7704152464866638
7.3828125,13304.0,0.7704653143882751
7.3828125,13304.0,0.7705153822898865
7.3828125,13304.0,0.7705654501914978
7.3828125,13304.0,0.7706155180931091
7.38671875,13304.0,0.7706655859947205
7.38671875,13304.0,0.7707156538963318
7.38671875,13304.0,0.7707657217979431
7.38671875,13304.0,0.7708157896995544
7.38671875,13304.0,0.7708658576011658
7.390625,13304.0,0.7709159255027771
7.390625,13304.0,0.7709659934043884
7.390625,13304.0,0.7710160613059998
7.390625,13312.0,0.7710661292076111
7.39453125,13312.0,0.7711161971092224
7.39453125,13312.0,0.7711662650108337
7.39453125,13312.0,0.7712163329124451
7.3984375,13312.0,0.7712664008140564
7.3984375,13312.0,0.7713164687156677
7.3984375,13312.0,0.771366536617279
7.40234375,13312.0,0.7714166045188904
7.40234375,13312.0,0.7714666724205017
7.40234375,13312.0,0.771516740322113
7.40625,13312.0,0.7715668082237244
7.40625,13312.0,0.7716168761253357
7.40625,13312.0,0.771666944026947
7.41015625,13312.0,0.7717170119285583
7.41015625,13320.0,0.7717670798301697
7.41015625,13320.0,0.771817147731781
7.4140625,13320.0,0.7718672156333923
7.4140625,13320.0,0.7719172835350037
7.41796875,13320.0,0.771967351436615
7.41796875,13320.0,0.7720174193382263
7.421875,13320.0,0.7720674872398376
7.421875,13320.0,0.772117555141449
7.42578125,13320.0,0.7721676230430603
7.42578125,13320.0,0.7722176909446716
7.42578125,13320.0,0.772267758846283
7.4296875,13320.0,0.7723178267478943
7.4296875,13320.0,0.7723678946495056
7.43359375,13320.0,0.7724179625511169
7.43359375,13320.0,0.7724680304527283
7.4375,13328.0,0.7725180983543396
7.4375,13328.0,0.7725681662559509
7.44140625,13328.0,0.7726182341575623
7.44140625,13328.0,0.7726683020591736
7.4453125,13328.0,0.7727183699607849
7.4453125,13328.0,0.7727684378623962
7.44921875,13328.0,0.7728185057640076
7.453125,13328.0,0.7728685736656189
7.453125,13328.0,0.7729186415672302
7.45703125,13328.0,0.7729687094688416
7.45703125,13328.0,0.7730187773704529
7.4609375,13328.0,0.7730688452720642
7.4609375,13328.0,0.7731189131736755
7.46484375,13328.0,0.7731689810752869
7.46875,13336.0,0.7732190489768982
7.46875,13336.0,0.7732691168785095
7.47265625,13336.0,0.7733191847801208
7.47265625,13336.0,0.7733692526817322
7.4765625,13336.0,0.7734193205833435
7.48046875,13336.0,0.7734693884849548
7.48046875,13336.0,0.7735194563865662
7.484375,13336.0,0.7735695242881775
7.484375,13336.0,0.7736195921897888
7.48828125,13336.0,0.7736696600914001
7.4921875,13336.0,0.7737197279930115
7.4921875,13336.0,0.7737697958946228
7.49609375,13336.0,0.7738198637962341
7.49609375,13336.0,0.7738699316978455
7.5,13336.0,0.7739199995994568
7.50390625,13344.0,0.7739700675010681
7.50390625,13344.0,0.7740201354026794
7.5078125,13344.0,0.7740702033042908
7.5078125,13344.0,0.7741202712059021
7.51171875,13344.0,0.7741703391075134
7.515625,13344.0,0.7742204070091248
7.515625,13344.0,0.7742704749107361
7.51953125,13344.0,0.7743205428123474
7.5234375,13344.0,0.7743706107139587
7.5234375,13344.0,0.7744206786155701
7.52734375,13344.0,0.7744707465171814
7.52734375,13344.0,0.7745208144187927
7.53125,13344.0,0.774570882320404
7.53515625,13344.0,0.7746209502220154
7.53515625,13344.0,0.7746710181236267
7.5390625,13352.0,0.774721086025238
7.5390625,13352.0,0.7747711539268494
7.54296875,13352.0,0.7748212218284607
7.546875,13352.0,0.774871289730072
7.546875,13352.0,0.7749213576316833
7.55078125,13352.0,0.7749714255332947
7.55078125,13352.0,0.775021493434906
7.5546875,13352.0,0.7750715613365173
7.5546875,13352.0,0.7751216292381287
7.55859375,13352.0,0.77517169713974
7.5625,13352.0,0.7752217650413513
7.5625,13352.0,0.7752718329429626
7.56640625,13352.0,0.775321900844574
7.56640625,13352.0,0.7753719687461853
7.5703125,13352.0,0.7754220366477966
7.5703125,13360.0,0.775472104549408
7.57421875,13360.0,0.7755221724510193
7.57421875,13360.0,0.7755722403526306
7.578125,13360.0,0.7756223082542419
7.578125,13360.0,0.7756723761558533
7.58203125,13360.0,0.7757224440574646
7.58203125,13360.0,0.7757725119590759
7.5859375,13360.0,0.7758225798606873
7.5859375,13360.0,0.7758726477622986
7.58984375,13360.0,0.7759227156639099
7.58984375,13360.0,0.7759727239608765
7.59375,13360.0,0.7760224938392639
7.59375,13360.0,0.7760722637176514
7.59765625,13360.0,0.7761220335960388
7.59765625,13360.0,0.7761718034744263
7.59765625,13368.0,0.7762215733528137
7.6015625,13368.0,0.7762713432312012
7.6015625,13368.0,0.7763211131095886
7.60546875,13368.0,0.7763708829879761
7.60546875,13368.0,0.7764206528663635
7.60546875,13368.0,0.776470422744751
7.609375,13368.0,0.7765201926231384
7.609375,13368.0,0.7765699625015259
7.609375,13368.0,0.7766197323799133
7.61328125,13368.0,0.7766695022583008
7.61328125,13368.0,0.7767192721366882
7.61328125,13368.0,0.7767690420150757
7.6171875,13368.0,0.7768188118934631
7.6171875,13368.0,0.7768685817718506
7.6171875,13368.0,0.776918351650238
7.62109375,13376.0,0.7769681215286255
7.62109375,13376.0,0.7770178914070129
7.62109375,13376.0,0.7770676612854004
7.62109375,13376.0,0.7771174311637878
7.625,13376.0,0.7771672010421753
7.625,13376.0,0.7772169709205627
7.625,13376.0,0.7772667407989502
7.625,13376.0,0.7773165106773376
7.62890625,13376.0,0.7773662805557251
7.62890625,13376.0,0.7774160504341125
7.62890625,13376.0,0.7774658203125
7.62890625,13376.0,0.7775155901908875
7.62890625,13376.0,0.7775653600692749
7.62890625,13376.0,0.7776151299476624
7.6328125,13376.0,0.7776648998260498
7.6328125,13376.0,0.7777146697044373
7.6328125,13384.0,0.7777644395828247
7.6328125,13384.0,0.7778142094612122
7.6328125,13384.0,0.7778639793395996
7.6328125,13384.0,0.7779137492179871
7.6328125,13384.0,0.7779635190963745
7.6328125,13384.0,0.778013288974762
7.63671875,13384.0,0.7780630588531494
7.63671875,13384.0,0.7781128287315369
7.63671875,13384.0,0.7781625986099243
7.63671875,13384.0,0.7782123684883118
7.63671875,13384.0,0.7782621383666992
7.63671875,13384.0,0.7783119082450867
7.63671875,13384.0,0.7783616781234741
7.63671875,13384.0,0.7784114480018616
7.63671875,13384.0,0.778461217880249
7.63671875,13392.0,0.7785109877586365
7.63671875,13392.0,0.7785607576370239
7.63671875,13392.0,0.7786105275154114
7.63671875,13392.0,0.7786602973937988
7.63671875,13392.0,0.7787100672721863
7.63671875,13392.0,0.7787598371505737
7.63671875,13392.0,0.7788096070289612
7.63671875,13392.0,0.7788593769073486
7.63671875,13392.0,0.7789091467857361
7.63671875,13392.0,0.7789589166641235
7.63671875,13392.0,0.779008686542511
7.6328125,13392.0,0.7790584564208984
7.6328125,13392.0,0.7791082262992859
7.6328125,13392.0,0.7791579961776733
7.6328125,13392.0,0.7792077660560608
7.6328125,13392.0,0.7792575359344482
7.6328125,13400.0,0.7793073058128357
7.6328125,13400.0,0.7793570756912231
7.6328125,13400.0,0.7794068455696106
7.6328125,13400.0,0.779456615447998
7.62890625,13400.0,0.7795063853263855
7.62890625,13400.0,0.779556155204773
7.62890625,13400.0,0.7796059250831604
7.62890625,13400.0,0.7796556949615479
7.62890625,13400.0,0.7797054648399353
7.62890625,13400.0,0.7797552347183228
7.625,13400.0,0.7798050045967102
7.625,13400.0,0.7798547744750977
7.625,13400.0,0.7799045443534851
7.625,13400.0,0.7799543142318726
7.625,13400.0,0.78000408411026
7.62109375,13400.0,0.7800538539886475
7.62109375,13408.0,0.7801036238670349
7.62109375,13408.0,0.7801533937454224
7.62109375,13408.0,0.7802031636238098
7.6171875,13408.0,0.7802529335021973
7.6171875,13408.0,0.7803027033805847
7.6171875,13408.0,0.7803524732589722
7.6171875,13408.0,0.7804022431373596
7.61328125,13408.0,0.7804520130157471
7.61328125,13408.0,0.7805017828941345
7.61328125,13408.0,0.780551552772522
7.61328125,13408.0,0.7806013226509094
7.609375,13408.0,0.7806510925292969
7.609375,13408.0,0.7807008624076843
7.609375,13408.0,0.7807506322860718
7.609375,13408.0,0.7808004021644592
7.60546875,13416.0,0.7808501720428467
7.60546875,13416.0,0.7808999419212341
7.60546875,13416.0,0.7809497117996216
7.6015625,13416.0,0.780999481678009
7.6015625,13416.0,0.7810492515563965
7.6015625,13416.0,0.7810990214347839
7.6015625,13416.0,0.7811487913131714
7.59765625,13416.0,0.7811985611915588
7.59765625,13416.0,0.7812483310699463
7.59765625,13416.0,0.7812981009483337
7.59375,13416.0,0.7813478708267212
7.59375,13416.0,0.7813976407051086
7.59375,13416.0,0.7814474105834961
7.58984375,13416.0,0.7814971804618835
7.58984375,13416.0,0.781546950340271
7.58984375,13416.0,0.7815967202186584
7.58984375,13424.0,0.7816464900970459
7.5859375,13424.0,0.7816962599754333
7.5859375,13424.0,0.7817460298538208
7.5859375,13424.0,0.7817957997322083
7.58203125,13424.0,0.7818455696105957
7.58203125,13424.0,0.7818953394889832
7.58203125,13424.0,0.7819451093673706
7.578125,13424.0,0.7819948792457581
7.578125,13424.0,0.7820446491241455
7.578125,13424.0,0.782094419002533
7.578125,13424.0,0.7821441888809204
7.57421875,13424.0,0.7821939587593079
7.57421875,13424.0,0.7822437286376953
7.57421875,13424.0,0.7822934985160828
7.5703125,13424.0,0.7823432683944702
7.5703125,13424.0,0.7823930382728577
7.5703125,13424.0,0.7824428081512451
7.56640625,13432.0,0.7824925780296326
7.56640625,13432.0,0.78254234790802
7.56640625,13432.0,0.7825921177864075
7.56640625,13432.0,0.7826418876647949
7.5625,13432.0,0.7826916575431824
7.5625,13432.0,0.782741129398346
7.5625,13432.0,0.7827863097190857
7.5625,13432.0,0.7828299403190613
7.55859375,13432.0,0.7828734517097473
7.55859375,13432.0,0.7829169631004333
7.55859375,13432.0,0.7829604744911194
7.55859375,13432.0,0.7830039858818054
7.5546875,13432.0,0.7830474972724915
7.5546875,13432.0,0.7830910086631775
7.5546875,13432.0,0.7831345200538635
7.5546875,13432.0,0.7831780314445496
7.5546875,13432.0,0.7832215428352356
7.55078125,13440.0,0.7832650542259216
7.55078125,13440.0,0.7833085656166077
7.55078125,13440.0,0.7833520770072937
7.55078125,13440.0,0.7833955883979797
7.55078125,13440.0,0.7834390997886658
7.546875,13440.0,0.7834826111793518
7.546875,13440.0,0.7835261225700378
7.546875,13440.0,0.7835696339607239
7.546875,13440.0,0.7836131453514099
7.546875,13440.0,0.783656656742096
7.54296875,13440.0,0.783700168132782
7.54296875,13440.0,0.783743679523468
7.54296875,13440.0,0.783787190914154
7.54296875,13440.0,0.7838307023048401
7.54296875,13440.0,0.7838742136955261
7.54296875,13440.0,0.7839177250862122
7.54296875,13440.0,0.7839612364768982
7.5390625,13440.0,0.7840047478675842
7.5390625,13440.0,0.7840482592582703
7.5390625,13448.0,0.7840917706489563
7.5390625,13448.0,0.7841352820396423
7.5390625,13448.0,0.7841787934303284
7.5390625,13448.0,0.7842223048210144
7.5390625,13448.0,0.7842658162117004
7.5390625,13448.0,0.7843093276023865
7.5390625,13448.0,0.7843528389930725
7.53515625,13448.0,0.7843963503837585
7.53515625,13448.0,0.7844398617744446
7.53515625,13448.0,0.7844833731651306
7.53515625,13448.0,0.7845268845558167
7.53515625,13448.0,0.7845703959465027
7.53515625,13448.0,0.7846139073371887
7.53515625,13448.0,0.7846574187278748
7.53515625,13448.0,0.7847009301185608
7.53515625,13448.0,0.7847444415092468
7.53515625,13448.0,0.7847879528999329
7.53515625,13448.0,0.7848314642906189
7.53515625,13448.0,0.7848749756813049
7.53515625,13456.0,0.784918487071991
7.53515625,13456.0,0.784961998462677
7.53515625,13456.0,0.785005509853363
7.53515625,13456.0,0.7850490212440491
7.53515625,13456.0,0.7850925326347351
7.53515625,13456.0,0.7851360440254211
7.53515625,13456.0,0.7851795554161072
7.53515625,13456.0,0.7852230668067932
7.53515625,13456.0,0.7852665781974792
7.53515625,13456.0,0.7853100895881653
7.53515625,13456.0,0.7853536009788513
7.53515625,13456.0,0.7853971123695374
7.53515625,13456.0,0.7854406237602234
7.53515625,13456.0,0.7854841351509094
7.53515625,13456.0,0.7855276465415955
7.5390625,13456.0,0.7855711579322815
7.5390625,13456.0,0.7856146693229675
7.5390625,13456.0,0.7856581807136536
7.5390625,13456.0,0.7857016921043396
7.5390625,13464.0,0.7857452034950256
7.5390625,13464.0,0.7857887148857117
7.5390625,13464.0,0.7858322262763977
7.5390625,13464.0,0.7858757376670837
7.54296875,13464.0,0.7859192490577698
7.54296875,13464.0,0.7859627604484558
7.54296875,13464.0,0.7860062718391418
7.54296875,13464.0,0.7860497832298279
7.54296875,13464.0,0.7860932946205139
7.54296875,13464.0,0.7861368060112
7.546875,13464.0,0.786180317401886
7.546875,13464.0,0.786223828792572
7.546875,13464.0,0.7862673401832581
7.546875,13464.0,0.7863108515739441
7.55078125,13464.0,0.7863543629646301
7.55078125,13464.0,0.7863978743553162
7.55078125,13464.0,0.7864413857460022
7.55078125,13464.0,0.7864848971366882
7.55078125,13464.0,0.7865284085273743
7.5546875,13472.0,0.7865719199180603
7.5546875,13472.0,0.7866154313087463
7.5546875,13472.0,0.7866589426994324
7.5546875,13472.0,0.7867024540901184
7.55859375,13472.0,0.7867459654808044
7.55859375,13472.0,0.7867894768714905
7.55859375,13472.0,0.7868329882621765
7.5625,13472.0,0.7868764996528625
7.5625,13472.0,0.7869200110435486
7.5625,13472.0,0.7869635224342346
7.56640625,13472.0,0.7870070338249207
7.56640625,13472.0,0.7870505452156067
7.56640625,13472.0,0.7870940566062927
7.5703125,13472.0,0.7871375679969788
7.5703125,13472.0,0.7871810793876648
7.5703125,13472.0,0.7872245907783508
7.57421875,13472.0,0.7872681021690369
7.57421875,13472.0,0.7873116135597229
7.578125,13472.0,0.7873551249504089
7.578125,13472.0,0.787398636341095
7.578125,13480.0,0.787442147731781
7.58203125,13480.0,0.787485659122467
7.58203125,13480.0,0.7875291705131531
7.5859375,13480.0,0.7875726819038391
7.5859375,13480.0,0.7876161932945251
7.58984375,13480.0,0.7876597046852112
7.58984375,13480.0,0.7877032160758972
7.58984375,13480.0,0.7877467274665833
7.59375,13480.0,0.7877902388572693
7.59375,13480.0,0.7878337502479553
7.59765625,13480.0,0.7878772616386414
7.59765625,13480.0,0.7879207730293274
7.6015625,13480.0,0.7879642844200134
7.6015625,13480.0,0.7880077958106995
7.60546875,13480.0,0.7880513072013855
7.60546875,13480.0,0.7880948185920715
7.609375,13480.0,0.7881383299827576
7.609375,13480.0,0.7881818413734436
7.61328125,13480.0,0.7882253527641296
7.61328125,13488.0,0.7882688641548157
7.6171875,13488.0,0.7883123755455017
7.6171875,13488.0,0.7883558869361877
7.62109375,13488.0,0.7883993983268738
7.62109375,13488.0,0.7884429097175598
7.625,13488.0,0.7884864211082458
7.62890625,13488.0,0.7885299324989319
7.62890625,13488.0,0.7885734438896179
7.6328125,13488.0,0.788616955280304
7.6328125,13488.0,0.78866046667099
7.63671875,13488.0,0.788703978061676
7.63671875,13488.0,0.7887474894523621
7.640625,13488.0,0.7887910008430481
7.64453125,13488.0,0.7888345122337341
7.64453125,13488.0,0.7888780236244202
7.6484375,13488.0,0.7889215350151062
7.6484375,13488.0,0.7889650464057922
7.65234375,13488.0,0.7890085577964783
7.65625,13488.0,0.7890520691871643
7.65625,13488.0,0.7890955805778503
7.66015625,13496.0,0.7891390919685364
7.66015625,13496.0,0.7891826033592224
7.6640625,13496.0,0.7892261147499084
7.66796875,13496.0,0.7892696261405945
7.66796875,13496.0,0.7893131375312805
7.671875,13496.0,0.7893566489219666
7.67578125,13496.0,0.7894001603126526
7.67578125,13496.0,0.7894436717033386
7.6796875,13496.0,0.7894871830940247
7.68359375,13496.0,0.7895306944847107
7.68359375,13496.0,0.7895742058753967
7.6875,13496.0,0.7896177172660828
7.69140625,13496.0,0.7896612286567688
7.69140625,13496.0,0.7897047400474548
7.6953125,13496.0,0.7897482514381409
7.69921875,13496.0,0.7897917628288269
7.69921875,13496.0,0.7898352742195129
7.703125,13496.0,0.789878785610199
7.70703125,13496.0,0.789922297000885
7.70703125,13496.0,0.789965808391571
7.7109375,13504.0,0.7900093197822571
7.71484375,13504.0,0.7900528311729431
7.71484375,13504.0,0.7900963425636292
7.71875,13504.0,0.7901398539543152
7.72265625,13504.0,0.7901833653450012
7.72265625,13504.0,0.7902268767356873
7.7265625,13504.0,0.7902703881263733
7.73046875,13504.0,0.7903138995170593
7.73046875,13504.0,0.7903574109077454
7.734375,13504.0,0.7904009222984314
7.73828125,13504.0,0.7904444336891174
7.73828125,13504.0,0.7904879450798035
7.7421875,13504.0,0.7905314564704895
7.74609375,13504.0,0.7905749678611755
7.75,13504.0,0.7906184792518616
7.75,13504.0,0.7906619906425476
7.75390625,13504.0,0.7907055020332336
7.7578125,13504.0,0.7907490134239197
7.7578125,13504.0,0.7907925248146057
7.76171875,13504.0,0.7908360362052917
7.765625,13504.0,0.7908795475959778
7.765625,13512.0,0.7909230589866638
7.76953125,13512.0,0.7909665703773499
7.7734375,13512.0,0.7910100817680359
7.7734375,13512.0,0.7910535931587219
7.77734375,13512.0,0.791097104549408
7.78125,13512.0,0.791140615940094
7.78125,13512.0,0.79118412733078
7.78515625,13512.0,0.7912276387214661
7.7890625,13512.0,0.7912711501121521
7.7890625,13512.0,0.7913146615028381
7.79296875,13512.0,0.7913581728935242
7.796875,13512.0,0.7914016842842102
7.796875,13512.0,0.7914451956748962
7.80078125,13512.0,0.7914887070655823
7.8046875,13512.0,0.7915322184562683
7.8046875,13512.0,0.7915757298469543
7.80859375,13512.0,0.7916192412376404
7.80859375,13512.0,0.7916627526283264
7.8125,13512.0,0.7917062640190125
7.81640625,13512.0,0.7917497754096985
7.81640625,13520.0,0.7917932868003845
7.8203125,13520.0,0.7918367981910706
7.8203125,13520.0,0.7918803095817566
7.82421875,13520.0,0.7919238209724426
7.828125,13520.0,0.7919673323631287
7.828125,13520.0,0.7920108437538147
7.83203125,13520.0,0.7920543551445007
7.83203125,13520.0,0.7920978665351868
7.8359375,13520.0,0.7921413779258728
7.8359375,13520.0,0.7921848893165588
7.83984375,13520.0,0.7922284007072449
7.84375,13520.0,0.7922719120979309
7.84375,13520.0,0.7923154234886169
7.84765625,13520.0,0.792358934879303
7.84765625,13520.0,0.792402446269989
7.8515625,13520.0,0.792445957660675
7.8515625,13520.0,0.7924894690513611
7.85546875,13520.0,0.7925329804420471
7.85546875,13520.0,0.7925764918327332
7.85546875,13520.0,0.7926200032234192
7.859375,13520.0,0.7926635146141052
7.859375,13528.0,0.7927070260047913
7.86328125,13528.0,0.7927505373954773
7.86328125,13528.0,0.7927940487861633
7.8671875,13528.0,0.7928375601768494
7.8671875,13528.0,0.7928810715675354
7.8671875,13528.0,0.7929245829582214
7.87109375,13528.0,0.7929680943489075
7.87109375,13528.0,0.7930116057395935
7.875,13528.0,0.7930551171302795
7.875,13528.0,0.7930986285209656
7.875,13528.0,0.7931421399116516
7.87890625,13528.0,0.7931856513023376
7.87890625,13528.0,0.7932291626930237
7.87890625,13528.0,0.7932726740837097
7.8828125,13528.0,0.7933161854743958
7.8828125,13528.0,0.7933596968650818
7.8828125,13528.0,0.7934032082557678
7.8828125,13528.0,0.7934467196464539
7.88671875,13528.0,0.7934902310371399
7.88671875,13528.0,0.7935337424278259
7.88671875,13528.0,0.793577253818512
7.88671875,13536.0,0.793620765209198
7.88671875,13536.0,0.793664276599884
7.890625,13536.0,0.7937077879905701
7.890625,13536.0,0.7937512993812561
7.890625,13536.0,0.7937948107719421
7.890625,13536.0,0.7938383221626282
7.890625,13536.0,0.7938818335533142
7.890625,13536.0,0.7939253449440002
7.89453125,13536.0,0.7939688563346863
7.89453125,13536.0,0.7940123677253723
7.89453125,13536.0,0.7940558791160583
7.89453125,13536.0,0.7940993905067444
7.89453125,13536.0,0.7941429018974304
7.89453125,13536.0,0.7941864132881165
7.89453125,13536.0,0.7942299246788025
7.89453125,13536.0,0.7942734360694885
7.89453125,13536.0,0.7943169474601746
7.89453125,13536.0,0.7943604588508606
7.89453125,13536.0,0.7944039702415466
7.89453125,13536.0,0.7944474816322327
7.89453125,13536.0,0.7944909930229187
7.89453125,13536.0,0.7945345044136047
7.89453125,13544.0,0.7945780158042908
7.89453125,13544.0,0.7946215271949768
7.89453125,13544.0,0.7946650385856628
7.89453125,13544.0,0.7947085499763489
7.89453125,13544.0,0.7947520613670349
7.89453125,13544.0,0.794795572757721
7.89453125,13544.0,0.794839084148407
7.89453125,13544.0,0.794882595539093
7.89453125,13544.0,0.794926106929779
7.89453125,13544.0,0.7949696183204651
7.89453125,13544.0,0.7950131297111511
7.89453125,13544.0,0.7950566411018372
7.89453125,13544.0,0.7951001524925232
7.890625,13544.0,0.7951436638832092
7.890625,13544.0,0.7951871752738953
7.890625,13544.0,0.7952306866645813
7.890625,13544.0,0.7952741980552673
7.890625,13544.0,0.7953177094459534
7.890625,13544.0,0.7953612208366394
7.890625,13544.0,0.7954047322273254
7.890625,13544.0,0.7954482436180115
7.88671875,13552.0,0.7954917550086975
7.88671875,13552.0,0.7955352663993835
7.88671875,13552.0,0.7955787777900696
7.88671875,13552.0,0.7956222891807556
7.88671875,13552.0,0.7956658005714417
7.88671875,13552.0,0.7957093119621277
7.8828125,13552.0,0.7957528233528137
7.8828125,13552.0,0.7957963347434998
7.8828125,13552.0,0.7958398461341858
7.8828125,13552.0,0.7958833575248718
7.8828125,13552.0,0.7959268689155579
7.87890625,13552.0,0.7959703803062439
7.87890625,13552.0,0.7960138916969299
7.87890625,13552.0,0.796057403087616
7.87890625,13552.0,0.796100914478302
7.87890625,13552.0,0.796144425868988
7.875,13552.0,0.7961879372596741
7.875,13552.0,0.7962314486503601
7.875,13552.0,0.7962749600410461
7.875,13552.0,0.7963184714317322
7.875,13552.0,0.7963619828224182
7.87109375,13552.0,0.7964054942131042
7.87109375,13560.0,0.7964490056037903
7.87109375,13560.0,0.7964925169944763
7.87109375,13560.0,0.7965360283851624
7.87109375,13560.0,0.7965795397758484
7.8671875,13560.0,0.7966230511665344
7.8671875,13560.0,0.7966665625572205
7.8671875,13560.0,0.7967100739479065
7.8671875,13560.0,0.7967535853385925
7.8671875,13560.0,0.7967970967292786
7.86328125,13560.0,0.7968406081199646
7.86328125,13560.0,0.7968841195106506
7.86328125,13560.0,0.7969276309013367
7.86328125,13560.0,0.7969711422920227
7.86328125,13560.0,0.7970146536827087
7.859375,13560.0,0.7970581650733948
7.859375,13560.0,0.7971016764640808
7.859375,13560.0,0.7971451878547668
7.859375,13560.0,0.7971886992454529
7.859375,13560.0,0.7972322106361389
7.85546875,13560.0,0.797275722026825
7.85546875,13560.0,0.797319233417511
7.85546875,13560.0,0.797362744808197
7.85546875,13560.0,0.7974062561988831
7.85546875,13568.0,0.7974497675895691
7.8515625,13568.0,0.7974932789802551
7.8515625,13568.0,0.7975367903709412
7.8515625,13568.0,0.7975803017616272
7.8515625,13568.0,0.7976238131523132
7.8515625,13568.0,0.7976673245429993
7.8515625,13568.0,0.7977108359336853
7.8515625,13568.0,0.7977543473243713
7.84765625,13568.0,0.7977978587150574
7.84765625,13568.0,0.7978413701057434
7.84765625,13568.0,0.7978848814964294
7.84765625,13568.0,0.7979283928871155
7.84765625,13568.0,0.7979719042778015
7.84765625,13568.0,0.7980154156684875
7.84765625,13568.0,0.7980589270591736
7.84765625,13568.0,0.7981024384498596
7.84375,13568.0,0.7981459498405457
7.84375,13568.0,0.7981894612312317
7.84375,13568.0,0.7982329726219177
7.84375,13568.0,0.7982764840126038
7.84375,13568.0,0.7983199954032898
7.84375,13568.0,0.7983635067939758
7.84375,13576.0,0.7984070181846619
7.84375,13576.0,0.7984505295753479
7.84375,13576.0,0.7984940409660339
7.84375,13576.0,0.79853755235672
7.84375,13576.0,0.798581063747406
7.84375,13576.0,0.798624575138092
7.84375,13576.0,0.7986680865287781
7.84375,13576.0,0.7987115979194641
7.84375,13576.0,0.7987551093101501
7.84375,13576.0,0.7987986207008362
7.84375,13576.0,0.7988421320915222
7.84375,13576.0,0.7988856434822083
7.84375,13576.0,0.7989291548728943
7.84375,13576.0,0.7989726662635803
7.84375,13576.0,0.7990161776542664
7.84765625,13576.0,0.7990596890449524
7.84765625,13576.0,0.7991032004356384
7.84765625,13576.0,0.7991467118263245
7.84765625,13576.0,0.7991902232170105
7.84765625,13576.0,0.7992337346076965
7.84765625,13576.0,0.7992772459983826
7.84765625,13576.0,0.7993207573890686
7.8515625,13576.0,0.7993642687797546
7.8515625,13576.0,0.7994077801704407
7.8515625,13584.0,0.7994512915611267
7.8515625,13584.0,0.7994948029518127
7.8515625,13584.0,0.7995383143424988
7.85546875,13584.0,0.7995818257331848
7.85546875,13584.0,0.7996253371238708
7.85546875,13584.0,0.7996688485145569
7.85546875,13584.0,0.7997123599052429
7.859375,13584.0,0.799755871295929
7.859375,13584.0,0.799799382686615
7.859375,13584.0,0.799842894077301
7.86328125,13584.0,0.7998864054679871
7.86328125,13584.0,0.7999299168586731
7.86328125,13584.0,0.7999734282493591
7.8671875,13584.0,0.8000169396400452
7.8671875,13584.0,0.8000604510307312
7.87109375,13584.0,0.8001039624214172
7.87109375,13584.0,0.8001474738121033
7.87109375,13584.0,0.8001909852027893
7.875,13584.0,0.8002344965934753
7.875,13584.0,0.8002780079841614
7.87890625,13584.0,0.8003215193748474
7.87890625,13584.0,0.8003650307655334
7.8828125,13584.0,0.8004085421562195
7.88671875,13592.0,0.8004520535469055
7.88671875,13592.0,0.8004955649375916
7.890625,13592.0,0.8005390763282776
7.890625,13592.0,0.8005825877189636
7.89453125,13592.0,0.8006260991096497
7.89453125,13592.0,0.8006696105003357
7.8984375,13592.0,0.8007131218910217
7.90234375,13592.0,0.8007566332817078
7.90234375,13592.0,0.8008001446723938
7.90625,13592.0,0.8008436560630798
7.91015625,13592.0,0.8008871674537659
7.9140625,13592.0,0.8009306788444519
7.9140625,13592.0,0.8009741902351379
7.91796875,13592.0,0.801017701625824
7.921875,13592.0,0.80106121301651
7.92578125,13592.0,0.801104724407196
7.9296875,13592.0,0.8011482357978821
7.93359375,13592.0,0.8011917471885681
7.93359375,13592.0,0.8012352585792542
7.9375,13592.0,0.8012787699699402
7.94140625,13592.0,0.8013222813606262
7.9453125,13592.0,0.8013657927513123
7.94921875,13592.0,0.8014093041419983
7.953125,13592.0,0.8014528155326843
7.95703125,13592.0,0.8014963269233704
7.9609375,13600.0,0.8015398383140564
7.96875,13600.0,0.8015833497047424
7.97265625,13600.0,0.8016268610954285
7.9765625,13600.0,0.8016703724861145
7.98046875,13600.0,0.8017138838768005
7.984375,13600.0,0.8017573952674866
7.98828125,13600.0,0.8018009066581726
7.99609375,13600.0,0.8018444180488586
8.0,13600.0,0.8018879294395447
8.0,13600.0,0.8019314408302307
8.0078125,13600.0,0.8019749522209167
8.015625,13600.0,0.8020184636116028
8.015625,13600.0,0.8020619750022888
8.0234375,13600.0,0.8021054863929749
8.03125,13600.0,0.8021489977836609
8.0390625,13600.0,0.8021925091743469
8.0390625,13600.0,0.802236020565033
8.046875,13600.0,0.802279531955719
8.0546875,13600.0,0.802323043346405
8.0625,13600.0,0.8023665547370911
8.0703125,13600.0,0.8024100661277771
8.0703125,13600.0,0.8024535775184631
8.078125,13600.0,0.8024970889091492
8.0859375,13600.0,0.8025406002998352
8.09375,13600.0,0.8025841116905212
8.1015625,13608.0,0.8026276230812073
8.109375,13608.0,0.8026711344718933
8.1171875,13608.0,0.8027146458625793
8.125,13608.0,0.8027581572532654
8.1328125,13608.0,0.8028016686439514
8.140625,13608.0,0.8028451800346375
8.1484375,13608.0,0.8028886914253235
8.15625,13608.0,0.8029322028160095
8.1640625,13608.0,0.8029757142066956
8.171875,13608.0,0.8030192255973816
8.1796875,13608.0,0.8030627369880676
8.1875,13608.0,0.8031062483787537
8.1953125,13608.0,0.8031497597694397
8.203125,13608.0,0.8031932711601257
8.2109375,13608.0,0.8032367825508118
8.21875,13608.0,0.8032802939414978
8.234375,13608.0,0.8033238053321838
8.2421875,13608.0,0.8033673167228699
8.25,13608.0,0.8034108281135559
8.2578125,13608.0,0.8034543395042419
8.265625,13608.0,0.803497850894928
8.2734375,13608.0,0.803541362285614
8.2890625,13608.0,0.8035848736763
8.296875,13608.0,0.8036283850669861
8.3046875,13608.0,0.8036718964576721
8.3125,13608.0,0.8037154078483582
8.328125,13616.0,0.8037589192390442
8.3359375,13616.0,0.8038024306297302
8.34375,13616.0,0.8038459420204163
8.3515625,13616.0,0.8038894534111023
8.3671875,13616.0,0.8039329648017883
8.375,13616.0,0.8039764761924744
8.3828125,13616.0,0.8040199875831604
8.390625,13616.0,0.8040634989738464
8.40625,13616.0,0.8041070103645325
8.4140625,13616.0,0.8041505217552185
8.421875,13616.0,0.8041940331459045
8.4296875,13616.0,0.8042375445365906
8.4453125,13616.0,0.8042810559272766
8.453125,13616.0,0.8043245673179626
8.4609375,13616.0,0.8043680787086487
8.46875,13616.0,0.8044115900993347
8.484375,13616.0,0.8044551014900208
8.4921875,13616.0,0.8044986128807068
8.5,13616.0,0.8045421242713928
8.5078125,13616.0,0.8045856356620789
8.5234375,13616.0,0.8046291470527649
8.53125,13616.0,0.8046726584434509
8.5390625,13616.0,0.804716169834137
8.546875,13616.0,0.804759681224823
8.5546875,13616.0,0.804803192615509
8.5703125,13616.0,0.8048467040061951
8.578125,13624.0,0.8048902153968811
8.5859375,13624.0,0.8049337267875671
8.59375,13624.0,0.8049772381782532
8.6015625,13624.0,0.8050207495689392
8.6171875,13624.0,0.8050642609596252
8.625,13624.0,0.8051077723503113
8.6328125,13624.0,0.8051512837409973
8.640625,13624.0,0.8051947951316833
8.6484375,13624.0,0.8052383065223694
8.65625,13624.0,0.8052818179130554
8.6640625,13624.0,0.8053253293037415
8.671875,13624.0,0.8053688406944275
8.6796875,13624.0,0.8054123520851135
8.6875,13624.0,0.8054558634757996
8.6953125,13624.0,0.8054993748664856
8.703125,13624.0,0.8055428862571716
8.7109375,13624.0,0.8055863976478577
8.71875,13624.0,0.8056299090385437
8.7265625,13624.0,0.8056734204292297
8.734375,13624.0,0.8057169318199158
8.7421875,13624.0,0.8057604432106018
8.7421875,13624.0,0.8058039546012878
8.75,13624.0,0.8058474659919739
8.7578125,13624.0,0.8058909773826599
8.765625,13624.0,0.805934488773346
8.765625,13624.0,0.805978000164032
8.7734375,13624.0,0.806021511554718
8.78125,13624.0,0.806065022945404
8.78125,13632.0,0.8061085343360901
8.7890625,13632.0,0.8061520457267761
8.7890625,13632.0,0.8061955571174622
8.796875,13632.0,0.8062390685081482
8.796875,13632.0,0.8062825798988342
8.8046875,13632.0,0.8063260912895203
8.8046875,13632.0,0.8063696026802063
8.8125,13632.0,0.8064131140708923
8.8125,13632.0,0.8064566254615784
8.8125,13632.0,0.8065001368522644
8.8125,13632.0,0.8065436482429504
8.8203125,13632.0,0.8065871596336365
8.8203125,13632.0,0.8066306710243225
8.8203125,13632.0,0.8066741824150085
8.8203125,13632.0,0.8067176938056946
8.8203125,13632.0,0.8067612051963806
8.8203125,13632.0,0.8068047165870667
8.8203125,13632.0,0.8068482279777527
8.8125,13632.0,0.8068917393684387
8.8125,13632.0,0.8069352507591248
8.8125,13632.0,0.8069787621498108
8.8125,13632.0,0.8070222735404968
8.8046875,13632.0,0.8070657849311829
8.8046875,13632.0,0.8071092963218689
8.796875,13632.0,0.8071528077125549
8.796875,13632.0,0.807196319103241
8.7890625,13632.0,0.807239830493927
8.78125,13632.0,0.807283341884613
8.78125,13632.0,0.8073268532752991
8.7734375,13640.0,0.8073703646659851
8.765625,13640.0,0.8074138760566711
8.7578125,13640.0,0.8074573874473572
8.75,13640.0,0.8075008988380432
8.7421875,13640.0,0.8075444102287292
8.7421875,13640.0,0.8075879216194153
8.734375,13640.0,0.8076314330101013
8.7265625,13640.0,0.8076749444007874
8.7109375,13640.0,0.8077184557914734
8.703125,13640.0,0.8077619671821594
8.6953125,13640.0,0.8078054785728455
8.6875,13640.0,0.8078489899635315
8.6796875,13640.0,0.8078925013542175
8.671875,13640.0,0.8079360127449036
8.65625,13640.0,0.8079795241355896
8.6484375,13640.0,0.8080230355262756
8.640625,13640.0,0.8080665469169617
8.625,13640.0,0.8081100583076477
8.6171875,13640.0,0.8081535696983337
8.6015625,13640.0,0.8081970810890198
8.59375,13640.0,0.8082405924797058
8.578125,13640.0,0.8082841038703918
8.5703125,13640.0,0.8083276152610779
8.5546875,13640.0,0.8083711266517639
8.546875,13640.0,0.80841463804245
8.53125,13640.0,0.808458149433136
8.5234375,13640.0,0.808501660823822
8.5078125,13640.0,0.8085451722145081
8.5,13640.0,0.8085886836051941
8.484375,13648.0,0.8086321949958801
8.46875,13648.0,0.8086757063865662
8.453125,13648.0,0.8087192177772522
8.4453125,13648.0,0.8087627291679382
8.4296875,13648.0,0.8088062405586243
8.4140625,13648.0,0.8088497519493103
8.3984375,13648.0,0.8088932633399963
8.3828125,13648.0,0.8089367747306824
8.3671875,13648.0,0.8089802861213684
8.3515625,13648.0,0.8090237975120544
8.3359375,13648.0,0.8090673089027405
8.3203125,13648.0,0.8091108202934265
8.3046875,13648.0,0.8091543316841125
8.2890625,13648.0,0.8091978430747986
8.2734375,13648.0,0.8092413544654846
8.2578125,13648.0,0.8092848658561707
8.2421875,13648.0,0.8093283772468567
8.2265625,13648.0,0.8093718886375427
8.2109375,13648.0,0.8094154000282288
8.1953125,13648.0,0.8094589114189148
8.1796875,13648.0,0.8095024228096008
8.1640625,13648.0,0.8095459342002869
8.1484375,13648.0,0.8095894455909729
8.1328125,13648.0,0.8096329569816589
8.1171875,13648.0,0.809676468372345
8.09375,13648.0,0.809719979763031
8.078125,13648.0,0.809763491153717
8.0625,13648.0,0.8098070025444031
8.046875,13648.0,0.8098505139350891
8.03125,13648.0,0.8098940253257751
8.015625,13656.0,0.8099375367164612
7.99609375,13656.0,0.8099810481071472
7.98046875,13656.0,0.8100245594978333
7.9609375,13656.0,0.8100680708885193
7.9453125,13656.0,0.8101115822792053
7.9296875,13656.0,0.8101550936698914
7.91015625,13656.0,0.8101986050605774
7.89453125,13656.0,0.8102421164512634
7.875,13656.0,0.8102856278419495
7.859375,13656.0,0.8103291392326355
7.83984375,13656.0,0.8103726506233215
7.82421875,13656.0,0.8104161620140076
7.8046875,13656.0,0.8104596734046936
7.7890625,13656.0,0.8105031847953796
7.76953125,13656.0,0.8105466961860657
7.75,13656.0,0.8105902075767517
7.734375,13656.0,0.8106337189674377
7.71484375,13656.0,0.8106772303581238
7.69921875,13656.0,0.8107207417488098
7.6796875,13656.0,0.8107642531394958
7.6640625,13656.0,0.8108077645301819
7.64453125,13656.0,0.8108512759208679
7.62890625,13656.0,0.810894787311554
7.609375,13656.0,0.81093829870224
7.59375,13656.0,0.810981810092926
7.57421875,13656.0,0.8110253214836121
7.55859375,13656.0,0.8110688328742981
7.5390625,13656.0,0.8111123442649841
7.5234375,13656.0,0.8111558556556702
7.50390625,13656.0,0.8111993670463562
7.48828125,13656.0,0.8112428784370422
7.47265625,13664.0,0.8112863898277283
7.453125,13664.0,0.8113299012184143
7.4375,13664.0,0.8113734126091003
7.421875,13664.0,0.8114169239997864
7.40234375,13664.0,0.8114604353904724
7.38671875,13664.0,0.8115039467811584
7.37109375,13664.0,0.8115474581718445
7.3515625,13664.0,0.8115909695625305
7.3359375,13664.0,0.8116344809532166
7.3203125,13664.0,0.8116779923439026
7.30078125,13664.0,0.8117215037345886
7.28515625,13664.0,0.8117650151252747
7.26953125,13664.0,0.8118085265159607
7.25390625,13664.0,0.8118520379066467
7.23828125,13664.0,0.8118955492973328
7.22265625,13664.0,0.8119390606880188
7.203125,13664.0,0.8119825720787048
7.1875,13664.0,0.8120260834693909
7.171875,13664.0,0.8120695948600769
7.15625,13664.0,0.8121131062507629
7.14453125,13664.0,0.812156617641449
7.12890625,13664.0,0.812200129032135
7.11328125,13664.0,0.812243640422821
7.09765625,13664.0,0.8122871518135071
7.08203125,13664.0,0.8123306632041931
7.06640625,13664.0,0.8123741745948792
7.0546875,13664.0,0.8124176859855652
7.0390625,13664.0,0.8124611973762512
7.0234375,13664.0,0.8125047087669373
7.01171875,13664.0,0.8125482201576233
6.99609375,13664.0,0.8125917315483093
6.984375,13672.0,0.8126352429389954
6.96875,13672.0,0.8126787543296814
6.95703125,13672.0,0.8127222657203674
6.9453125,13672.0,0.8127657771110535
6.9296875,13672.0,0.8128092885017395
6.91796875,13672.0,0.8128527998924255
6.90625,13672.0,0.8128963112831116
6.890625,13672.0,0.8129398226737976
6.87890625,13672.0,0.8129833340644836
6.8671875,13672.0,0.8130268454551697
6.85546875,13672.0,0.8130703568458557
6.84375,13672.0,0.8131138682365417
6.83203125,13672.0,0.8131573796272278
6.8203125,13672.0,0.8132008910179138
6.80859375,13672.0,0.8132444024085999
6.796875,13672.0,0.8132879137992859
6.7890625,13672.0,0.8133314251899719
6.77734375,13672.0,0.813374936580658
6.765625,13672.0,0.813418447971344
6.7578125,13672.0,0.81346195936203
6.74609375,13672.0,0.8135054707527161
6.73828125,13672.0,0.8135489821434021
6.73046875,13672.0,0.8135924935340881
6.71875,13672.0,0.8136360049247742
6.7109375,13672.0,0.8136795163154602
6.703125,13672.0,0.8137230277061462
6.6953125,13672.0,0.8137665390968323
6.6875,13672.0,0.8138100504875183
6.6796875,13672.0,0.8138535618782043
6.671875,13672.0,0.8138970732688904
6.6640625,13672.0,0.8139405846595764
6.65625,13672.0,0.8139840960502625
6.6484375,13672.0,0.8140276074409485
6.64453125,13680.0,0.8140711188316345
6.63671875,13680.0,0.8141146302223206
6.62890625,13680.0,0.8141581416130066
6.625,13680.0,0.8142016530036926
6.62109375,13680.0,0.8142451643943787
6.61328125,13680.0,0.8142886757850647
6.609375,13680.0,0.8143321871757507
6.60546875,13680.0,0.8143756985664368
6.6015625,13680.0,0.8144192099571228
6.59765625,13680.0,0.8144627213478088
6.59375,13680.0,0.8145062327384949
6.58984375,13680.0,0.8145497441291809
6.5859375,13680.0,0.8145932555198669
6.5859375,13680.0,0.814636766910553
6.58203125,13680.0,0.814680278301239
6.58203125,13680.0,0.814723789691925
6.58203125,13680.0,0.8147673010826111
6.578125,13680.0,0.8148108124732971
6.578125,13680.0,0.8148543238639832
6.578125,13680.0,0.8148978352546692
6.578125,13680.0,0.8149413466453552
6.578125,13680.0,0.8149848580360413
6.58203125,13680.0,0.8150283694267273
6.58203125,13680.0,0.8150718808174133
6.58203125,13680.0,0.8151153922080994
6.5859375,13680.0,0.8151589035987854
6.5859375,13680.0,0.8152024149894714
6.58984375,13680.0,0.8152459263801575
6.59375,13680.0,0.8152894377708435
6.59765625,13680.0,0.8153329491615295
6.6015625,13680.0,0.8153764605522156
6.60546875,13680.0,0.8154199719429016
6.609375,13680.0,0.8154634833335876
6.61328125,13688.0,0.8155069947242737
6.62109375,13688.0,0.8155505061149597
6.625,13688.0,0.8155940175056458
6.6328125,13688.0,0.8156375288963318
6.63671875,13688.0,0.8156810402870178
6.64453125,13688.0,0.8157245516777039
6.65234375,13688.0,0.8157680630683899
6.66015625,13688.0,0.8158115744590759
6.6640625,13688.0,0.815855085849762
6.671875,13688.0,0.815898597240448
6.68359375,13688.0,0.815942108631134
6.69140625,13688.0,0.8159856200218201
6.69921875,13688.0,0.8160291314125061
6.70703125,13688.0,0.8160726428031921
6.71484375,13688.0,0.8161161541938782
6.7265625,13688.0,0.8161596655845642
6.734375,13688.0,0.8162031769752502
6.7421875,13688.0,0.8162466883659363
6.75390625,13688.0,0.8162901997566223
6.76171875,13688.0,0.8163337111473083
6.7734375,13688.0,0.8163772225379944
6.78515625,13688.0,0.8164207339286804
6.79296875,13688.0,0.8164642453193665
6.8046875,13688.0,0.8165077567100525
6.81640625,13688.0,0.8165512681007385
6.82421875,13688.0,0.8165947794914246
6.8359375,13688.0,0.8166382908821106
6.84765625,13688.0,0.8166818022727966
6.859375,13688.0,0.8167253136634827
6.87109375,13688.0,0.8167688250541687
6.8828125,13688.0,0.8168123364448547
6.89453125,13688.0,0.8168558478355408
6.90234375,13688.0,0.8168993592262268
6.91796875,13696.0,0.8169428706169128
6.9296875,13696.0,0.8169863820075989
6.94140625,13696.0,0.8170298933982849
6.953125,13696.0,0.817073404788971
6.96484375,13696.0,0.817116916179657
6.9765625,13696.0,0.817160427570343
6.98828125,13696.0,0.817203938961029
7.00390625,13696.0,0.8172474503517151
7.015625,13696.0,0.8172909617424011
7.02734375,13696.0,0.8173344731330872
7.0390625,13696.0,0.8173779845237732
7.0546875,13696.0,0.8174214959144592
7.06640625,13696.0,0.8174650073051453
7.078125,13696.0,0.8175085186958313
7.09375,13696.0,0.8175520300865173
7.10546875,13696.0,0.8175955414772034
7.12109375,13696.0,0.8176390528678894
7.1328125,13696.0,0.8176825642585754
7.1484375,13696.0,0.8177260756492615
7.16015625,13696.0,0.8177695870399475
7.17578125,13696.0,0.8178130984306335
7.1875,13696.0,0.8178566098213196
7.203125,13696.0,0.8179001212120056
7.21875,13696.0,0.8179436326026917
7.23046875,13696.0,0.8179871439933777
7.24609375,13696.0,0.8180306553840637
7.2578125,13696.0,0.8180741667747498
7.2734375,13696.0,0.8181176781654358
7.28515625,13696.0,0.8181611895561218
7.30078125,13696.0,0.8182047009468079
7.31640625,13696.0,0.8182482123374939
7.328125,13696.0,0.8182917237281799
7.34375,13696.0,0.818335235118866
7.35546875,13696.0,0.818378746509552
7.37109375,13696.0,0.818422257900238
7.38671875,13704.0,0.8184657692909241
7.3984375,13704.0,0.8185092806816101
7.4140625,13704.0,0.8185527920722961
7.42578125,13704.0,0.8185963034629822
7.44140625,13704.0,0.8186398148536682
7.453125,13704.0,0.8186833262443542
7.46875,13704.0,0.8187268376350403
7.484375,13704.0,0.8187703490257263
7.49609375,13704.0,0.8188138604164124
7.51171875,13704.0,0.8188573718070984
7.5234375,13704.0,0.8189008831977844
7.5390625,13704.0,0.8189443945884705
7.55078125,13704.0,0.8189879059791565
7.56640625,13704.0,0.8190314173698425
7.578125,13704.0,0.8190749287605286
7.59375,13704.0,0.8191184401512146
7.60546875,13704.0,0.8191619515419006
7.62109375,13704.0,0.8192054629325867
7.6328125,13704.0,0.8192489743232727
7.6484375,13704.0,0.8192924857139587
7.66015625,13704.0,0.8193359971046448
7.671875,13704.0,0.8193795084953308
7.6875,13704.0,0.8194230198860168
7.69921875,13704.0,0.8194665312767029
7.71484375,13704.0,0.8195100426673889
7.7265625,13704.0,0.819553554058075
7.73828125,13704.0,0.819597065448761
7.75390625,13704.0,0.819640576839447
7.765625,13704.0,0.8196840882301331
7.77734375,13704.0,0.8197275996208191
7.7890625,13704.0,0.8197711110115051
7.8046875,13704.0,0.8198146224021912
7.81640625,13704.0,0.8198581337928772
7.828125,13704.0,0.8199016451835632
7.83984375,13704.0,0.8199451565742493
7.8515625,13712.0,0.8199886679649353
7.86328125,13712.0,0.8200321793556213
7.875,13712.0,0.8200756907463074
7.8828125,13712.0,0.8201192021369934
7.89453125,13712.0,0.8201627135276794
7.90625,13712.0,0.8202058672904968
7.91796875,13712.0,0.8202487826347351
7.92578125,13712.0,0.8202916979789734
7.9375,13712.0,0.8203346133232117
7.9453125,13712.0,0.82037752866745
7.95703125,13712.0,0.8204204440116882
7.96484375,13712.0,0.8204633593559265
7.9765625,13712.0,0.8205062747001648
7.984375,13712.0,0.8205491900444031
7.9921875,13712.0,0.8205921053886414
8.0,13712.0,0.8206350207328796
8.0078125,13712.0,0.8206779360771179
8.015625,13712.0,0.8207208514213562
8.0234375,13712.0,0.8207637667655945
8.03125,13712.0,0.8208066821098328
8.0390625,13712.0,0.820849597454071
8.046875,13712.0,0.8208925127983093
8.0546875,13712.0,0.8209354281425476
8.0625,13712.0,0.8209783434867859
8.0703125,13712.0,0.8210212588310242
8.078125,13712.0,0.8210641741752625
8.078125,13712.0,0.8211070895195007
8.0859375,13712.0,0.821150004863739
8.09375,13712.0,0.8211929202079773
8.1015625,13712.0,0.8212358355522156
8.1015625,13712.0,0.8212787508964539
8.109375,13712.0,0.8213216662406921
8.109375,13712.0,0.8213645815849304
8.1171875,13712.0,0.8214074969291687
8.1171875,13712.0,0.821450412273407
8.125,13712.0,0.8214933276176453
8.125,13720.0,0.8215362429618835
8.1328125,13720.0,0.8215791583061218
8.1328125,13720.0,0.8216220736503601
8.1328125,13720.0,0.8216649889945984
8.140625,13720.0,0.8217079043388367
8.140625,13720.0,0.821750819683075
8.140625,13720.0,0.8217937350273132
8.140625,13720.0,0.8218366503715515
8.140625,13720.0,0.8218795657157898
8.140625,13720.0,0.8219224810600281
8.140625,13720.0,0.8219653964042664
8.140625,13720.0,0.8220083117485046
8.140625,13720.0,0.8220512270927429
8.140625,13720.0,0.8220941424369812
8.140625,13720.0,0.8221370577812195
8.140625,13720.0,0.8221799731254578
8.140625,13720.0,0.822222888469696
8.1328125,13720.0,0.8222658038139343
8.1328125,13720.0,0.8223087191581726
8.1328125,13720.0,0.8223516345024109
8.125,13720.0,0.8223945498466492
8.125,13720.0,0.8224374651908875
8.125,13720.0,0.8224803805351257
8.1171875,13720.0,0.822523295879364
8.1171875,13720.0,0.8225662112236023
8.109375,13720.0,0.8226091265678406
8.1015625,13720.0,0.8226520419120789
8.1015625,13720.0,0.8226949572563171
8.09375,13720.0,0.8227378726005554
8.0859375,13720.0,0.8227807879447937
8.078125,13720.0,0.822823703289032
8.078125,13720.0,0.8228666186332703
8.0703125,13720.0,0.8229095339775085
8.0625,13720.0,0.8229524493217468
8.0546875,13720.0,0.8229953646659851
8.046875,13720.0,0.8230382800102234
8.03125,13720.0,0.8230811953544617
8.0234375,13728.0,0.8231241106987
8.015625,13728.0,0.8231670260429382
8.0078125,13728.0,0.8232099413871765
8.0,13728.0,0.8232528567314148
7.98828125,13728.0,0.8232957720756531
7.9765625,13728.0,0.8233386874198914
7.96484375,13728.0,0.8233816027641296
7.953125,13728.0,0.8234245181083679
7.94140625,13728.0,0.8234674334526062
7.9296875,13728.0,0.8235103487968445
7.91796875,13728.0,0.8235532641410828
7.90625,13728.0,0.823596179485321
7.89453125,13728.0,0.8236390948295593
7.87890625,13728.0,0.8236820101737976
7.8671875,13728.0,0.8237249255180359
7.8515625,13728.0,0.8237678408622742
7.83984375,13728.0,0.8238105773925781
7.82421875,13728.0,0.8238528966903687
7.80859375,13728.0,0.8238952159881592
7.796875,13728.0,0.8239375352859497
7.78125,13728.0,0.8239798545837402
7.765625,13728.0,0.8240221738815308
7.75,13728.0,0.8240644931793213
7.734375,13728.0,0.8241068124771118
7.72265625,13728.0,0.8241491317749023
7.70703125,13728.0,0.8241914510726929
7.69140625,13728.0,0.8242337703704834
7.67578125,13728.0,0.8242760896682739
7.66015625,13728.0,0.8243184089660645
7.640625,13728.0,0.824360728263855
7.625,13728.0,0.8244030475616455
7.609375,13728.0,0.824445366859436
7.59375,13728.0,0.8244876861572266
7.578125,13728.0,0.8245300054550171
7.5625,13728.0,0.8245723247528076
7.546875,13728.0,0.8246146440505981
7.52734375,13728.0,0.8246569633483887
7.51171875,13728.0,0.8246992826461792
7.49609375,13736.0,0.8247416019439697
7.48046875,13736.0,0.8247839212417603
7.46484375,13736.0,0.8248262405395508
7.4453125,13736.0,0.8248685598373413
7.4296875,13736.0,0.8249108791351318
7.4140625,13736.0,0.8249531984329224
7.3984375,13736.0,0.8249955177307129
7.3828125,13736.0,0.8250378370285034
7.36328125,13736.0,0.825080156326294
7.34765625,13736.0,0.8251224756240845
7.33203125,13736.0,0.825164794921875
7.31640625,13736.0,0.8252071142196655
7.30078125,13736.0,0.825249433517456
7.28515625,13736.0,0.8252917528152466
7.26953125,13736.0,0.8253340721130371
7.25390625,13736.0,0.8253763914108276
7.23828125,13736.0,0.8254187107086182
7.21875,13736.0,0.8254610300064087
7.203125,13736.0,0.8255033493041992
7.1875,13736.0,0.8255456686019897
7.171875,13736.0,0.8255879878997803
7.15625,13736.0,0.8256303071975708
7.14453125,13736.0,0.8256726264953613
7.12890625,13736.0,0.8257149457931519
7.11328125,13736.0,0.8257572650909424
7.09765625,13736.0,0.8257995843887329
7.08203125,13736.0,0.8258419036865234
7.06640625,13736.0,0.825884222984314
7.05078125,13736.0,0.8259265422821045
7.03515625,13736.0,0.825968861579895
7.01953125,13736.0,0.8260111808776855
7.00390625,13736.0,0.8260535001754761
6.9921875,13736.0,0.8260958194732666
6.9765625,13736.0,0.8261381387710571
6.9609375,13736.0,0.8261804580688477
6.9453125,13736.0,0.8262227773666382
6.93359375,13736.0,0.8262650966644287
6.91796875,13736.0,0.8263074159622192
6.90234375,13744.0,0.8263497352600098
6.890625,13744.0,0.8263920545578003
6.875,13744.0,0.8264343738555908
6.86328125,13744.0,0.8264766931533813
6.84765625,13744.0,0.8265190124511719
6.8359375,13744.0,0.8265613317489624
6.8203125,13744.0,0.8266036510467529
6.80859375,13744.0,0.8266459703445435
6.796875,13744.0,0.826688289642334
6.78125,13744.0,0.8267306089401245
6.76953125,13744.0,0.826772928237915
6.7578125,13744.0,0.8268152475357056
6.74609375,13744.0,0.8268575668334961
6.734375,13744.0,0.8268998861312866
6.72265625,13744.0,0.8269422054290771
6.7109375,13744.0,0.8269845247268677
6.69921875,13744.0,0.8270268440246582
6.6875,13744.0,0.8270691633224487
6.67578125,13744.0,0.8271114826202393
6.6640625,13744.0,0.8271538019180298
6.65234375,13744.0,0.8271961212158203
6.640625,13744.0,0.8272384405136108
6.62890625,13744.0,0.8272807598114014
6.62109375,13744.0,0.8273230791091919
6.609375,13744.0,0.8273653984069824
6.59765625,13744.0,0.827407717704773
6.58984375,13744.0,0.8274500370025635
6.578125,13744.0,0.827492356300354
6.5703125,13744.0,0.8275346755981445
6.55859375,13744.0,0.8275769948959351
6.55078125,13744.0,0.8276193141937256
6.5390625,13744.0,0.8276616334915161
6.53125,13744.0,0.8277039527893066
6.51953125,13744.0,0.8277462720870972
6.51171875,13744.0,0.8277885913848877
6.50390625,13744.0,0.8278309106826782
6.49609375,13744.0,0.8278732299804688
6.48828125,13744.0,0.8279155492782593
6.4765625,13744.0,0.8279578685760498
6.46875,13744.0,0.8280001878738403
6.4609375,13752.0,0.8280425071716309
6.453125,13752.0,0.8280848264694214
6.44921875,13752.0,0.8281271457672119
6.44140625,13752.0,0.8281694650650024
6.43359375,13752.0,0.828211784362793
6.42578125,13752.0,0.8282541036605835
6.41796875,13752.0,0.828296422958374
6.4140625,13752.0,0.8283387422561646
6.40625,13752.0,0.8283810615539551
6.40234375,13752.0,0.8284233808517456
6.39453125,13752.0,0.8284657001495361
6.390625,13752.0,0.8285080194473267
6.3828125,13752.0,0.8285503387451172
6.37890625,13752.0,0.8285926580429077
6.375,13752.0,0.8286349773406982
6.37109375,13752.0,0.8286772966384888
6.3671875,13752.0,0.8287196159362793
6.36328125,13752.0,0.8287619352340698
6.359375,13752.0,0.8288042545318604
6.35546875,13752.0,0.8288465738296509
6.3515625,13752.0,0.8288888931274414
6.34765625,13752.0,0.8289312124252319
6.34375,13752.0,0.8289735317230225
6.34375,13752.0,0.829015851020813
6.33984375,13752.0,0.8290581703186035
6.33984375,13752.0,0.829100489616394
6.3359375,13752.0,0.8291428089141846
6.3359375,13752.0,0.8291851282119751
6.3359375,13752.0,0.8292274475097656
6.3359375,13752.0,0.8292697668075562
6.33203125,13752.0,0.8293120861053467
6.33203125,13752.0,0.8293544054031372
6.33203125,13752.0,0.8293967247009277
6.33203125,13752.0,0.8294390439987183
6.33203125,13752.0,0.8294813632965088
6.33203125,13752.0,0.8295236825942993
6.3359375,13752.0,0.8295632600784302
6.3359375,13752.0,0.8295921683311462
6.3359375,13752.0,0.8296204209327698
6.3359375,13752.0,0.8296509981155396
6.33984375,13752.0,0.8296830058097839
6.33984375,13760.0,0.8297180533409119
6.34375,13760.0,0.8297504186630249
6.34375,13760.0,0.8297824263572693
6.34375,13760.0,0.8298153877258301
6.34765625,13760.0,0.8298454880714417
6.34765625,13760.0,0.8298717737197876
6.3515625,13760.0,0.8299100399017334
6.3515625,13760.0,0.8299466371536255
6.35546875,13760.0,0.8299733996391296
6.359375,13760.0,0.8300052881240845
6.359375,13760.0,0.8300371170043945
6.36328125,13760.0,0.8300625681877136
6.36328125,13760.0,0.8300923109054565
6.3671875,13760.0,0.8301346302032471
6.375,13760.0,0.8301769495010376
6.375,13760.0,0.8302095532417297
6.37890625,13760.0,0.8302419781684875
6.3828125,13760.0,0.8302727937698364
6.38671875,13760.0,0.830303966999054
6.390625,13760.0,0.8303353786468506
6.39453125,13760.0,0.8303720951080322
6.40234375,13760.0,0.8304054737091064
6.40625,13760.0,0.830433189868927
6.41015625,13760.0,0.83046555519104
6.4140625,13760.0,0.8304947018623352
6.41796875,13760.0,0.8305225968360901
6.421875,13760.0,0.8305532336235046
6.4296875,13760.0,0.830583930015564
6.43359375,13760.0,0.8306262493133545
6.44140625,13760.0,0.830668568611145
6.44921875,13760.0,0.8307108879089355
6.45703125,13760.0,0.8307403922080994
6.4609375,13760.0,0.830771267414093
6.46875,13760.0,0.8308135867118835
6.4765625,13760.0,0.8308488130569458
6.484375,13760.0,0.8308782577514648
6.4921875,13760.0,0.8309038877487183
6.49609375,13760.0,0.8309338688850403
6.50390625,13760.0,0.8309631943702698
6.51171875,13760.0,0.8309920430183411
6.515625,13760.0,0.8310219645500183
6.5234375,13760.0,0.8310492634773254
6.52734375,13760.0,0.8310784697532654
6.5390625,13760.0,0.8311132192611694
6.546875,13760.0,0.8311454057693481
6.5546875,13760.0,0.83118736743927
6.5625,13760.0,0.8312135338783264
6.5703125,13760.0,0.831244170665741
6.578125,13760.0,0.8312727212905884
6.58984375,13760.0,0.8313115239143372
6.6015625,13760.0,0.8313538432121277
6.609375,13760.0,0.8313941955566406
6.62109375,13768.0,0.8314275741577148
6.62890625,13768.0,0.8314610719680786
6.640625,13768.0,0.8314923644065857
6.6484375,13768.0,0.8315252065658569
6.66015625,13768.0,0.8315531015396118
6.66796875,13768.0,0.831590473651886
6.6796875,13768.0,0.8316228985786438
6.6875,13768.0,0.8316500782966614
6.69921875,13768.0,0.8316816687583923
6.70703125,13768.0,0.83171147108078
6.71875,13768.0,0.8317480087280273
6.73046875,13768.0,0.8317825198173523
6.7421875,13768.0,0.8318142294883728
6.75390625,13768.0,0.8318497538566589
6.765625,13768.0,0.8318766951560974
6.7734375,13768.0,0.8319079875946045
6.78515625,13768.0,0.8319399356842041
6.796875,13768.0,0.8319725394248962
6.80859375,13768.0,0.832007110118866
6.8203125,13768.0,0.8320377469062805
6.828125,13768.0,0.8320657014846802
6.83984375,13768.0,0.8320971727371216
6.8515625,13768.0,0.8321312069892883
6.8671875,13768.0,0.8321593403816223
6.875,13768.0,0.8321897983551025
6.88671875,13768.0,0.8322163224220276
6.89453125,13768.0,0.8322439193725586
6.91015625,13768.0,0.8322849273681641
6.921875,13768.0,0.8323150277137756
6.93359375,13768.0,0.832342803478241
6.9453125,13768.0,0.8323776125907898
6.95703125,13768.0,0.8324031829833984
6.96484375,13768.0,0.832429826259613
6.9765625,13768.0,0.8324529528617859
6.98828125,13768.0,0.8324872851371765
7.0,13768.0,0.8325203657150269
7.01171875,13768.0,0.8325501680374146
7.0234375,13768.0,0.8325781226158142
7.03125,13768.0,0.8326090574264526
7.04296875,13768.0,0.8326379656791687
7.05859375,13768.0,0.8326742053031921
7.0703125,13768.0,0.8327039480209351
7.08203125,13768.0,0.8327372074127197
7.08984375,13768.0,0.8327635526657104
7.1015625,13768.0,0.8327949643135071
7.11328125,13768.0,0.8328214287757874
7.125,13768.0,0.8328516483306885
7.13671875,13768.0,0.8328831195831299
7.14453125,13768.0,0.8329112529754639
7.15625,13768.0,0.8329452872276306
7.16796875,13768.0,0.8329711556434631
7.1796875,13768.0,0.8329971432685852
7.19140625,13768.0,0.8330290913581848
7.203125,13768.0,0.833065390586853
7.21484375,13768.0,0.8330984711647034
7.2265625,13776.0,0.8331307768821716
7.23828125,13776.0,0.8331590294837952
7.24609375,13776.0,0.8331873416900635
7.2578125,13776.0,0.833217203617096
7.26953125,13776.0,0.8332493901252747
7.27734375,13776.0,0.8332781195640564
7.2890625,13776.0,0.8333105444908142
7.30078125,13776.0,0.8333371877670288
7.30859375,13776.0,0.8333628177642822
7.3203125,13776.0,0.8333951830863953
7.328125,13776.0,0.833420991897583
7.33984375,13776.0,0.8334489464759827
7.34765625,13776.0,0.8334805369377136
7.359375,13776.0,0.8335164189338684
7.37109375,13776.0,0.8335480690002441
7.3828125,13776.0,0.8335782885551453
7.390625,13776.0,0.8336097598075867
7.40234375,13776.0,0.8336357474327087
7.41015625,13776.0,0.8336660861968994
7.421875,13776.0,0.8336995244026184
7.4296875,13776.0,0.8337283730506897
7.44140625,13776.0,0.8337615132331848
7.44921875,13776.0,0.8337883949279785
7.45703125,13776.0,0.8338178992271423
7.47265625,13776.0,0.8338594436645508
7.484375,13776.0,0.8338955640792847
7.4921875,13776.0,0.833920955657959
7.5,13776.0,0.8339501619338989
7.51171875,13776.0,0.8339883685112
7.51953125,13776.0,0.8340180516242981
7.52734375,13776.0,0.8340491652488708
7.5390625,13776.0,0.8340877294540405
7.546875,13776.0,0.8341143727302551
7.5546875,13776.0,0.8341447710990906
7.56640625,13776.0,0.8341793417930603
7.57421875,13776.0,0.8342097401618958
7.5859375,13776.0,0.834247350692749
7.59375,13776.0,0.8342803716659546
7.60546875,13776.0,0.834311842918396
7.609375,13776.0,0.8343386650085449
7.62109375,13776.0,0.8343691825866699
7.625,13776.0,0.8343945145606995
7.63671875,13776.0,0.8344277143478394
7.640625,13776.0,0.8344534039497375
7.65234375,13776.0,0.8344917893409729
7.66015625,13776.0,0.8345341086387634
7.671875,13776.0,0.8345679044723511
7.6796875,13776.0,0.8345982432365417
7.68359375,13776.0,0.8346271514892578
7.69140625,13776.0,0.8346529006958008
7.69921875,13776.0,0.8346835374832153
7.703125,13776.0,0.8347102403640747
7.7109375,13776.0,0.8347373604774475
7.71875,13776.0,0.8347713351249695
7.7265625,13776.0,0.8348012566566467
7.73046875,13776.0,0.8348289728164673
7.73828125,13776.0,0.8348584175109863
7.7421875,13784.0,0.8348861336708069
7.75,13784.0,0.8349152207374573
7.7578125,13784.0,0.8349562287330627
7.765625,13784.0,0.8349985480308533
7.7734375,13784.0,0.8350270986557007
7.77734375,13784.0,0.8350569009780884
7.78515625,13784.0,0.8350856304168701
7.7890625,13784.0,0.8351107835769653
7.796875,13784.0,0.8351465463638306
7.80078125,13784.0,0.8351753950119019
7.8046875,13784.0,0.8351996541023254
7.80859375,13784.0,0.8352321982383728
7.81640625,13784.0,0.8352619409561157
7.8203125,13784.0,0.8352919816970825
7.82421875,13784.0,0.8353154063224792
7.828125,13784.0,0.8353424072265625
7.83203125,13784.0,0.8353788256645203
7.83984375,13784.0,0.8354077339172363
7.84375,13784.0,0.8354345560073853
7.84765625,13784.0,0.8354619741439819
7.8515625,13784.0,0.8354979157447815
7.85546875,13784.0,0.8355284333229065
7.859375,13784.0,0.8355599045753479
7.86328125,13784.0,0.8355896472930908
7.8671875,13784.0,0.8356143832206726
7.87109375,13784.0,0.8356477618217468
7.875,13784.0,0.8356816172599792
7.87890625,13784.0,0.8357130885124207
7.8828125,13784.0,0.835744321346283
7.8828125,13784.0,0.8357789516448975
7.88671875,13784.0,0.8358097672462463
7.890625,13784.0,0.8358463048934937
7.89453125,13784.0,0.8358818292617798
7.89453125,13784.0,0.8359047174453735
7.8984375,13784.0,0.8359306454658508
7.8984375,13784.0,0.8359590172767639
7.90234375,13784.0,0.8359941244125366
7.90625,13784.0,0.8360224962234497
7.90625,13784.0,0.8360491394996643
7.90625,13784.0,0.8360826969146729
7.91015625,13784.0,0.8361092805862427
7.91015625,13784.0,0.8361390829086304
7.91015625,13784.0,0.836168646812439
7.9140625,13784.0,0.8361930847167969
7.9140625,13784.0,0.8362164497375488
7.9140625,13784.0,0.83624666929245
7.91796875,13784.0,0.8362839221954346
7.91796875,13784.0,0.8363181948661804
7.91796875,13784.0,0.8363490104675293
7.91796875,13784.0,0.8363767266273499
7.91796875,13784.0,0.8364128470420837
7.91796875,13784.0,0.836436927318573
7.91796875,13784.0,0.8364735841751099
7.91796875,13784.0,0.8365010619163513
7.91796875,13784.0,0.8365345597267151
7.91796875,13784.0,0.8365640640258789
7.91796875,13784.0,0.8365910053253174
7.91796875,13784.0,0.8366218209266663
7.91796875,13784.0,0.8366448879241943
7.91796875,13792.0,0.8366759419441223
7.91796875,13792.0,0.8367037773132324
7.9140625,13792.0,0.8367348313331604
7.9140625,13792.0,0.8367637395858765
7.9140625,13792.0,0.8367995619773865
7.91015625,13792.0,0.8368323445320129
7.91015625,13792.0,0.8368607759475708
7.90625,13792.0,0.8368918895721436
7.90625,13792.0,0.8369215130805969
7.90234375,13792.0,0.8369614481925964
7.8984375,13792.0,0.837001383304596
7.89453125,13792.0,0.8370413184165955
7.890625,13792.0,0.837081253528595
7.88671875,13792.0,0.8371211886405945
7.8828125,13792.0,0.837161123752594
7.87890625,13792.0,0.8372010588645935
7.875,13792.0,0.837240993976593
7.87109375,13792.0,0.8372809290885925
7.86328125,13792.0,0.837320864200592
7.859375,13792.0,0.8373607993125916
7.8515625,13792.0,0.8374007344245911
7.84375,13792.0,0.8374406695365906
7.83984375,13792.0,0.8374806046485901
7.83203125,13792.0,0.8375205397605896
7.82421875,13792.0,0.8375604748725891
7.81640625,13792.0,0.8376004099845886
7.80859375,13792.0,0.8376403450965881
7.8046875,13792.0,0.8376802802085876
7.796875,13792.0,0.8377202153205872
7.78515625,13792.0,0.8377601504325867
7.77734375,13792.0,0.8378000855445862
7.76953125,13792.0,0.8378400206565857
7.76171875,13792.0,0.8378799557685852
7.75,13792.0,0.8379198908805847
7.7421875,13792.0,0.8379598259925842
7.734375,13792.0,0.8379997611045837
7.72265625,13792.0,0.8380396962165833
7.71484375,13792.0,0.8380796313285828
7.703125,13792.0,0.8381195664405823
7.6953125,13792.0,0.8381595015525818
7.68359375,13792.0,0.8381994366645813
7.67578125,13792.0,0.8382393717765808
7.6640625,13792.0,0.8382793068885803
7.65234375,13792.0,0.8383192420005798
7.640625,13792.0,0.8383591771125793
7.6328125,13792.0,0.8383991122245789
7.62109375,13800.0,0.8384390473365784
7.609375,13800.0,0.8384789824485779
7.59765625,13800.0,0.8385189175605774
7.5859375,13800.0,0.8385588526725769
7.57421875,13800.0,0.8385987877845764
7.5625,13800.0,0.8386387228965759
7.546875,13800.0,0.8386786580085754
7.53515625,13800.0,0.838718593120575
7.5234375,13800.0,0.8387585282325745
7.5078125,13800.0,0.838798463344574
7.49609375,13800.0,0.8388383984565735
7.484375,13800.0,0.838878333568573
7.47265625,13800.0,0.8389182686805725
7.45703125,13800.0,0.838958203792572
7.4453125,13800.0,0.8389981389045715
7.4296875,13800.0,0.839038074016571
7.4140625,13800.0,0.8390780091285706
7.40234375,13800.0,0.8391179442405701
7.38671875,13800.0,0.8391578793525696
7.37109375,13800.0,0.8391978144645691
7.359375,13800.0,0.8392377495765686
7.34375,13800.0,0.8392776846885681
7.328125,13800.0,0.8393176198005676
7.3125,13800.0,0.8393575549125671
7.30078125,13800.0,0.8393974900245667
7.28515625,13800.0,0.8394374251365662
7.26953125,13800.0,0.8394773602485657
7.25390625,13800.0,0.8395172953605652
7.23828125,13800.0,0.8395572304725647
7.22265625,13800.0,0.8395971655845642
7.20703125,13800.0,0.8396371006965637
7.19140625,13800.0,0.8396770358085632
7.17578125,13800.0,0.8397169709205627
7.16015625,13800.0,0.8397569060325623
7.14453125,13800.0,0.8397968411445618
7.12890625,13800.0,0.8398367762565613
7.11328125,13800.0,0.8398767113685608
7.09765625,13800.0,0.8399166464805603
7.08203125,13800.0,0.8399565815925598
7.06640625,13800.0,0.8399965167045593
7.05078125,13800.0,0.8400364518165588
7.03515625,13800.0,0.8400763869285583
7.01953125,13800.0,0.8401163220405579
7.00390625,13800.0,0.8401562571525574
6.984375,13800.0,0.8401961922645569
6.96875,13808.0,0.8402361273765564
6.953125,13808.0,0.8402760624885559
6.9375,13808.0,0.8403159976005554
6.921875,13808.0,0.8403559327125549
6.90625,13808.0,0.8403958678245544
6.890625,13808.0,0.840435802936554
6.875,13808.0,0.8404757380485535
6.859375,13808.0,0.840515673160553
6.84765625,13808.0,0.8405556082725525
6.83203125,13808.0,0.840595543384552
6.81640625,13808.0,0.8406354784965515
6.80078125,13808.0,0.840675413608551
6.78515625,13808.0,0.8407153487205505
6.76953125,13808.0,0.84075528383255
6.7578125,13808.0,0.8407952189445496
6.7421875,13808.0,0.8408351540565491
6.7265625,13808.0,0.8408750891685486
6.71484375,13808.0,0.8409150242805481
6.69921875,13808.0,0.8409549593925476
6.6875,13808.0,0.8409948945045471
6.671875,13808.0,0.8410348296165466
6.66015625,13808.0,0.8410747647285461
6.64453125,13808.0,0.8411146998405457
6.6328125,13808.0,0.8411546349525452
6.62109375,13808.0,0.8411945700645447
6.60546875,13808.0,0.8412345051765442
6.59375,13808.0,0.8412744402885437
6.58203125,13808.0,0.8413143754005432
6.5703125,13808.0,0.8413543105125427
6.55859375,13808.0,0.8413942456245422
6.546875,13808.0,0.8414341807365417
6.53515625,13808.0,0.8414741158485413
6.52734375,13808.0,0.8415140509605408
6.515625,13808.0,0.8415539860725403
6.50390625,13808.0,0.8415939211845398
6.4921875,13808.0,0.8416338562965393
6.484375,13808.0,0.8416737914085388
6.47265625,13808.0,0.8417137265205383
6.46484375,13808.0,0.8417536616325378
6.453125,13808.0,0.8417935967445374
6.4453125,13808.0,0.8418335318565369
6.4375,13808.0,0.8418734669685364
6.4296875,13808.0,0.8419134020805359
6.41796875,13808.0,0.8419533371925354
6.41015625,13808.0,0.8419932723045349
6.40234375,13808.0,0.8420332074165344
6.39453125,13816.0,0.8420731425285339
6.38671875,13816.0,0.8421130776405334
6.37890625,13816.0,0.842153012752533
6.375,13816.0,0.8421929478645325
6.3671875,13816.0,0.842232882976532
6.359375,13816.0,0.8422728180885315
6.3515625,13816.0,0.842312753200531
6.34765625,13816.0,0.8423526883125305
6.33984375,13816.0,0.84239262342453
6.3359375,13816.0,0.8424325585365295
6.328125,13816.0,0.842472493648529
6.32421875,13816.0,0.8425124287605286
6.3203125,13816.0,0.8425523638725281
6.3125,13816.0,0.8425922989845276
6.30859375,13816.0,0.8426322340965271
6.3046875,13816.0,0.8426721692085266
6.30078125,13816.0,0.8427121043205261
6.29296875,13816.0,0.8427520394325256
6.2890625,13816.0,0.8427919745445251
6.28515625,13816.0,0.8428319096565247
6.28125,13816.0,0.8428718447685242
6.27734375,13816.0,0.8429117798805237
6.27734375,13816.0,0.8429517149925232
6.2734375,13816.0,0.8429916501045227
6.26953125,13816.0,0.8430315852165222
6.265625,13816.0,0.8430715203285217
6.26171875,13816.0,0.8431114554405212
6.26171875,13816.0,0.8431513905525208
6.2578125,13816.0,0.8431913256645203
6.2578125,13816.0,0.8432312607765198
6.25390625,13816.0,0.8432711958885193
6.25390625,13816.0,0.8433111310005188
6.25390625,13816.0,0.8433510661125183
6.25,13816.0,0.8433910012245178
6.25,13816.0,0.8434309363365173
6.25,13816.0,0.8434708714485168
6.25,13816.0,0.8435108065605164
6.25,13816.0,0.8435507416725159
6.25,13816.0,0.8435906767845154
6.25,13816.0,0.8436306118965149
6.25,13816.0,0.8436705470085144
6.25,13816.0,0.8437104821205139
6.25,13816.0,0.8437504172325134
6.25,13816.0,0.8437903523445129
6.25,13816.0,0.8438302874565125
6.25390625,13816.0,0.843870222568512
6.25390625,13824.0,0.8439101576805115
6.25390625,13824.0,0.843950092792511
6.2578125,13824.0,0.8439900279045105
6.2578125,13824.0,0.84402996301651
6.26171875,13824.0,0.8440698981285095
6.26171875,13824.0,0.844109833240509
6.265625,13824.0,0.8441497683525085
6.26953125,13824.0,0.8441897034645081
6.26953125,13824.0,0.8442296385765076
6.2734375,13824.0,0.8442695736885071
6.27734375,13824.0,0.8443095088005066
6.28125,13824.0,0.8443494439125061
6.28515625,13824.0,0.8443893790245056
6.28515625,13824.0,0.8444293141365051
6.2890625,13824.0,0.8444692492485046
6.29296875,13824.0,0.8445091843605042
6.30078125,13824.0,0.8445491194725037
6.3046875,13824.0,0.8445890545845032
6.30859375,13824.0,0.8446289896965027
6.3125,13824.0,0.8446689248085022
6.31640625,13824.0,0.8447088599205017
6.3203125,13824.0,0.8447487950325012
6.328125,13824.0,0.8447887301445007
6.33203125,13824.0,0.8448286652565002
6.33984375,13824.0,0.8448686003684998
6.34375,13824.0,0.8449085354804993
6.3515625,13824.0,0.8449484705924988
6.35546875,13824.0,0.8449884057044983
6.36328125,13824.0,0.8450283408164978
6.37109375,13824.0,0.8450682759284973
6.37890625,13824.0,0.8451082110404968
6.38671875,13824.0,0.8451481461524963
6.39453125,13824.0,0.8451880812644958
6.3984375,13824.0,0.8452280163764954
6.40625,13824.0,0.8452679514884949
6.41796875,13824.0,0.8453078866004944
6.42578125,13824.0,0.8453478217124939
6.43359375,13824.0,0.8453877568244934
6.44140625,13824.0,0.8454276919364929
6.44921875,13824.0,0.8454676270484924
6.4609375,13824.0,0.8455075621604919
6.46875,13824.0,0.8455474972724915
6.4765625,13824.0,0.845587432384491
6.48828125,13824.0,0.8456273674964905
6.49609375,13824.0,0.84566730260849
6.5078125,13824.0,0.8457072377204895
6.51953125,13824.0,0.845747172832489
6.52734375,13832.0,0.8457871079444885
6.5390625,13832.0,0.845827043056488
6.55078125,13832.0,0.8458669781684875
6.55859375,13832.0,0.8459069132804871
6.5703125,13832.0,0.8459468483924866
6.58203125,13832.0,0.8459867835044861
6.59375,13832.0,0.8460267186164856
6.60546875,13832.0,0.8460666537284851
6.6171875,13832.0,0.8461065888404846
6.62890625,13832.0,0.8461465239524841
6.640625,13832.0,0.8461864590644836
6.65234375,13832.0,0.8462263941764832
6.66796875,13832.0,0.8462663292884827
6.6796875,13832.0,0.8463062644004822
6.69140625,13832.0,0.8463461995124817
6.703125,13832.0,0.8463861346244812
6.71875,13832.0,0.8464260697364807
6.73046875,13832.0,0.8464660048484802
6.7421875,13832.0,0.8465059399604797
6.7578125,13832.0,0.8465458750724792
6.76953125,13832.0,0.8465858101844788
6.78125,13832.0,0.8466257452964783
6.796875,13832.0,0.8466656804084778
6.80859375,13832.0,0.8467056155204773
6.82421875,13832.0,0.8467455506324768
6.8359375,13832.0,0.8467854857444763
6.8515625,13832.0,0.8468254208564758
6.86328125,13832.0,0.8468653559684753
6.87890625,13832.0,0.8469052910804749
6.890625,13832.0,0.8469452261924744
6.90625,13832.0,0.8469851613044739
6.91796875,13832.0,0.8470250964164734
6.93359375,13832.0,0.8470650315284729
6.94921875,13832.0,0.8471049666404724
6.9609375,13832.0,0.8471449017524719
6.9765625,13832.0,0.8471848368644714
6.98828125,13832.0,0.847224771976471
7.00390625,13832.0,0.8472647070884705
7.0234375,13832.0,0.84730464220047
7.05078125,13832.0,0.8473445773124695
7.05859375,13832.0,0.847384512424469
7.06640625,13832.0,0.8474244475364685
7.08984375,13832.0,0.847464382648468
7.10546875,13832.0,0.8475043177604675
7.11328125,13832.0,0.847544252872467
7.12890625,13832.0,0.8475841879844666
7.15234375,13840.0,0.8476241230964661
7.16015625,13840.0,0.8476640582084656
7.171875,13840.0,0.8477039933204651
7.1953125,13840.0,0.8477439284324646
7.2109375,13840.0,0.8477838635444641
7.21875,13840.0,0.8478237986564636
7.234375,13840.0,0.8478637337684631
7.2578125,13840.0,0.8479036688804626
7.265625,13840.0,0.8479436039924622
7.27734375,13840.0,0.8479835391044617
7.296875,13840.0,0.8480234742164612
7.31640625,13840.0,0.8480634093284607
7.32421875,13840.0,0.8481033444404602
7.3359375,13840.0,0.8481432795524597
7.359375,13840.0,0.8481832146644592
7.37109375,13840.0,0.8482231497764587
7.37890625,13840.0,0.8482630848884583
7.3984375,13840.0,0.8483030200004578
7.41796875,13840.0,0.8483429551124573
7.42578125,13840.0,0.8483828902244568
7.4375,13840.0,0.8484228253364563
7.45703125,13840.0,0.8484627604484558
7.46875,13840.0,0.8485026955604553
7.4765625,13840.0,0.8485426306724548
7.4921875,13840.0,0.8485825657844543
7.51171875,13840.0,0.8486225008964539
7.51953125,13840.0,0.8486624360084534
7.52734375,13840.0,0.8487023711204529
7.546875,13840.0,0.8487423062324524
7.55859375,13840.0,0.8487822413444519
7.56640625,13840.0,0.8488221764564514
7.578125,13840.0,0.8488621115684509
7.59765625,13840.0,0.8489020466804504
7.60546875,13840.0,0.84894198179245
7.61328125,13840.0,0.8489819169044495
7.62890625,13840.0,0.849021852016449
7.640625,13840.0,0.8490617871284485
7.64453125,13840.0,0.849101722240448
7.65625,13840.0,0.8491416573524475
7.671875,13840.0,0.849181592464447
7.6796875,13840.0,0.8492215275764465
7.68359375,13840.0,0.849261462688446
7.69921875,13840.0,0.8493013978004456
7.7109375,13840.0,0.8493413329124451
7.71484375,13840.0,0.8493812680244446
7.72265625,13840.0,0.8494212031364441
7.734375,13840.0,0.8494611382484436
7.7421875,13840.0,0.8495010733604431
7.74609375,13848.0,0.8495410084724426
7.75390625,13848.0,0.8495809435844421
7.765625,13848.0,0.8496208786964417
7.76953125,13848.0,0.8496608138084412
7.7734375,13848.0,0.8497007489204407
7.78515625,13848.0,0.8497406840324402
7.7890625,13848.0,0.8497806191444397
7.79296875,13848.0,0.8498205542564392
7.796875,13848.0,0.8498604893684387
7.80859375,13848.0,0.8499004244804382
7.80859375,13848.0,0.8499403595924377
7.8125,13848.0,0.8499802947044373
7.8203125,13848.0,0.8500202298164368
7.82421875,13848.0,0.8500601649284363
7.82421875,13848.0,0.8501001000404358
7.828125,13848.0,0.8501400351524353
7.83203125,13848.0,0.8501799702644348
7.8359375,13848.0,0.8502199053764343
7.83203125,13848.0,0.8502598404884338
7.83984375,13848.0,0.8502997756004333
7.84375,13848.0,0.8503397107124329
7.83984375,13848.0,0.8503796458244324
7.83984375,13848.0,0.8504195809364319
7.84375,13848.0,0.8504595160484314
7.84375,13848.0,0.8504994511604309
7.84375,13848.0,0.8505393862724304
7.84375,13848.0,0.8505793213844299
7.84765625,13848.0,0.8506192564964294
7.84375,13848.0,0.850659191608429
7.83984375,13848.0,0.8506991267204285
7.84375,13848.0,0.850739061832428
7.84375,13848.0,0.8507789969444275
7.83984375,13848.0,0.850818932056427
7.83984375,13848.0,0.8508588671684265
7.83984375,13848.0,0.8508836627006531
7.8359375,13848.0,0.8509158492088318
7.83203125,13848.0,0.8509413599967957
7.83203125,13848.0,0.8509712219238281
7.83203125,13848.0,0.8509969115257263
7.83203125,13848.0,0.8510286808013916
7.828125,13848.0,0.8510581851005554
7.82421875,13848.0,0.8510864973068237
7.8203125,13848.0,0.8511162400245667
7.8203125,13848.0,0.8511528372764587
7.8203125,13848.0,0.8511769771575928
7.81640625,13848.0,0.8512070178985596
7.80859375,13848.0,0.851239025592804
7.80859375,13848.0,0.8512638211250305
7.8046875,13848.0,0.851289689540863
7.8046875,13848.0,0.8513252139091492
7.80078125,13848.0,0.8513507843017578
7.796875,13848.0,0.8513782024383545
7.79296875,13848.0,0.8514074683189392
7.7890625,13856.0,0.8514410257339478
7.7890625,13856.0,0.8514649868011475
7.78515625,13856.0,0.8514915704727173
7.77734375,13856.0,0.8515305519104004
7.7734375,13856.0,0.8515676259994507
7.76953125,13856.0,0.8515973687171936
7.765625,13856.0,0.8516244292259216
7.7578125,13856.0,0.8516510725021362
7.75390625,13856.0,0.8516769409179688
7.75,13856.0,0.8517030477523804
7.75,13856.0,0.8517330288887024
7.7421875,13856.0,0.851759135723114
7.73828125,13856.0,0.8517861366271973
7.73046875,13856.0,0.8518179655075073
7.7265625,13856.0,0.8518481850624084
7.72265625,13856.0,0.8518776893615723
7.71875,13856.0,0.8519098162651062
7.7109375,13856.0,0.8519347310066223
7.703125,13856.0,0.8519618511199951
7.69921875,13856.0,0.8519888520240784
7.6953125,13856.0,0.8520167469978333
7.69140625,13856.0,0.8520479202270508
7.6796875,13856.0,0.8520771265029907
7.67578125,13856.0,0.8521074652671814
7.671875,13856.0,0.8521324992179871
7.66796875,13856.0,0.8521596193313599
7.66015625,13856.0,0.8521878719329834
7.65234375,13856.0,0.8522166013717651
7.64453125,13856.0,0.8522420525550842
7.640625,13856.0,0.852276623249054
7.63671875,13856.0,0.8523021340370178
7.62890625,13856.0,0.8523299694061279
7.62109375,13856.0,0.8523558378219604
7.61328125,13856.0,0.8523829579353333
7.609375,13856.0,0.8524155616760254
7.60546875,13856.0,0.8524425625801086
7.59765625,13856.0,0.8524767160415649
7.5859375,13856.0,0.8525025248527527
7.578125,13856.0,0.8525282740592957
7.57421875,13856.0,0.8525526523590088
7.5703125,13856.0,0.8525830507278442
7.5625,13856.0,0.8526188731193542
7.55078125,13856.0,0.8526455760002136
7.54296875,13856.0,0.8526712656021118
7.5390625,13856.0,0.8527010679244995
7.53515625,13856.0,0.8527308106422424
7.52734375,13856.0,0.8527582287788391
7.515625,13856.0,0.8527862429618835
7.5078125,13856.0,0.8528168201446533
7.5,13856.0,0.8528527021408081
7.49609375,13856.0,0.8528777360916138
7.484375,13856.0,0.8529073596000671
7.4765625,13856.0,0.8529330492019653
7.46875,13856.0,0.8529631495475769
7.4609375,13856.0,0.8529937267303467
7.45703125,13856.0,0.8530228734016418
7.44921875,13856.0,0.8530471920967102
7.4375,13856.0,0.8530750870704651
7.42578125,13856.0,0.8531149625778198
7.41796875,13856.0,0.8531453609466553
7.4140625,13856.0,0.8531739711761475
7.40234375,13856.0,0.8532004952430725
7.39453125,13856.0,0.8532277345657349
7.3828125,13856.0,0.8532536029815674
7.37890625,13856.0,0.853279709815979
7.37109375,13856.0,0.8533052206039429
7.36328125,13864.0,0.8533374071121216
7.34765625,13864.0,0.8533692955970764
7.33984375,13864.0,0.853395402431488
7.33203125,13864.0,0.8534206748008728
7.32421875,13864.0,0.8534504175186157
7.3125,13864.0,0.8534900546073914
7.296875,13864.0,0.8535299897193909
7.2890625,13864.0,0.8535540699958801
7.28125,13864.0,0.8535826206207275
7.2734375,13864.0,0.8536137938499451
7.265625,13864.0,0.853636622428894
7.25,13864.0,0.8536684513092041
7.2421875,13864.0,0.8536996841430664
7.23046875,13864.0,0.8537344932556152
7.21875,13864.0,0.8537629842758179
7.2109375,13864.0,0.853794515132904
7.19921875,13864.0,0.8538201451301575
7.19140625,13864.0,0.8538455367088318
7.18359375,13864.0,0.8538749814033508
7.171875,13864.0,0.8539067506790161
7.16015625,13864.0,0.8539313673973083
7.1484375,13864.0,0.853965699672699
7.140625,13864.0,0.85399329662323
7.1328125,13864.0,0.8540197014808655
7.12109375,13864.0,0.8540489077568054
7.11328125,13864.0,0.854073166847229
7.1015625,13864.0,0.85410076379776
7.09375,13864.0,0.8541276454925537
7.0859375,13864.0,0.8541584014892578
7.07421875,13864.0,0.8541864156723022
7.0625,13864.0,0.8542095422744751
7.0546875,13864.0,0.8542351126670837
7.04296875,13864.0,0.8542728424072266
7.03125,13864.0,0.8543074131011963
7.01953125,13864.0,0.8543368577957153
7.0078125,13864.0,0.8543668985366821
6.99609375,13864.0,0.8543968796730042
6.98828125,13864.0,0.8544198870658875
6.98046875,13864.0,0.8544466495513916
6.96875,13864.0,0.8544753193855286
6.95703125,13864.0,0.8545051217079163
6.94921875,13864.0,0.8545284271240234
6.9375,13864.0,0.8545588254928589
6.9296875,13864.0,0.8545901775360107
6.91796875,13864.0,0.8546183705329895
6.90625,13864.0,0.8546483516693115
6.8984375,13864.0,0.8546719551086426
6.890625,13864.0,0.8546985387802124
6.87890625,13864.0,0.8547304272651672
6.8671875,13864.0,0.8547640442848206
6.8515625,13864.0,0.854802131652832
6.84375,13864.0,0.8548303246498108
6.8359375,13864.0,0.8548557162284851
6.828125,13864.0,0.8548815846443176
6.8125,13864.0,0.8549201488494873
6.80078125,13864.0,0.8549481630325317
6.79296875,13864.0,0.854972779750824
6.78515625,13864.0,0.8549999594688416
6.77734375,13864.0,0.8550284504890442
6.76171875,13864.0,0.8550576567649841
6.75390625,13864.0,0.8550856709480286
6.7421875,13864.0,0.8551183342933655
6.734375,13864.0,0.8551431894302368
6.7265625,13864.0,0.8551705479621887
6.71875,13864.0,0.8552007079124451
6.70703125,13864.0,0.8552244901657104
6.69921875,13872.0,0.8552587032318115
6.69140625,13872.0,0.8552855253219604
6.68359375,13872.0,0.8553099036216736
6.67578125,13872.0,0.8553348779678345
6.6640625,13872.0,0.8553663492202759
6.65234375,13872.0,0.8554009199142456
6.64453125,13872.0,0.8554275035858154
6.63671875,13872.0,0.855451762676239
6.62109375,13872.0,0.8554916381835938
6.609375,13872.0,0.8555315732955933
6.6015625,13872.0,0.8555592894554138
6.59375,13872.0,0.8555878400802612
6.5859375,13872.0,0.855614423751831
6.57421875,13872.0,0.8556501269340515
6.56640625,13872.0,0.8556751608848572
6.55859375,13872.0,0.8556998372077942
6.55078125,13872.0,0.8557326197624207
6.5390625,13872.0,0.8557659983634949
6.53125,13872.0,0.8557921648025513
6.5234375,13872.0,0.8558191061019897
6.515625,13872.0,0.85584557056427
6.5078125,13872.0,0.8558781743049622
6.5,13872.0,0.8559041023254395
6.48828125,13872.0,0.8559352159500122
6.48046875,13872.0,0.8559677004814148
6.47265625,13872.0,0.855998158454895
6.46484375,13872.0,0.8560237288475037
6.45703125,13872.0,0.8560492992401123
6.44921875,13872.0,0.8560781478881836
6.44140625,13872.0,0.8561049699783325
6.43359375,13872.0,0.8561320900917053
6.4296875,13872.0,0.8561593294143677
6.421875,13872.0,0.8561851978302002
6.4140625,13872.0,0.8562175631523132
6.40625,13872.0,0.8562502861022949
6.3984375,13872.0,0.8562749624252319
6.39453125,13872.0,0.8562982678413391
6.38671875,13872.0,0.8563297986984253
6.375,13872.0,0.8563588857650757
6.3671875,13872.0,0.8563964366912842
6.36328125,13872.0,0.8564261794090271
6.35546875,13872.0,0.8564556241035461
6.34765625,13872.0,0.8564801216125488
6.34375,13872.0,0.8565067648887634
6.3359375,13872.0,0.8565362691879272
6.33203125,13872.0,0.8565686941146851
6.32421875,13872.0,0.8565968871116638
6.31640625,13872.0,0.8566222190856934
6.30859375,13872.0,0.8566508293151855
6.3046875,13872.0,0.8566814064979553
6.30078125,13872.0,0.8567113280296326
6.29296875,13872.0,0.8567370176315308
6.2890625,13872.0,0.8567633628845215
6.28125,13872.0,0.8567904829978943
6.27734375,13872.0,0.8568156957626343
6.2734375,13872.0,0.8568477630615234
6.26953125,13872.0,0.856875479221344
6.265625,13872.0,0.8568989038467407
6.2578125,13872.0,0.8569328784942627
6.25390625,13872.0,0.8569602370262146
6.25,13872.0,0.8569860458374023
6.24609375,13872.0,0.8570137619972229
6.2421875,13872.0,0.8570401072502136
6.23828125,13872.0,0.8570681214332581
6.234375,13872.0,0.8570945262908936
6.23046875,13872.0,0.8571218848228455
6.23046875,13872.0,0.8571475744247437
6.2265625,13872.0,0.8571748733520508
6.22265625,13880.0,0.8572011590003967
6.21875,13880.0,0.8572282791137695
6.21484375,13880.0,0.8572551012039185
6.21484375,13880.0,0.8572838306427002
6.2109375,13880.0,0.8573087453842163
6.20703125,13880.0,0.8573396801948547
6.203125,13880.0,0.8573697805404663
6.203125,13880.0,0.857395589351654
6.203125,13880.0,0.8574204444885254
6.19921875,13880.0,0.8574516773223877
6.1953125,13880.0,0.8574828505516052
6.1953125,13880.0,0.8575083613395691
6.19140625,13880.0,0.857536792755127
6.19140625,13880.0,0.8575661182403564
6.19140625,13880.0,0.8575947880744934
6.1875,13880.0,0.8576306104660034
6.1875,13880.0,0.8576562404632568
6.1875,13880.0,0.8576877117156982
6.1875,13880.0,0.8577160835266113
6.1875,13880.0,0.8577488660812378
6.18359375,13880.0,0.8577736020088196
6.18359375,13880.0,0.8578012585639954
6.18359375,13880.0,0.8578305244445801
6.18359375,13880.0,0.8578619956970215
6.18359375,13880.0,0.8578935861587524
6.18359375,13880.0,0.8579280972480774
6.1875,13880.0,0.8579513430595398
6.1875,13880.0,0.8579763770103455
6.1875,13880.0,0.8580121397972107
6.1875,13880.0,0.8580372929573059
6.1875,13880.0,0.8580648899078369
6.19140625,13880.0,0.8580987453460693
6.19140625,13880.0,0.8581386804580688
6.1953125,13880.0,0.8581786155700684
6.1953125,13880.0,0.8582166433334351
6.19921875,13880.0,0.8582454323768616
6.203125,13880.0,0.8582707643508911
6.203125,13880.0,0.8582999110221863
6.203125,13880.0,0.8583322763442993
6.20703125,13880.0,0.8583567142486572
6.2109375,13880.0,0.8583856821060181
6.21484375,13880.0,0.8584152460098267
6.21484375,13880.0,0.8584408760070801
6.21875,13880.0,0.8584685325622559
6.21875,13880.0,0.8584948182106018
6.22265625,13880.0,0.8585226535797119
6.2265625,13880.0,0.8585484623908997
6.23046875,13880.0,0.8585753440856934
6.23046875,13880.0,0.8586029410362244
6.234375,13880.0,0.858626663684845
6.23828125,13880.0,0.8586594462394714
6.2421875,13880.0,0.8586844205856323
6.24609375,13880.0,0.8587139248847961
6.25,13880.0,0.85873943567276
6.25390625,13880.0,0.858774721622467
6.2578125,13880.0,0.8588024377822876
6.26171875,13880.0,0.8588278889656067
6.265625,13880.0,0.8588557243347168
6.26953125,13880.0,0.8588860630989075
6.2734375,13880.0,0.858913779258728
6.27734375,13880.0,0.8589416742324829
6.28515625,13880.0,0.8589674234390259
6.2890625,13880.0,0.8589926362037659
6.29296875,13880.0,0.8590192198753357
6.296875,13880.0,0.8590469360351562
6.3046875,13880.0,0.8590763807296753
6.30859375,13880.0,0.8591061234474182
6.3125,13888.0,0.8591341972351074
6.3203125,13888.0,0.8591575026512146
6.32421875,13888.0,0.8591858744621277
6.328125,13888.0,0.8592153191566467
6.3359375,13888.0,0.8592402935028076
6.33984375,13888.0,0.8592694401741028
6.34765625,13888.0,0.8592960834503174
6.3515625,13888.0,0.8593285083770752
6.359375,13888.0,0.8593540787696838
6.36328125,13888.0,0.8593829870223999
6.37109375,13888.0,0.8594187498092651
6.37890625,13888.0,0.8594483137130737
6.3828125,13888.0,0.8594735264778137
6.390625,13888.0,0.8595008850097656
6.39453125,13888.0,0.8595258593559265
6.40234375,13888.0,0.8595548272132874
6.41015625,13888.0,0.859582781791687
6.4140625,13888.0,0.859617292881012
6.421875,13888.0,0.8596479296684265
6.4296875,13888.0,0.8596757054328918
6.4375,13888.0,0.8597021102905273
6.44140625,13888.0,0.8597285151481628
6.44921875,13888.0,0.8597524762153625
6.453125,13888.0,0.8597794771194458
6.4609375,13888.0,0.8598086833953857
6.47265625,13888.0,0.8598453998565674
6.4765625,13888.0,0.8598712682723999
6.484375,13888.0,0.8598966598510742
6.4921875,13888.0,0.8599289655685425
6.49609375,13888.0,0.8599556088447571
6.50390625,13888.0,0.8599808216094971
6.51171875,13888.0,0.860007643699646
6.51953125,13888.0,0.8600332736968994
6.52734375,13888.0,0.8600662350654602
6.53515625,13888.0,0.8600931167602539
6.54296875,13888.0,0.8601251840591431
6.55078125,13888.0,0.8601555824279785
6.5546875,13888.0,0.8601804971694946
6.5625,13888.0,0.8602047562599182
6.5703125,13888.0,0.8602398037910461
6.58203125,13888.0,0.8602725863456726
6.58984375,13888.0,0.8603012561798096
6.59375,13888.0,0.8603272438049316
6.6015625,13888.0,0.8603534698486328
6.609375,13888.0,0.8603812456130981
6.6171875,13888.0,0.860406756401062
6.625,13888.0,0.86043381690979
6.6328125,13888.0,0.8604593276977539
6.640625,13888.0,0.8604891300201416
6.6484375,13888.0,0.8605161309242249
6.65625,13888.0,0.8605411052703857
6.6640625,13888.0,0.8605661392211914
6.671875,13888.0,0.8605996966362
6.6796875,13888.0,0.8606241345405579
6.6875,13888.0,0.8606605529785156
6.69921875,13888.0,0.8606847524642944
6.70703125,13888.0,0.8607096076011658
6.7109375,13888.0,0.8607361316680908
6.71875,13888.0,0.8607662320137024
6.7265625,13888.0,0.8607903718948364
6.73828125,13888.0,0.8608173727989197
6.74609375,13888.0,0.8608431816101074
6.75390625,13888.0,0.8608721494674683
6.76171875,13888.0,0.8609007596969604
6.76953125,13888.0,0.8609301447868347
6.78125,13888.0,0.8609575033187866
6.7890625,13888.0,0.8609853982925415
6.796875,13888.0,0.861009418964386
6.8046875,13888.0,0.8610371947288513
6.8125,13888.0,0.8610632419586182
6.8203125,13888.0,0.8610914349555969
6.828125,13896.0,0.8611145615577698
6.8359375,13896.0,0.8611470460891724
6.84765625,13896.0,0.8611818552017212
6.85546875,13896.0,0.8612062931060791
6.8671875,13896.0,0.8612326979637146
6.87109375,13896.0,0.8612542748451233
6.87890625,13896.0,0.8612772226333618
6.88671875,13896.0,0.8613062500953674
6.89453125,13896.0,0.8613332509994507
6.90625,13896.0,0.8613668084144592
6.9140625,13896.0,0.8613930940628052
6.92578125,13896.0,0.8614216446876526
6.93359375,13896.0,0.8614489436149597
6.94140625,13896.0,0.8614739179611206
6.94921875,13896.0,0.8614991903305054
6.9609375,13896.0,0.8615320324897766
6.96875,13896.0,0.8615570068359375
6.9765625,13896.0,0.8615835309028625
6.984375,13896.0,0.8616101741790771
6.99609375,13896.0,0.861640214920044
7.00390625,13896.0,0.8616752028465271
7.015625,13896.0,0.8617045879364014
7.0234375,13896.0,0.8617292642593384
7.03125,13896.0,0.861757218837738
7.04296875,13896.0,0.8617821335792542
7.05078125,13896.0,0.8618108034133911
7.0625,13896.0,0.8618369102478027
7.0703125,13896.0,0.8618627190589905
7.08203125,13896.0,0.8618976473808289
7.08984375,13896.0,0.8619219660758972
7.09765625,13896.0,0.8619464039802551
7.10546875,13896.0,0.8619735240936279
7.12109375,13896.0,0.8620096445083618
7.12890625,13896.0,0.8620346784591675
7.13671875,13896.0,0.8620591759681702
7.14453125,13896.0,0.8620886206626892
7.15625,13896.0,0.8621150255203247
7.16796875,13896.0,0.8621500730514526
7.17578125,13896.0,0.8621743321418762
7.18359375,13896.0,0.8622008562088013
7.1953125,13896.0,0.8622251749038696
7.203125,13896.0,0.8622554540634155
7.21484375,13896.0,0.8622840642929077
7.22265625,13896.0,0.8623156547546387
7.234375,13896.0,0.8623390793800354
7.2421875,13896.0,0.8623626232147217
7.25,13896.0,0.8623917698860168
7.26171875,13896.0,0.8624151349067688
7.26953125,13896.0,0.8624409437179565
7.27734375,13896.0,0.8624661564826965
7.28515625,13896.0,0.862496018409729
7.296875,13896.0,0.8625234365463257
7.3046875,13896.0,0.8625569343566895
7.31640625,13896.0,0.8625839352607727
7.32421875,13896.0,0.8626081347465515
7.33203125,13896.0,0.8626366257667542
7.34375,13896.0,0.8626662492752075
7.3515625,13896.0,0.862690806388855
7.36328125,13896.0,0.8627206683158875
7.37109375,13896.0,0.8627497553825378
7.37890625,13896.0,0.8627727627754211
7.38671875,13896.0,0.8628013730049133
7.3984375,13896.0,0.8628295063972473
7.40625,13896.0,0.8628606200218201
7.4140625,13896.0,0.8628926277160645
7.421875,13896.0,0.8629159927368164
7.43359375,13896.0,0.8629412055015564
7.4375,13896.0,0.8629662990570068
7.4453125,13896.0,0.8629946708679199
7.45703125,13896.0,0.8630291819572449
7.46484375,13896.0,0.863054096698761
7.47265625,13904.0,0.8630876541137695
7.484375,13904.0,0.863114058971405
7.4921875,13904.0,0.8631408214569092
7.5,13904.0,0.8631708025932312
7.5078125,13904.0,0.8631992936134338
7.515625,13904.0,0.8632231950759888
7.5234375,13904.0,0.8632581233978271
7.53125,13904.0,0.8632826209068298
7.53515625,13904.0,0.8633084893226624
7.54296875,13904.0,0.8633332252502441
7.55078125,13904.0,0.8633570671081543
7.55859375,13904.0,0.8633874654769897
7.56640625,13904.0,0.8634164929389954
7.57421875,13904.0,0.8634474277496338
7.58203125,13904.0,0.8634735345840454
7.5859375,13904.0,0.8635022044181824
7.59375,13904.0,0.8635298013687134
7.6015625,13904.0,0.8635589480400085
7.609375,13904.0,0.8635885715484619
7.61328125,13904.0,0.863611102104187
7.62109375,13904.0,0.8636399507522583
7.625,13904.0,0.8636683225631714
7.6328125,13904.0,0.8636929392814636
7.640625,13904.0,0.8637312054634094
7.6484375,13904.0,0.8637593388557434
7.65234375,13904.0,0.863781213760376
7.66015625,13904.0,0.8638060688972473
7.6640625,13904.0,0.8638318181037903
7.671875,13904.0,0.8638682961463928
7.67578125,13904.0,0.8638973236083984
7.68359375,13904.0,0.8639257550239563
7.69140625,13904.0,0.8639598488807678
7.6953125,13904.0,0.8639864921569824
7.69921875,13904.0,0.8640175461769104
7.703125,13904.0,0.8640434741973877
7.7109375,13904.0,0.8640683889389038
7.71484375,13904.0,0.8640984296798706
7.71875,13904.0,0.8641237020492554
7.72265625,13904.0,0.864152193069458
7.73046875,13904.0,0.8641788959503174
7.734375,13904.0,0.8642134666442871
7.73828125,13904.0,0.8642436861991882
7.7421875,13904.0,0.8642663359642029
7.74609375,13904.0,0.8642884492874146
7.75,13904.0,0.864313006401062
7.75390625,13904.0,0.8643418550491333
7.7578125,13904.0,0.864377498626709
7.76171875,13904.0,0.8644037246704102
7.765625,13904.0,0.8644295334815979
7.76953125,13904.0,0.8644580245018005
7.7734375,13904.0,0.8644804954528809
7.77734375,13904.0,0.8645095229148865
7.77734375,13904.0,0.8645334243774414
7.78125,13904.0,0.8645638823509216
7.78515625,13904.0,0.8645943999290466
7.7890625,13904.0,0.8646220564842224
7.7890625,13904.0,0.8646447658538818
7.79296875,13904.0,0.8646767735481262
7.796875,13904.0,0.8647048473358154
7.796875,13904.0,0.8647342324256897
7.80078125,13904.0,0.8647645115852356
7.80078125,13904.0,0.8647963404655457
7.8046875,13904.0,0.8648212552070618
7.8046875,13904.0,0.864849328994751
7.8046875,13904.0,0.8648706078529358
7.80859375,13904.0,0.8649027943611145
7.80859375,13904.0,0.8649260401725769
7.80859375,13904.0,0.8649521470069885
7.8125,13904.0,0.8649851083755493
7.8125,13904.0,0.8650228977203369
7.8125,13904.0,0.8650509715080261
7.8125,13912.0,0.8650785088539124
7.8125,13912.0,0.8651029467582703
7.8125,13912.0,0.8651314973831177
7.8125,13912.0,0.8651601076126099
7.8125,13912.0,0.8651841878890991
7.8125,13912.0,0.8652124404907227
7.8125,13912.0,0.8652454614639282
7.8125,13912.0,0.8652818202972412
7.80859375,13912.0,0.8653048872947693
7.80859375,13912.0,0.8653309345245361
7.80859375,13912.0,0.865362823009491
7.8046875,13912.0,0.8653965592384338
7.8046875,13912.0,0.8654226064682007
7.8046875,13912.0,0.8654465675354004
7.80078125,13912.0,0.8654741644859314
7.80078125,13912.0,0.8654981255531311
7.796875,13912.0,0.8655238151550293
7.796875,13912.0,0.8655501008033752
7.79296875,13912.0,0.8655778765678406
7.7890625,13912.0,0.8656046390533447
7.7890625,13912.0,0.8656294941902161
7.78515625,13912.0,0.865655779838562
7.78125,13912.0,0.8656814098358154
7.77734375,13912.0,0.8657117486000061
7.7734375,13912.0,0.865748405456543
7.76953125,13912.0,0.8657830357551575
7.765625,13912.0,0.8658105134963989
7.76171875,13912.0,0.8658345937728882
7.7578125,13912.0,0.8658636808395386
7.75390625,13912.0,0.8658881783485413
7.75,13912.0,0.8659214377403259
7.74609375,13912.0,0.8659465909004211
7.7421875,13912.0,0.8659725189208984
7.73828125,13912.0,0.8660053014755249
7.73046875,13912.0,0.8660340905189514
7.7265625,13912.0,0.8660585284233093
7.72265625,13912.0,0.8660880327224731
7.71875,13912.0,0.866111695766449
7.7109375,13912.0,0.8661466836929321
7.70703125,13912.0,0.8661701679229736
7.69921875,13912.0,0.866199254989624
7.69140625,13912.0,0.8662281632423401
7.6875,13912.0,0.8662535548210144
7.6796875,13912.0,0.8662896156311035
7.67578125,13912.0,0.866311252117157
7.66796875,13912.0,0.8663384318351746
7.66015625,13912.0,0.8663693070411682
7.65625,13912.0,0.8663966655731201
7.6484375,13912.0,0.8664201498031616
7.64453125,13912.0,0.8664464950561523
7.63671875,13912.0,0.8664741516113281
7.62890625,13912.0,0.8665071725845337
7.62109375,13912.0,0.8665323257446289
7.6171875,13912.0,0.8665571808815002
7.60546875,13912.0,0.8665924668312073
7.59765625,13912.0,0.8666192293167114
7.59375,13912.0,0.8666462898254395
7.5859375,13912.0,0.8666688203811646
7.578125,13912.0,0.8666973114013672
7.5703125,13912.0,0.8667314052581787
7.5625,13912.0,0.8667582273483276
7.5546875,13912.0,0.8667832016944885
7.546875,13912.0,0.8668094277381897
7.5390625,13912.0,0.8668354749679565
7.53125,13912.0,0.8668632507324219
7.5234375,13912.0,0.8668953776359558
7.51171875,13912.0,0.8669319152832031
7.50390625,13912.0,0.8669582009315491
7.49609375,13912.0,0.8669819235801697
7.48828125,13912.0,0.867010235786438
7.4765625,13912.0,0.8670489192008972
7.46875,13920.0,0.867075502872467
7.45703125,13920.0,0.8671004772186279
7.453125,13920.0,0.8671272397041321
7.4453125,13920.0,0.8671519160270691
7.43359375,13920.0,0.8671900033950806
7.421875,13920.0,0.8672171235084534
7.41796875,13920.0,0.8672409653663635
7.40625,13920.0,0.8672657012939453
7.3984375,13920.0,0.8672910928726196
7.390625,13920.0,0.8673238158226013
7.37890625,13920.0,0.8673496842384338
7.37109375,13920.0,0.8673828840255737
7.359375,13920.0,0.8674105405807495
7.3515625,13920.0,0.8674407005310059
7.33984375,13920.0,0.8674659132957458
7.33203125,13920.0,0.8675007820129395
7.3203125,13920.0,0.867529034614563
7.3125,13920.0,0.8675549030303955
7.3046875,13920.0,0.8675820827484131
7.29296875,13920.0,0.8676048517227173
7.28515625,13920.0,0.8676322102546692
7.2734375,13920.0,0.8676659464836121
7.265625,13920.0,0.8676924705505371
7.25390625,13920.0,0.8677206039428711
7.24609375,13920.0,0.867749810218811
7.234375,13920.0,0.8677768111228943
7.2265625,13920.0,0.8678092360496521
7.21484375,13920.0,0.8678424954414368
7.203125,13920.0,0.8678699731826782
7.1953125,13920.0,0.8678954243659973
7.18359375,13920.0,0.8679243922233582
7.17578125,13920.0,0.8679524064064026
7.1640625,13920.0,0.8679792284965515
7.15625,13920.0,0.868006706237793
7.14453125,13920.0,0.8680338859558105
7.1328125,13920.0,0.8680734634399414
7.12109375,13920.0,0.8681067228317261
7.11328125,13920.0,0.8681365847587585
7.1015625,13920.0,0.8681578636169434
7.09375,13920.0,0.868184506893158
7.0859375,13920.0,0.8682103753089905
7.078125,13920.0,0.8682358860969543
7.06640625,13920.0,0.8682644367218018
7.05859375,13920.0,0.8682920336723328
7.046875,13920.0,0.8683250546455383
7.0390625,13920.0,0.8683544993400574
7.02734375,13920.0,0.8683841824531555
7.015625,13920.0,0.8684133887290955
7.0078125,13920.0,0.8684428334236145
6.99609375,13920.0,0.8684699535369873
6.98828125,13920.0,0.8684967756271362
6.98046875,13920.0,0.8685210347175598
6.97265625,13920.0,0.8685483932495117
6.9609375,13920.0,0.8685758113861084
6.953125,13920.0,0.8686037063598633
6.9453125,13920.0,0.8686285614967346
6.9375,13920.0,0.8686551451683044
6.9296875,13920.0,0.8686811923980713
6.921875,13920.0,0.8687062859535217
6.91015625,13920.0,0.8687361478805542
6.90234375,13920.0,0.8687646389007568
6.89453125,13920.0,0.8687910437583923
6.8828125,13920.0,0.8688173890113831
6.875,13920.0,0.8688422441482544
6.8671875,13920.0,0.8688660264015198
6.859375,13920.0,0.8689019083976746
6.84765625,13920.0,0.8689292669296265
6.83984375,13920.0,0.8689537048339844
6.83203125,13920.0,0.8689810633659363
6.82421875,13920.0,0.8690069317817688
6.81640625,13920.0,0.8690324425697327
6.80859375,13928.0,0.8690583109855652
6.80078125,13928.0,0.8690850138664246
6.79296875,13928.0,0.8691102266311646
6.78515625,13928.0,0.8691353797912598
6.77734375,13928.0,0.8691625595092773
6.765625,13928.0,0.8691922426223755
6.7578125,13928.0,0.8692174553871155
6.75,13928.0,0.8692434430122375
6.7421875,13928.0,0.8692693114280701
6.734375,13928.0,0.8692940473556519
6.7265625,13928.0,0.8693210482597351
6.71875,13928.0,0.869347095489502
6.7109375,13928.0,0.8693832159042358
6.69921875,13928.0,0.8694105744361877
6.69140625,13928.0,0.8694361448287964
6.68359375,13928.0,0.869462788105011
6.6796875,13928.0,0.869486927986145
6.671875,13928.0,0.8695123791694641
6.6640625,13928.0,0.8695389628410339
6.65234375,13928.0,0.8695687055587769
6.64453125,13928.0,0.8696020841598511
6.63671875,13928.0,0.8696277737617493
6.62890625,13928.0,0.869655430316925
6.6171875,13928.0,0.8696895837783813
6.61328125,13928.0,0.8697134256362915
6.60546875,13928.0,0.8697410225868225
6.59765625,13928.0,0.8697712421417236
6.58984375,13928.0,0.8697972297668457
6.578125,13928.0,0.8698281645774841
6.5703125,13928.0,0.8698585629463196
6.5625,13928.0,0.8698864579200745
6.5546875,13928.0,0.8699214458465576
6.546875,13928.0,0.8699497580528259
6.5390625,13928.0,0.8699756860733032
6.53125,13928.0,0.8700019717216492
6.5234375,13928.0,0.8700272440910339
6.515625,13928.0,0.8700541257858276
6.51171875,13928.0,0.8700805902481079
6.50390625,13928.0,0.8701057434082031
6.49609375,13928.0,0.8701333403587341
6.48828125,13928.0,0.8701577186584473
6.48046875,13928.0,0.8701846599578857
6.4765625,13928.0,0.8702101111412048
6.46875,13928.0,0.8702366948127747
6.4609375,13928.0,0.8702616691589355
6.45703125,13928.0,0.870284914970398
6.44921875,13928.0,0.8703144788742065
6.44140625,13928.0,0.8703438639640808
6.4375,13928.0,0.870370090007782
6.4296875,13928.0,0.8703951239585876
6.421875,13928.0,0.8704261779785156
6.4140625,13928.0,0.8704514503479004
6.41015625,13928.0,0.870481550693512
6.40234375,13928.0,0.8705102801322937
6.39453125,13928.0,0.8705359697341919
6.38671875,13928.0,0.870571494102478
6.37890625,13928.0,0.8705978989601135
6.375,13928.0,0.8706235289573669
6.3671875,13928.0,0.870649516582489
6.36328125,13928.0,0.8706759214401245
6.35546875,13928.0,0.8707058429718018
6.3515625,13928.0,0.8707345724105835
6.34375,13928.0,0.8707617521286011
6.33984375,13928.0,0.8707899451255798
6.33203125,13928.0,0.8708130717277527
6.32421875,13928.0,0.8708470463752747
6.3203125,13928.0,0.8708746433258057
6.3125,13928.0,0.8709028363227844
6.30859375,13928.0,0.8709359169006348
6.30078125,13928.0,0.8709640502929688
6.296875,13928.0,0.8709937930107117
6.29296875,13928.0,0.8710176944732666
6.2890625,13928.0,0.8710454106330872
6.28515625,13928.0,0.8710699677467346
6.27734375,13936.0,0.8711056709289551
6.2734375,13936.0,0.8711297512054443
6.26953125,13936.0,0.8711567521095276
6.26171875,13936.0,0.871182918548584
6.2578125,13936.0,0.8712095022201538
6.25390625,13936.0,0.8712379932403564
6.25,13936.0,0.8712650537490845
6.24609375,13936.0,0.8712939620018005
6.2421875,13936.0,0.871321976184845
6.23828125,13936.0,0.871346116065979
6.234375,13936.0,0.8713752627372742
6.23046875,13936.0,0.871403157711029
6.2265625,13936.0,0.8714353442192078
6.22265625,13936.0,0.8714624643325806
6.21875,13936.0,0.871486485004425
6.21484375,13936.0,0.8715139627456665
6.2109375,13936.0,0.8715400099754333
6.2109375,13936.0,0.8715652227401733
6.20703125,13936.0,0.8715918064117432
6.203125,13936.0,0.8716162443161011
6.203125,13936.0,0.8716440200805664
6.19921875,13936.0,0.8716723322868347
6.1953125,13936.0,0.8717111349105835
6.19140625,13936.0,0.8717407584190369
6.19140625,13936.0,0.8717688918113708
6.1875,13936.0,0.8717941045761108
6.1875,13936.0,0.8718274831771851
6.18359375,13936.0,0.87185138463974
6.18359375,13936.0,0.8718770742416382
6.1796875,13936.0,0.8719059228897095
6.1796875,13936.0,0.8719305992126465
6.1796875,13936.0,0.8719630241394043
6.17578125,13936.0,0.8719998598098755
6.17578125,13936.0,0.8720225691795349
6.17578125,13936.0,0.8720564842224121
6.171875,13936.0,0.8720844984054565
6.171875,13936.0,0.8721100091934204
6.171875,13936.0,0.87214595079422
6.16796875,13936.0,0.8721814155578613
6.16796875,13936.0,0.8722100257873535
6.16796875,13936.0,0.8722392320632935
6.16796875,13936.0,0.8722630739212036
6.16796875,13936.0,0.8722891211509705
6.16796875,13936.0,0.8723134398460388
6.16796875,13936.0,0.8723396062850952
6.16796875,13936.0,0.872366189956665
6.16796875,13936.0,0.8723931312561035
6.16796875,13936.0,0.8724210262298584
6.16796875,13936.0,0.8724480271339417
6.171875,13936.0,0.8724767565727234
6.171875,13936.0,0.8725012540817261
6.171875,13936.0,0.872525691986084
6.171875,13936.0,0.872555136680603
6.171875,13936.0,0.8725814819335938
6.17578125,13936.0,0.8726063966751099
6.17578125,13936.0,0.8726340532302856
6.17578125,13936.0,0.872657299041748
6.17578125,13936.0,0.8726844191551208
6.1796875,13936.0,0.8727148771286011
6.1796875,13936.0,0.8727403283119202
6.18359375,13936.0,0.8727653622627258
6.18359375,13936.0,0.8727906346321106
6.18359375,13936.0,0.8728216290473938
6.1875,13936.0,0.8728464841842651
6.1875,13936.0,0.872870147228241
6.19140625,13936.0,0.8729015588760376
6.19140625,13936.0,0.8729327321052551
6.1953125,13936.0,0.8729568123817444
6.1953125,13936.0,0.8729844093322754
6.19921875,13936.0,0.8730146288871765
6.203125,13936.0,0.8730414509773254
6.20703125,13936.0,0.8730692863464355
6.20703125,13936.0,0.873096764087677
6.2109375,13944.0,0.8731203675270081
6.21484375,13944.0,0.8731471300125122
6.21875,13944.0,0.873180627822876
6.22265625,13944.0,0.873205840587616
6.22265625,13944.0,0.8732297420501709
6.2265625,13944.0,0.8732552528381348
6.23046875,13944.0,0.8732872009277344
6.234375,13944.0,0.8733123540878296
6.23828125,13944.0,0.873340368270874
6.24609375,13944.0,0.8733686208724976
6.25,13944.0,0.873394787311554
6.25390625,13944.0,0.8734214305877686
6.2578125,13944.0,0.8734521269798279
6.26171875,13944.0,0.8734772205352783
6.265625,13944.0,0.8735060095787048
6.26953125,13944.0,0.8735297918319702
6.27734375,13944.0,0.8735617399215698
6.28125,13944.0,0.8735901117324829
6.2890625,13944.0,0.8736177682876587
6.29296875,13944.0,0.8736419081687927
6.30078125,13944.0,0.8736698627471924
6.3046875,13944.0,0.8736951947212219
6.3125,13944.0,0.8737228512763977
6.31640625,13944.0,0.8737477660179138
6.3203125,13944.0,0.8737723231315613
6.328125,13944.0,0.8738101720809937
6.33984375,13944.0,0.873847484588623
6.34375,13944.0,0.873877763748169
6.3515625,13944.0,0.8739034533500671
6.359375,13944.0,0.8739270567893982
6.36328125,13944.0,0.8739524483680725
6.37109375,13944.0,0.8739851117134094
6.3828125,13944.0,0.874018132686615
6.38671875,13944.0,0.874047577381134
6.39453125,13944.0,0.8740759491920471
6.40625,13944.0,0.8741116523742676
6.41015625,13944.0,0.8741379380226135
6.41796875,13944.0,0.8741665482521057
6.42578125,13944.0,0.8741934895515442
6.43359375,13944.0,0.8742194771766663
6.44140625,13944.0,0.8742460608482361
6.44921875,13944.0,0.8742694854736328
6.45703125,13944.0,0.8742971420288086
6.46484375,13944.0,0.8743215203285217
6.47265625,13944.0,0.8743472099304199
6.48046875,13944.0,0.8743743896484375
6.48828125,13944.0,0.8744012713432312
6.49609375,13944.0,0.8744316101074219
6.50390625,13944.0,0.8744599223136902
6.51171875,13944.0,0.874488115310669
6.5234375,13944.0,0.8745167851448059
6.53125,13944.0,0.8745469450950623
6.5390625,13944.0,0.8745726346969604
6.55078125,13944.0,0.8746011853218079
6.55859375,13944.0,0.874626874923706
6.56640625,13944.0,0.8746533393859863
6.57421875,13944.0,0.8746790289878845
6.58203125,13944.0,0.8747096657752991
6.59375,13944.0,0.8747369050979614
6.6015625,13944.0,0.8747603893280029
6.609375,13944.0,0.8747910261154175
6.62109375,13944.0,0.8748205900192261
6.62890625,13944.0,0.8748467564582825
6.640625,13944.0,0.8748787641525269
6.6484375,13944.0,0.8749038577079773
6.65625,13944.0,0.8749297261238098
6.66796875,13944.0,0.8749591708183289
6.67578125,13944.0,0.8749834299087524
6.68359375,13944.0,0.8750084042549133
6.69140625,13944.0,0.8750341534614563
6.703125,13944.0,0.8750623464584351
6.71484375,13944.0,0.875098466873169
6.72265625,13944.0,0.8751212358474731
6.734375,13952.0,0.875145435333252
6.7421875,13952.0,0.875170886516571
6.75390625,13952.0,0.8752087354660034
6.765625,13952.0,0.8752387762069702
6.7734375,13952.0,0.8752649426460266
6.78515625,13952.0,0.8752908110618591
6.79296875,13952.0,0.8753147125244141
6.80078125,13952.0,0.875339686870575
6.8125,13952.0,0.875369668006897
6.8203125,13952.0,0.875395655632019
6.83203125,13952.0,0.8754204511642456
6.83984375,13952.0,0.8754560351371765
6.8515625,13952.0,0.8754794001579285
6.859375,13952.0,0.8755056858062744
6.87109375,13952.0,0.8755308389663696
6.87890625,13952.0,0.8755563497543335
6.88671875,13952.0,0.8755824565887451
6.8984375,13952.0,0.8756157159805298
6.90625,13952.0,0.8756376504898071
6.91796875,13952.0,0.8756616115570068
6.92578125,13952.0,0.8756960034370422
6.9375,13952.0,0.8757228851318359
6.9453125,13952.0,0.8757479786872864
6.95703125,13952.0,0.8757753968238831
6.96484375,13952.0,0.8758031129837036
6.97265625,13952.0,0.8758286237716675
6.984375,13952.0,0.8758596181869507
6.99609375,13952.0,0.8758870959281921
7.0078125,13952.0,0.8759205341339111
7.015625,13952.0,0.8759477734565735
7.0234375,13952.0,0.8759728670120239
7.03515625,13952.0,0.8760105967521667
7.05078125,13952.0,0.8760432004928589
7.05859375,13952.0,0.8760690093040466
7.06640625,13952.0,0.8760940432548523
7.07421875,13952.0,0.8761186003684998
7.0859375,13952.0,0.8761485815048218
7.09375,13952.0,0.876175582408905
7.1015625,13952.0,0.8762015104293823
7.11328125,13952.0,0.8762333393096924
7.125,13952.0,0.876264750957489
7.13671875,13952.0,0.8762941360473633
7.14453125,13952.0,0.8763203024864197
7.15234375,13952.0,0.8763431310653687
7.16015625,13952.0,0.8763740658760071
7.171875,13952.0,0.8764025568962097
7.1796875,13952.0,0.8764303922653198
7.1875,13952.0,0.8764547109603882
7.1953125,13952.0,0.8764821290969849
7.203125,13952.0,0.8765056729316711
7.2109375,13952.0,0.8765337467193604
7.22265625,13952.0,0.8765596151351929
7.23046875,13952.0,0.8765844106674194
7.23828125,13952.0,0.8766129016876221
7.24609375,13952.0,0.8766379356384277
7.25390625,13952.0,0.8766627907752991
7.26171875,13952.0,0.8766927719116211
7.26953125,13952.0,0.8767189383506775
7.28125,13952.0,0.8767569065093994
7.29296875,13952.0,0.8767838478088379
7.296875,13952.0,0.8768075108528137
7.3046875,13952.0,0.8768337368965149
7.31640625,13952.0,0.876872718334198
7.32421875,13952.0,0.8769007325172424
7.33203125,13952.0,0.8769245147705078
7.33984375,13952.0,0.8769485950469971
7.34765625,13952.0,0.8769741654396057
7.35546875,13952.0,0.8770047426223755
7.36328125,13952.0,0.8770365715026855
7.37109375,13952.0,0.8770627379417419
7.37890625,13952.0,0.8770910501480103
7.38671875,13952.0,0.8771136403083801
7.390625,13952.0,0.8771399855613708
7.40234375,13960.0,0.8771714568138123
7.40625,13960.0,0.8771966695785522
7.4140625,13960.0,0.8772218823432922
7.421875,13960.0,0.8772504329681396
7.4296875,13960.0,0.8772861361503601
7.4375,13960.0,0.877314031124115
7.44140625,13960.0,0.8773366808891296
7.44921875,13960.0,0.8773605227470398
7.45703125,13960.0,0.8773865103721619
7.4609375,13960.0,0.8774101734161377
7.46875,13960.0,0.8774393200874329
7.4765625,13960.0,0.8774672150611877
7.48046875,13960.0,0.8774981498718262
7.48828125,13960.0,0.8775275349617004
7.4921875,13960.0,0.8775520324707031
7.5,13960.0,0.8775749802589417
7.50390625,13960.0,0.8775976896286011
7.51171875,13960.0,0.8776264190673828
7.51953125,13960.0,0.8776575922966003
7.52734375,13960.0,0.8776842951774597
7.53125,13960.0,0.8777077198028564
7.5390625,13960.0,0.8777361512184143
7.54296875,13960.0,0.8777673840522766
7.55078125,13960.0,0.8778056502342224
7.55859375,13960.0,0.8778336644172668
7.5625,13960.0,0.8778607249259949
7.56640625,13960.0,0.8778830170631409
7.57421875,13960.0,0.8779101371765137
7.578125,13960.0,0.8779349327087402
7.5859375,13960.0,0.8779606223106384
7.58984375,13960.0,0.8779875636100769
7.59375,13960.0,0.878013014793396
7.6015625,13960.0,0.8780407309532166
7.60546875,13960.0,0.8780709505081177
7.61328125,13960.0,0.8780990242958069
7.6171875,13960.0,0.8781250715255737
7.62109375,13960.0,0.878150463104248
7.625,13960.0,0.8781763911247253
7.62890625,13960.0,0.8781996369361877
7.63671875,13960.0,0.8782313466072083
7.640625,13960.0,0.8782632350921631
7.6484375,13960.0,0.8782867193222046
7.65234375,13960.0,0.8783156275749207
7.65625,13960.0,0.8783459067344666
7.66015625,13960.0,0.8783731460571289
7.6640625,13960.0,0.8783981204032898
7.66796875,13960.0,0.878422200679779
7.671875,13960.0,0.8784509301185608
7.67578125,13960.0,0.8784823417663574
7.6796875,13960.0,0.878510594367981
7.6875,13960.0,0.8785387277603149
7.6875,13960.0,0.8785629868507385
7.69140625,13960.0,0.8785908818244934
7.6953125,13960.0,0.8786162734031677
7.69921875,13960.0,0.8786430954933167
7.703125,13960.0,0.878670871257782
7.70703125,13960.0,0.8787012100219727
7.7109375,13960.0,0.8787253499031067
7.7109375,13960.0,0.8787475228309631
7.71484375,13960.0,0.8787785172462463
7.71875,13960.0,0.8788074851036072
7.72265625,13960.0,0.878831684589386
7.72265625,13960.0,0.8788583278656006
7.7265625,13960.0,0.8788849115371704
7.73046875,13960.0,0.8789099454879761
7.73046875,13960.0,0.8789350986480713
7.734375,13960.0,0.8789584040641785
7.734375,13960.0,0.8789872527122498
7.73828125,13960.0,0.879013180732727
7.7421875,13960.0,0.8790438771247864
7.7421875,13960.0,0.8790702223777771
7.74609375,13960.0,0.879098653793335
7.74609375,13960.0,0.8791309595108032
7.74609375,13960.0,0.8791550397872925
7.75,13960.0,0.8791792988777161
7.75,13960.0,0.8792046308517456
7.75,13968.0,0.8792312741279602
7.75390625,13968.0,0.8792665600776672
7.75390625,13968.0,0.8792895674705505
7.75390625,13968.0,0.8793188333511353
7.75390625,13968.0,0.8793442249298096
7.75390625,13968.0,0.879375159740448
7.7578125,13968.0,0.8794058561325073
7.7578125,13968.0,0.8794305920600891
7.7578125,13968.0,0.8794547319412231
7.7578125,13968.0,0.8794805407524109
7.7578125,13968.0,0.8795048594474792
7.75390625,13968.0,0.8795346021652222
7.75390625,13968.0,0.8795601725578308
7.75390625,13968.0,0.8795850872993469
7.75390625,13968.0,0.8796118497848511
7.75390625,13968.0,0.8796380162239075
7.75390625,13968.0,0.8796630501747131
7.75390625,13968.0,0.8796898126602173
7.75,13968.0,0.8797125816345215
7.75,13968.0,0.8797448873519897
7.75,13968.0,0.8797675967216492
7.74609375,13968.0,0.8797908425331116
7.74609375,13968.0,0.8798196911811829
7.7421875,13968.0,0.8798484206199646
7.7421875,13968.0,0.8798766732215881
7.73828125,13968.0,0.8799049258232117
7.73828125,13968.0,0.8799307942390442
7.734375,13968.0,0.8799630403518677
7.734375,13968.0,0.8799917101860046
7.73046875,13968.0,0.8800191879272461
7.7265625,13968.0,0.8800415992736816
7.7265625,13968.0,0.8800698518753052
7.72265625,13968.0,0.8800948262214661
7.71875,13968.0,0.8801201581954956
7.71484375,13968.0,0.880145788192749
7.71484375,13968.0,0.880172073841095
7.7109375,13968.0,0.8801947236061096
7.70703125,13968.0,0.8802230358123779
7.703125,13968.0,0.8802485466003418
7.69921875,13968.0,0.8802738785743713
7.6953125,13968.0,0.880298912525177
7.69140625,13968.0,0.8803294897079468
7.6875,13968.0,0.8803575038909912
7.68359375,13968.0,0.8803815245628357
7.6796875,13968.0,0.8804066777229309
7.67578125,13968.0,0.8804324269294739
7.671875,13968.0,0.8804560899734497
7.66796875,13968.0,0.8804823160171509
7.6640625,13968.0,0.8805098533630371
7.65625,13968.0,0.8805415630340576
7.65234375,13968.0,0.8805652260780334
7.6484375,13968.0,0.8805917501449585
7.64453125,13968.0,0.880614697933197
7.640625,13968.0,0.8806390166282654
7.6328125,13968.0,0.880672037601471
7.625,13968.0,0.8806971907615662
7.62109375,13968.0,0.8807232975959778
7.6171875,13968.0,0.8807472586631775
7.609375,13968.0,0.8807740211486816
7.60546875,13968.0,0.8808047771453857
7.59765625,13968.0,0.8808297514915466
7.59375,13968.0,0.880855143070221
7.5859375,13968.0,0.8808793425559998
7.58203125,13968.0,0.880903959274292
7.578125,13968.0,0.8809276819229126
7.56640625,13968.0,0.8809632658958435
7.5625,13968.0,0.8809800148010254
7.55859375,13968.0,0.8810047507286072
7.55078125,13968.0,0.8810301423072815
7.546875,13968.0,0.8810572624206543
7.5390625,13968.0,0.8810816407203674
7.53125,13968.0,0.8811089992523193
7.5234375,13968.0,0.8811349868774414
7.51953125,13968.0,0.8811594247817993
7.51171875,13968.0,0.8811860680580139
7.50390625,13968.0,0.8812097907066345
7.5,13968.0,0.8812344074249268
7.48828125,13968.0,0.88126540184021
7.484375,13976.0,0.8812853693962097
7.4765625,13976.0,0.881311297416687
7.47265625,13976.0,0.8813363909721375
7.46484375,13976.0,0.8813605308532715
7.45703125,13976.0,0.8813832998275757
7.44921875,13976.0,0.8814166188240051
7.44140625,13976.0,0.8814399242401123
7.43359375,13976.0,0.8814655542373657
7.42578125,13976.0,0.8814898133277893
7.41796875,13976.0,0.8815160989761353
7.41015625,13976.0,0.8815417289733887
7.40234375,13976.0,0.8815685510635376
7.39453125,13976.0,0.8815988302230835
7.38671875,13976.0,0.8816227912902832
7.37890625,13976.0,0.8816468119621277
7.37109375,13976.0,0.8816719055175781
7.36328125,13976.0,0.8816974759101868
7.3515625,13976.0,0.8817271590232849
7.34375,13976.0,0.8817510604858398
7.3359375,13976.0,0.8817778825759888
7.328125,13976.0,0.8818047642707825
7.31640625,13976.0,0.8818314671516418
7.30859375,13976.0,0.8818559050559998
7.30078125,13976.0,0.8818807601928711
7.29296875,13976.0,0.8819026350975037
7.28125,13976.0,0.8819310665130615
7.2734375,13976.0,0.8819552659988403
7.265625,13976.0,0.8819811940193176
7.2578125,13976.0,0.8820065259933472
7.24609375,13976.0,0.8820346593856812
7.23828125,13976.0,0.8820570111274719
7.2265625,13976.0,0.882091760635376
7.21484375,13976.0,0.8821176290512085
7.20703125,13976.0,0.8821426033973694
7.1953125,13976.0,0.8821729421615601
7.1875,13976.0,0.8822004199028015
7.17578125,13976.0,0.8822259902954102
7.16796875,13976.0,0.8822498321533203
7.16015625,13976.0,0.8822736144065857
7.1484375,13976.0,0.8823011517524719
7.13671875,13976.0,0.8823273777961731
7.12890625,13976.0,0.8823575973510742
7.1171875,13976.0,0.8823829293251038
7.109375,13976.0,0.8824052214622498
7.1015625,13976.0,0.8824276924133301
7.08984375,13976.0,0.882457435131073
7.078125,13976.0,0.8824847340583801
7.0703125,13976.0,0.8825096487998962
7.0625,13976.0,0.8825329542160034
7.05078125,13976.0,0.8825583457946777
7.0390625,13976.0,0.8825878500938416
7.03125,13976.0,0.8826130628585815
7.01953125,13976.0,0.882636308670044
7.01171875,13976.0,0.8826611042022705
7.0,13976.0,0.8826906085014343
6.98828125,13976.0,0.8827165365219116
6.98046875,13976.0,0.8827509880065918
6.96484375,13976.0,0.8827844262123108
6.95703125,13976.0,0.8828070759773254
6.9453125,13976.0,0.8828339576721191
6.9375,13976.0,0.8828608393669128
6.92578125,13976.0,0.8828909397125244
6.9140625,13976.0,0.8829165697097778
6.90625,13976.0,0.8829426169395447
6.89453125,13976.0,0.8829667568206787
6.88671875,13976.0,0.8829929828643799
6.87890625,13976.0,0.8830178380012512
6.8671875,13976.0,0.8830429315567017
6.859375,13976.0,0.8830681443214417
6.8515625,13976.0,0.8830942511558533
6.83984375,13976.0,0.8831185102462769
6.83203125,13976.0,0.8831440806388855
6.82421875,13976.0,0.8831691741943359
6.8125,13976.0,0.8831949830055237
6.8046875,13976.0,0.8832195997238159
6.79296875,13976.0,0.8832452297210693
6.78515625,13976.0,0.8832703828811646
6.77734375,13976.0,0.8832960724830627
6.76953125,13976.0,0.883320689201355
6.7578125,13984.0,0.883346438407898
6.75,13984.0,0.8833713531494141
6.7421875,13984.0,0.8833974599838257
6.73046875,13984.0,0.8834223747253418
6.72265625,13984.0,0.8834477066993713
6.71484375,13984.0,0.8834713697433472
6.70703125,13984.0,0.8834953904151917
6.6953125,13984.0,0.8835216760635376
6.6875,13984.0,0.8835470676422119
6.6796875,13984.0,0.8835701942443848
6.671875,13984.0,0.8835986852645874
6.6640625,13984.0,0.883626401424408
6.65625,13984.0,0.8836495280265808
6.6484375,13984.0,0.8836756944656372
6.640625,13984.0,0.8837000131607056
6.62890625,13984.0,0.8837245106697083
6.62109375,13984.0,0.8837546110153198
6.61328125,13984.0,0.8837777972221375
6.6015625,13984.0,0.8838091492652893
6.59375,13984.0,0.8838348388671875
6.5859375,13984.0,0.8838625550270081
6.578125,13984.0,0.8838901519775391
6.5703125,13984.0,0.8839139342308044
6.5625,13984.0,0.8839426040649414
6.5546875,13984.0,0.8839707374572754
6.546875,13984.0,0.8839985728263855
6.5390625,13984.0,0.8840246796607971
6.52734375,13984.0,0.8840535283088684
6.51953125,13984.0,0.884079098701477
6.51171875,13984.0,0.8841079473495483
6.50390625,13984.0,0.884134829044342
6.5,13984.0,0.8841602802276611
6.4921875,13984.0,0.8841841220855713
6.484375,13984.0,0.8842071294784546
6.48046875,13984.0,0.8842315673828125
6.47265625,13984.0,0.8842565417289734
6.46484375,13984.0,0.8842848539352417
6.45703125,13984.0,0.8843108415603638
6.44921875,13984.0,0.884335458278656
6.4453125,13984.0,0.8843604922294617
6.4375,13984.0,0.8843860626220703
6.4296875,13984.0,0.8844120502471924
6.42578125,13984.0,0.8844370245933533
6.41796875,13984.0,0.8844627141952515
6.4140625,13984.0,0.8844873309135437
6.40625,13984.0,0.8845134973526001
6.40234375,13984.0,0.884537935256958
6.39453125,13984.0,0.8845637440681458
6.390625,13984.0,0.884588360786438
6.3828125,13984.0,0.8846141695976257
6.37890625,13984.0,0.8846389055252075
6.37109375,13984.0,0.8846650123596191
6.3671875,13984.0,0.8846898078918457
6.36328125,13984.0,0.8847154974937439
6.35546875,13984.0,0.8847395181655884
6.3515625,13984.0,0.8847687840461731
6.34765625,13984.0,0.8847913146018982
6.34375,13984.0,0.8848183751106262
6.3359375,13984.0,0.8848474621772766
6.33203125,13984.0,0.8848728537559509
6.328125,13984.0,0.8848974108695984
6.3203125,13984.0,0.8849223852157593
6.31640625,13984.0,0.8849493861198425
6.3125,13984.0,0.8849732875823975
6.30859375,13984.0,0.885001003742218
6.3046875,13984.0,0.8850317001342773
6.30078125,13984.0,0.8850592970848083
6.296875,13984.0,0.88508540391922
6.29296875,13984.0,0.8851127624511719
6.2890625,13984.0,0.885136604309082
6.28515625,13984.0,0.8851631283760071
6.28125,13984.0,0.8851894736289978
6.27734375,13984.0,0.8852153420448303
6.2734375,13984.0,0.8852410316467285
6.26953125,13984.0,0.885267436504364
6.265625,13984.0,0.8852940201759338
6.26171875,13984.0,0.8853198885917664
6.2578125,13984.0,0.885344386100769
6.2578125,13984.0,0.8853729963302612
6.25390625,13984.0,0.8854015469551086
6.25,13992.0,0.8854281306266785
6.24609375,13992.0,0.8854528069496155
6.2421875,13992.0,0.8854800462722778
6.2421875,13992.0,0.8855021595954895
6.23828125,13992.0,0.8855308890342712
6.234375,13992.0,0.8855610489845276
6.23046875,13992.0,0.8855897784233093
6.23046875,13992.0,0.8856134414672852
6.2265625,13992.0,0.8856433629989624
6.22265625,13992.0,0.8856729865074158
6.22265625,13992.0,0.885702908039093
6.21875,13992.0,0.88572758436203
6.21484375,13992.0,0.8857606649398804
6.21484375,13992.0,0.8857887983322144
6.2109375,13992.0,0.885814905166626
6.2109375,13992.0,0.8858455419540405
6.20703125,13992.0,0.8858705759048462
6.20703125,13992.0,0.885895848274231
6.20703125,13992.0,0.8859202861785889
6.203125,13992.0,0.8859472274780273
6.203125,13992.0,0.8859698176383972
6.19921875,13992.0,0.8859966993331909
6.19921875,13992.0,0.8860244750976562
6.19921875,13992.0,0.8860561847686768
6.1953125,13992.0,0.8860857486724854
6.1953125,13992.0,0.8861124515533447
6.1953125,13992.0,0.8861361145973206
6.19140625,13992.0,0.8861607909202576
6.19140625,13992.0,0.8861904144287109
6.19140625,13992.0,0.8862139582633972
6.19140625,13992.0,0.8862403035163879
6.1875,13992.0,0.8862639665603638
6.1875,13992.0,0.8862905502319336
6.1875,13992.0,0.8863184452056885
6.1875,13992.0,0.8863478302955627
6.1875,13992.0,0.8863750696182251
6.18359375,13992.0,0.886398196220398
6.18359375,13992.0,0.8864251971244812
6.18359375,13992.0,0.8864502310752869
6.18359375,13992.0,0.8864747881889343
6.18359375,13992.0,0.8864992260932922
6.18359375,13992.0,0.8865261077880859
6.18359375,13992.0,0.8865551352500916
6.18359375,13992.0,0.886591374874115
6.18359375,13992.0,0.8866140246391296
6.18359375,13992.0,0.8866382837295532
6.18359375,13992.0,0.886661946773529
6.18359375,13992.0,0.8866868615150452
6.18359375,13992.0,0.8867142796516418
6.1875,13992.0,0.8867398500442505
6.1875,13992.0,0.8867669701576233
6.1875,13992.0,0.886793315410614
6.1875,13992.0,0.8868240714073181
6.1875,13992.0,0.8868498206138611
6.1875,13992.0,0.8868745565414429
6.19140625,13992.0,0.8869017958641052
6.19140625,13992.0,0.8869302868843079
6.19140625,13992.0,0.8869538307189941
6.19140625,13992.0,0.8869792222976685
6.1953125,13992.0,0.8870022892951965
6.1953125,13992.0,0.887029767036438
6.19921875,13992.0,0.8870536088943481
6.19921875,13992.0,0.8870785236358643
6.19921875,13992.0,0.8871073722839355
6.203125,13992.0,0.8871346712112427
6.203125,13992.0,0.8871604800224304
6.203125,13992.0,0.8871860504150391
6.20703125,13992.0,0.8872091174125671
6.20703125,13992.0,0.8872336745262146
6.2109375,13992.0,0.8872617483139038
6.2109375,13992.0,0.8872928023338318
6.21484375,13992.0,0.8873202204704285
6.21875,13992.0,0.8873445391654968
6.21875,13992.0,0.8873691558837891
6.22265625,13992.0,0.8873922824859619
6.2265625,13992.0,0.8874219655990601
6.2265625,13992.0,0.8874438405036926
6.23046875,13992.0,0.8874683380126953
6.23046875,14000.0,0.8874925374984741
6.234375,14000.0,0.8875163197517395
6.23828125,14000.0,0.8875421285629272
6.2421875,14000.0,0.8875717520713806
6.24609375,14000.0,0.8875969648361206
6.25,14000.0,0.8876217007637024
6.25390625,14000.0,0.8876473307609558
6.25390625,14000.0,0.8876723051071167
6.2578125,14000.0,0.8876968622207642
6.26171875,14000.0,0.8877225518226624
6.265625,14000.0,0.8877462148666382
6.26953125,14000.0,0.8877729177474976
6.2734375,14000.0,0.8878014087677002
6.27734375,14000.0,0.8878244757652283
6.28125,14000.0,0.8878491520881653
6.28515625,14000.0,0.8878757357597351
6.29296875,14000.0,0.8878998756408691
6.296875,14000.0,0.887925386428833
6.30078125,14000.0,0.88795006275177
6.3046875,14000.0,0.88797527551651
6.30859375,14000.0,0.8879991769790649
6.3125,14000.0,0.8880248665809631
6.3203125,14000.0,0.8880492448806763
6.32421875,14000.0,0.8880822062492371
6.33203125,14000.0,0.8881084322929382
6.3359375,14000.0,0.8881332278251648
6.33984375,14000.0,0.8881614804267883
6.34765625,14000.0,0.8881880044937134
6.3515625,14000.0,0.8882116675376892
6.359375,14000.0,0.8882418870925903
6.3671875,14000.0,0.8882681131362915
6.37109375,14000.0,0.8882924914360046
6.375,14000.0,0.8883176445960999
6.3828125,14000.0,0.8883445262908936
6.38671875,14000.0,0.8883700966835022
6.39453125,14000.0,0.8883959650993347
6.40234375,14000.0,0.8884235620498657
6.41015625,14000.0,0.8884515166282654
6.4140625,14000.0,0.8884776830673218
6.421875,14000.0,0.8885030746459961
6.4296875,14000.0,0.8885350823402405
6.4375,14000.0,0.8885585069656372
6.44140625,14000.0,0.8885837197303772
6.44921875,14000.0,0.8886092305183411
6.45703125,14000.0,0.8886353373527527
6.4609375,14000.0,0.888660192489624
6.46875,14000.0,0.8886854648590088
6.4765625,14000.0,0.8887110352516174
6.484375,14000.0,0.8887360095977783
6.4921875,14000.0,0.8887709975242615
6.5,14000.0,0.8887959718704224
6.5078125,14000.0,0.8888229727745056
6.515625,14000.0,0.8888483047485352
6.5234375,14000.0,0.8888752460479736
6.52734375,14000.0,0.8889017105102539
6.53515625,14000.0,0.888925313949585
6.54296875,14000.0,0.8889504075050354
6.55078125,14000.0,0.888975203037262
6.55859375,14000.0,0.8890010118484497
6.56640625,14000.0,0.8890252709388733
6.57421875,14000.0,0.8890504240989685
6.58203125,14000.0,0.8890749216079712
6.58984375,14000.0,0.8891001343727112
6.59765625,14000.0,0.8891236186027527
6.60546875,14000.0,0.8891537189483643
6.61328125,14000.0,0.8891811966896057
6.62109375,14000.0,0.8892067670822144
6.62890625,14000.0,0.8892282247543335
6.63671875,14000.0,0.8892523646354675
6.64453125,14000.0,0.8892781734466553
6.65625,14000.0,0.889306902885437
6.6640625,14000.0,0.8893337249755859
6.67578125,14000.0,0.8893622756004333
6.68359375,14000.0,0.8893852233886719
6.69140625,14000.0,0.8894149661064148
6.69921875,14000.0,0.8894401788711548
6.70703125,14000.0,0.8894686102867126
6.71875,14000.0,0.8894920945167542
6.7265625,14000.0,0.8895222544670105
6.73828125,14000.0,0.8895524144172668
6.74609375,14008.0,0.8895803689956665
6.7578125,14008.0,0.8896031975746155
6.765625,14008.0,0.8896260261535645
6.7734375,14008.0,0.8896557688713074
6.7890625,14008.0,0.8896948099136353
6.80078125,14008.0,0.8897255659103394
6.80859375,14008.0,0.889750063419342
6.81640625,14008.0,0.8897753357887268
6.82421875,14008.0,0.8898006081581116
6.8359375,14008.0,0.8898271322250366
6.84375,14008.0,0.8898545503616333
6.85546875,14008.0,0.889883279800415
6.86328125,14008.0,0.8899069428443909
6.875,14008.0,0.8899332880973816
6.8828125,14008.0,0.8899571895599365
6.89453125,14008.0,0.8899893760681152
6.90234375,14008.0,0.8900123238563538
6.91015625,14008.0,0.8900372982025146
6.921875,14008.0,0.8900637030601501
6.9296875,14008.0,0.8900939226150513
6.94140625,14008.0,0.8901194930076599
6.94921875,14008.0,0.8901451826095581
6.9609375,14008.0,0.890170156955719
6.97265625,14008.0,0.8902055025100708
6.984375,14008.0,0.8902319073677063
6.9921875,14008.0,0.8902540802955627
7.0,14008.0,0.8902752995491028
7.0078125,14008.0,0.8902999758720398
7.01953125,14008.0,0.8903303146362305
7.02734375,14008.0,0.890353262424469
7.03515625,14008.0,0.8903804421424866
7.046875,14008.0,0.8904091119766235
7.05859375,14008.0,0.8904423713684082
7.0703125,14008.0,0.8904656171798706
7.078125,14008.0,0.8904941082000732
7.08984375,14008.0,0.8905174136161804
7.09765625,14008.0,0.8905407786369324
7.109375,14008.0,0.890572726726532
7.1171875,14008.0,0.8905975818634033
7.125,14008.0,0.890619695186615
7.13671875,14008.0,0.8906501531600952
7.14453125,14008.0,0.89067542552948
7.15625,14008.0,0.8906996846199036
7.1640625,14008.0,0.8907254338264465
7.17578125,14008.0,0.8907490968704224
7.18359375,14008.0,0.8907727003097534
7.19140625,14008.0,0.8908003568649292
7.203125,14008.0,0.8908256888389587
7.2109375,14008.0,0.8908560872077942
7.22265625,14008.0,0.8908780217170715
7.23046875,14008.0,0.890901505947113
7.23828125,14008.0,0.8909308910369873
7.25,14008.0,0.8909600973129272
7.2578125,14008.0,0.8909862637519836
7.26953125,14008.0,0.8910123705863953
7.27734375,14008.0,0.8910402655601501
7.2890625,14008.0,0.8910692930221558
7.296875,14008.0,0.8910925388336182
7.3046875,14008.0,0.8911173343658447
7.3125,14008.0,0.8911413550376892
7.3203125,14008.0,0.8911656737327576
7.328125,14008.0,0.8911914229393005
7.33984375,14008.0,0.8912175893783569
7.34765625,14008.0,0.89124596118927
7.35546875,14008.0,0.8912721276283264
7.36328125,14008.0,0.8912959694862366
7.37109375,14008.0,0.8913196921348572
7.37890625,14008.0,0.8913435339927673
7.38671875,14008.0,0.8913692831993103
7.3984375,14008.0,0.8914033770561218
7.40625,14008.0,0.8914281725883484
7.4140625,14008.0,0.8914515972137451
7.421875,14008.0,0.8914757966995239
7.4296875,14008.0,0.8915006518363953
7.4375,14008.0,0.8915289640426636
7.4453125,14008.0,0.8915559649467468
7.453125,14008.0,0.8915826678276062
7.4609375,14008.0,0.8916065692901611
7.46484375,14008.0,0.8916304707527161
7.47265625,14016.0,0.8916536569595337
7.48046875,14016.0,0.8916791677474976
7.48828125,14016.0,0.8917052745819092
7.4921875,14016.0,0.8917297124862671
7.5,14016.0,0.8917561173439026
7.5078125,14016.0,0.8917840123176575
7.515625,14016.0,0.8918126225471497
7.51953125,14016.0,0.8918367624282837
7.52734375,14016.0,0.8918588757514954
7.53125,14016.0,0.8918843269348145
7.5390625,14016.0,0.89191073179245
7.546875,14016.0,0.8919438123703003
7.55078125,14016.0,0.8919680714607239
7.55859375,14016.0,0.8919910192489624
7.5625,14016.0,0.892017126083374
7.5703125,14016.0,0.8920420408248901
7.57421875,14016.0,0.892065167427063
7.58203125,14016.0,0.8920907378196716
7.5859375,14016.0,0.8921151757240295
7.58984375,14016.0,0.8921389579772949
7.59765625,14016.0,0.8921697735786438
7.6015625,14016.0,0.8921972513198853
7.609375,14016.0,0.8922208547592163
7.61328125,14016.0,0.8922465443611145
7.6171875,14016.0,0.8922708034515381
7.62109375,14016.0,0.8922948837280273
7.625,14016.0,0.8923191428184509
7.6328125,14016.0,0.8923462629318237
7.63671875,14016.0,0.8923765420913696
7.640625,14016.0,0.8924012780189514
7.6484375,14016.0,0.8924347162246704
7.65234375,14016.0,0.8924630284309387
7.65625,14016.0,0.892486572265625
7.66015625,14016.0,0.892511785030365
7.6640625,14016.0,0.8925373554229736
7.66796875,14016.0,0.8925595283508301
7.671875,14016.0,0.8925837278366089
7.67578125,14016.0,0.8926158547401428
7.6796875,14016.0,0.8926398754119873
7.6796875,14016.0,0.8926664590835571
7.68359375,14016.0,0.8926929235458374
7.6875,14016.0,0.8927162885665894
7.69140625,14016.0,0.8927416205406189
7.6953125,14016.0,0.892765998840332
7.69921875,14016.0,0.8927951455116272
7.69921875,14016.0,0.892811119556427
7.69921875,14016.0,0.8928341269493103
7.703125,14016.0,0.8928588628768921
7.70703125,14016.0,0.8928819298744202
7.70703125,14016.0,0.892907977104187
7.7109375,14016.0,0.8929331302642822
7.7109375,14016.0,0.8929579854011536
7.71484375,14016.0,0.8929824829101562
7.71484375,14016.0,0.8930107355117798
7.71875,14016.0,0.893034815788269
7.71875,14016.0,0.893059253692627
7.71875,14016.0,0.8930866122245789
7.72265625,14016.0,0.8931101560592651
7.72265625,14016.0,0.8931397199630737
7.72265625,14016.0,0.893161416053772
7.7265625,14016.0,0.8931872844696045
7.7265625,14016.0,0.8932165503501892
7.7265625,14016.0,0.8932540416717529
7.7265625,14016.0,0.893280029296875
7.7265625,14016.0,0.8933039903640747
7.7265625,14016.0,0.8933311700820923
7.73046875,14016.0,0.8933571577072144
7.73046875,14016.0,0.8933858871459961
7.73046875,14016.0,0.8934094905853271
7.73046875,14016.0,0.8934328556060791
7.7265625,14016.0,0.8934581279754639
7.7265625,14016.0,0.8934820294380188
7.7265625,14016.0,0.8935097455978394
7.7265625,14016.0,0.8935322761535645
7.7265625,14016.0,0.8935572504997253
7.7265625,14016.0,0.8935831189155579
7.7265625,14016.0,0.8936178684234619
7.7265625,14016.0,0.8936392664909363
7.72265625,14016.0,0.8936604261398315
7.72265625,14016.0,0.8936848044395447
7.72265625,14016.0,0.893714189529419
7.71875,14016.0,0.8937383890151978
7.71875,14024.0,0.8937610983848572
7.71875,14024.0,0.8937873244285583
7.71484375,14024.0,0.893807590007782
7.71484375,14024.0,0.893832802772522
7.71484375,14024.0,0.8938571214675903
7.7109375,14024.0,0.8938819169998169
7.7109375,14024.0,0.8939051628112793
7.70703125,14024.0,0.8939347267150879
7.70703125,14024.0,0.8939578533172607
7.703125,14024.0,0.8939833641052246
7.703125,14024.0,0.8940080404281616
7.69921875,14024.0,0.8940337300300598
7.69921875,14024.0,0.894057035446167
7.6953125,14024.0,0.8940834403038025
7.69140625,14024.0,0.8941128253936768
7.69140625,14024.0,0.8941369652748108
7.6875,14024.0,0.8941689133644104
7.68359375,14024.0,0.8941946625709534
7.6796875,14024.0,0.89422208070755
7.6796875,14024.0,0.8942493796348572
7.67578125,14024.0,0.8942767977714539
7.671875,14024.0,0.8943004012107849
7.66796875,14024.0,0.8943251371383667
7.66796875,14024.0,0.8943499326705933
7.6640625,14024.0,0.894374430179596
7.66015625,14024.0,0.8944037556648254
7.65625,14024.0,0.8944301009178162
7.65234375,14024.0,0.8944551348686218
7.65234375,14024.0,0.8944779634475708
7.6484375,14024.0,0.8945050835609436
7.64453125,14024.0,0.894527792930603
7.640625,14024.0,0.8945537805557251
7.63671875,14024.0,0.8945772647857666
7.6328125,14024.0,0.8946012854576111
7.62890625,14024.0,0.8946290016174316
7.625,14024.0,0.8946574330329895
7.62109375,14024.0,0.894679605960846
7.6171875,14024.0,0.8947054147720337
7.61328125,14024.0,0.8947300314903259
7.609375,14024.0,0.8947554230690002
7.60546875,14024.0,0.8947797417640686
7.6015625,14024.0,0.8948052525520325
7.59765625,14024.0,0.8948296904563904
7.59375,14024.0,0.8948545455932617
7.58984375,14024.0,0.8948773145675659
7.5859375,14024.0,0.8948991298675537
7.58203125,14024.0,0.8949268460273743
7.57421875,14024.0,0.8949517011642456
7.5703125,14024.0,0.894975483417511
7.56640625,14024.0,0.8950026631355286
7.5625,14024.0,0.8950254917144775
7.55859375,14024.0,0.8950501084327698
7.55078125,14024.0,0.8950743079185486
7.546875,14024.0,0.8950984477996826
7.54296875,14024.0,0.8951292037963867
7.53515625,14024.0,0.8951552510261536
7.53125,14024.0,0.8951781392097473
7.52734375,14024.0,0.8952038288116455
7.51953125,14024.0,0.8952272534370422
7.515625,14024.0,0.8952548503875732
7.5078125,14024.0,0.8952812552452087
7.50390625,14024.0,0.8953045606613159
7.5,14024.0,0.895330548286438
7.4921875,14024.0,0.8953546285629272
7.48828125,14024.0,0.8953802585601807
7.48046875,14024.0,0.8954038619995117
7.4765625,14024.0,0.8954282999038696
7.46875,14024.0,0.8954523205757141
7.46484375,14024.0,0.8954752087593079
7.45703125,14024.0,0.8955042958259583
7.44921875,14024.0,0.8955351710319519
7.44140625,14024.0,0.8955605030059814
7.4375,14024.0,0.8955854773521423
7.4296875,14024.0,0.8956100940704346
7.42578125,14024.0,0.895635187625885
7.41796875,14024.0,0.895659863948822
7.41015625,14024.0,0.8956847190856934
7.40625,14024.0,0.8957083225250244
7.3984375,14024.0,0.8957334756851196
7.390625,14024.0,0.895758330821991
7.3828125,14024.0,0.8957826495170593
7.37890625,14024.0,0.8958083391189575
7.37109375,14024.0,0.8958319425582886
7.36328125,14032.0,0.8958570957183838
7.35546875,14032.0,0.8958813548088074
7.3515625,14032.0,0.8959068059921265
7.34375,14032.0,0.8959313035011292
7.3359375,14032.0,0.8959566950798035
7.328125,14032.0,0.8959842324256897
7.3203125,14032.0,0.8960075974464417
7.3125,14032.0,0.8960328698158264
7.3046875,14032.0,0.8960573077201843
7.296875,14032.0,0.896082878112793
7.2890625,14032.0,0.8961058855056763
7.28125,14032.0,0.896132230758667
7.2734375,14032.0,0.8961558938026428
7.265625,14032.0,0.8961819410324097
7.2578125,14032.0,0.8962072730064392
7.25,14032.0,0.8962305188179016
7.2421875,14032.0,0.8962597250938416
7.234375,14032.0,0.8962860107421875
7.2265625,14032.0,0.8963125944137573
7.21875,14032.0,0.8963363170623779
7.2109375,14032.0,0.8963595032691956
7.19921875,14032.0,0.8963869214057922
7.19140625,14032.0,0.896416187286377
7.18359375,14032.0,0.8964413404464722
7.17578125,14032.0,0.8964637517929077
7.1640625,14032.0,0.8964917063713074
7.15625,14032.0,0.8965168595314026
7.1484375,14032.0,0.8965462446212769
7.13671875,14032.0,0.8965713381767273
7.12890625,14032.0,0.8965953588485718
7.12109375,14032.0,0.8966186046600342
7.11328125,14032.0,0.8966436386108398
7.10546875,14032.0,0.8966673016548157
7.09375,14032.0,0.8966934084892273
7.0859375,14032.0,0.8967183232307434
7.078125,14032.0,0.8967476487159729
7.06640625,14032.0,0.8967767953872681
7.05859375,14032.0,0.8968009352684021
7.05078125,14032.0,0.8968250155448914
7.0390625,14032.0,0.896850049495697
7.03125,14032.0,0.896873950958252
7.0234375,14032.0,0.8968992829322815
7.015625,14032.0,0.8969234824180603
7.00390625,14032.0,0.8969486951828003
6.99609375,14032.0,0.8969725370407104
6.98828125,14032.0,0.8969985842704773
6.9765625,14032.0,0.897025465965271
6.96875,14032.0,0.8970499038696289
6.9609375,14032.0,0.8970765471458435
6.94921875,14032.0,0.8971023559570312
6.94140625,14032.0,0.8971282839775085
6.9296875,14032.0,0.897153913974762
6.921875,14032.0,0.8971789479255676
6.9140625,14032.0,0.8972029089927673
6.90625,14032.0,0.8972286581993103
6.89453125,14032.0,0.8972526788711548
6.88671875,14032.0,0.897277295589447
6.87890625,14032.0,0.8973007202148438
6.87109375,14032.0,0.8973258137702942
6.86328125,14032.0,0.89734947681427
6.8515625,14032.0,0.8973753452301025
6.84375,14032.0,0.8973984122276306
6.8359375,14032.0,0.8974246382713318
6.82421875,14032.0,0.897455096244812
6.81640625,14032.0,0.8974799513816833
6.80859375,14032.0,0.8975033760070801
6.796875,14032.0,0.8975306749343872
6.7890625,14032.0,0.8975579142570496
6.78125,14032.0,0.897582471370697
6.76953125,14032.0,0.8976092338562012
6.76171875,14032.0,0.8976328372955322
6.75390625,14032.0,0.8976563811302185
6.74609375,14032.0,0.8976821899414062
6.734375,14032.0,0.8977154493331909
6.7265625,14032.0,0.8977366089820862
6.71875,14032.0,0.8977611064910889
6.7109375,14032.0,0.8977860808372498
6.69921875,14032.0,0.8978118300437927
6.69140625,14032.0,0.897839367389679
6.68359375,14032.0,0.8978680968284607
6.671875,14032.0,0.8978941440582275
6.6640625,14032.0,0.8979207873344421
6.65625,14040.0,0.8979498744010925
6.64453125,14040.0,0.8979759812355042
6.63671875,14040.0,0.8980039954185486
6.62890625,14040.0,0.8980270624160767
6.62109375,14040.0,0.8980519771575928
6.61328125,14040.0,0.8980746269226074
6.60546875,14040.0,0.8980984687805176
6.59375,14040.0,0.8981249928474426
6.5859375,14040.0,0.8981494903564453
6.578125,14040.0,0.8981737494468689
6.5703125,14040.0,0.8981994986534119
6.5625,14040.0,0.8982216715812683
6.5546875,14040.0,0.8982487320899963
6.546875,14040.0,0.8982719779014587
6.5390625,14040.0,0.8982965350151062
6.53125,14040.0,0.8983234763145447
6.5234375,14040.0,0.8983517289161682
6.515625,14040.0,0.8983745574951172
6.5078125,14040.0,0.8984037637710571
6.5,14040.0,0.8984302878379822
6.4921875,14040.0,0.8984551429748535
6.484375,14040.0,0.898479700088501
6.4765625,14040.0,0.8985045552253723
6.46875,14040.0,0.8985284566879272
6.4609375,14040.0,0.8985534906387329
6.45703125,14040.0,0.898577094078064
6.44921875,14040.0,0.8986014127731323
6.44140625,14040.0,0.8986260890960693
6.43359375,14040.0,0.898655116558075
6.421875,14040.0,0.8986893892288208
6.41796875,14040.0,0.8987120985984802
6.41015625,14040.0,0.8987368941307068
6.40234375,14040.0,0.8987626433372498
6.3984375,14040.0,0.8987856507301331
6.390625,14040.0,0.8988115787506104
6.3828125,14040.0,0.8988353610038757
6.375,14040.0,0.8988697528839111
6.3671875,14040.0,0.8988956212997437
6.359375,14040.0,0.8989188075065613
6.35546875,14040.0,0.8989430665969849
6.34765625,14040.0,0.8989676237106323
6.34375,14040.0,0.898992657661438
6.3359375,14040.0,0.8990160822868347
6.33203125,14040.0,0.8990447521209717
6.32421875,14040.0,0.8990681171417236
6.3203125,14040.0,0.8990971446037292
6.3125,14040.0,0.8991256356239319
6.3046875,14040.0,0.8991492986679077
6.30078125,14040.0,0.8991758227348328
6.29296875,14040.0,0.8992044925689697
6.2890625,14040.0,0.8992285132408142
6.28515625,14040.0,0.899253249168396
6.27734375,14040.0,0.8992841839790344
6.2734375,14040.0,0.8993108868598938
6.265625,14040.0,0.8993335366249084
6.26171875,14040.0,0.8993633985519409
6.2578125,14040.0,0.8993898630142212
6.25,14040.0,0.8994205594062805
6.24609375,14040.0,0.8994477987289429
6.2421875,14040.0,0.8994753956794739
6.234375,14040.0,0.8995023965835571
6.23046875,14040.0,0.8995316624641418
6.2265625,14040.0,0.8995559215545654
6.22265625,14040.0,0.8995872139930725
6.21875,14040.0,0.8996108174324036
6.21484375,14040.0,0.8996344804763794
6.2109375,14040.0,0.8996596336364746
6.20703125,14040.0,0.8996866345405579
6.203125,14040.0,0.8997114300727844
6.19921875,14040.0,0.8997324705123901
6.1953125,14040.0,0.8997578024864197
6.19140625,14040.0,0.8997870683670044
6.19140625,14040.0,0.8998149633407593
6.1875,14040.0,0.8998416662216187
6.18359375,14040.0,0.8998657464981079
6.1796875,14040.0,0.8998897671699524
6.1796875,14040.0,0.8999146819114685
6.17578125,14040.0,0.8999401926994324
6.171875,14040.0,0.8999637365341187
6.171875,14040.0,0.8999877572059631
6.16796875,14040.0,0.9000130295753479
6.1640625,14040.0,0.9000444412231445
6.1640625,14048.0,0.9000676274299622
6.16015625,14048.0,0.9000915288925171
6.16015625,14048.0,0.9001163244247437
6.15625,14048.0,0.9001405239105225
6.15625,14048.0,0.9001643061637878
6.15625,14048.0,0.9001886248588562
6.15234375,14048.0,0.900212287902832
6.15234375,14048.0,0.9002419114112854
6.15234375,14048.0,0.9002692699432373
6.1484375,14048.0,0.9002922177314758
6.1484375,14048.0,0.9003155827522278
6.1484375,14048.0,0.9003434181213379
6.1484375,14048.0,0.9003682732582092
6.14453125,14048.0,0.9004017114639282
6.14453125,14048.0,0.9004266262054443
6.14453125,14048.0,0.9004524946212769
6.14453125,14048.0,0.9004762768745422
6.14453125,14048.0,0.9005013108253479
6.14453125,14048.0,0.9005258679389954
6.14453125,14048.0,0.9005489349365234
6.14453125,14048.0,0.9005768299102783
6.14453125,14048.0,0.900603175163269
6.14453125,14048.0,0.9006277918815613
6.14453125,14048.0,0.9006530046463013
6.14453125,14048.0,0.9006776213645935
6.14453125,14048.0,0.9007013440132141
6.14453125,14048.0,0.9007282853126526
6.14453125,14048.0,0.9007519483566284
6.1484375,14048.0,0.9007768034934998
6.1484375,14048.0,0.9007998108863831
6.1484375,14048.0,0.9008286595344543
6.1484375,14048.0,0.9008609056472778
6.15234375,14048.0,0.9008885025978088
6.15234375,14048.0,0.9009119868278503
6.15234375,14048.0,0.9009371399879456
6.15625,14048.0,0.900960385799408
6.15625,14048.0,0.9009847640991211
6.16015625,14048.0,0.9010091423988342
6.16015625,14048.0,0.9010353088378906
6.16015625,14048.0,0.9010605812072754
6.1640625,14048.0,0.9010926485061646
6.16796875,14048.0,0.9011242389678955
6.16796875,14048.0,0.9011427164077759
6.171875,14048.0,0.9011675119400024
6.171875,14048.0,0.9011940956115723
6.17578125,14048.0,0.9012192487716675
6.1796875,14048.0,0.9012457132339478
6.1796875,14048.0,0.9012700319290161
6.18359375,14048.0,0.9012946486473083
6.1875,14048.0,0.9013189077377319
6.1875,14048.0,0.9013429284095764
6.19140625,14048.0,0.9013676047325134
6.1953125,14048.0,0.9013916254043579
6.1953125,14048.0,0.9014169573783875
6.19921875,14048.0,0.9014440774917603
6.203125,14048.0,0.9014679789543152
6.20703125,14048.0,0.9014946222305298
6.2109375,14048.0,0.9015198945999146
6.21484375,14048.0,0.9015434384346008
6.21484375,14048.0,0.9015679359436035
6.21875,14048.0,0.9015926718711853
6.22265625,14048.0,0.9016171097755432
6.2265625,14048.0,0.901641845703125
6.23046875,14048.0,0.9016662836074829
6.234375,14048.0,0.9016905426979065
6.23828125,14048.0,0.9017148613929749
6.2421875,14048.0,0.9017417430877686
6.24609375,14048.0,0.9017692804336548
6.25,14048.0,0.9017950296401978
6.25390625,14048.0,0.901820719242096
6.26171875,14048.0,0.9018473029136658
6.265625,14048.0,0.9018738269805908
6.26953125,14048.0,0.9018970727920532
6.2734375,14048.0,0.9019238352775574
6.27734375,14048.0,0.9019501209259033
6.28125,14048.0,0.9019731283187866
6.2890625,14048.0,0.901999294757843
6.29296875,14048.0,0.9020236134529114
6.296875,14048.0,0.9020487666130066
6.30078125,14048.0,0.9020730257034302
6.30859375,14048.0,0.9021031260490417
6.3125,14048.0,0.9021271467208862
6.3203125,14048.0,0.9021533131599426
6.32421875,14056.0,0.9021779298782349
6.328125,14056.0,0.9022011756896973
6.3359375,14056.0,0.9022276997566223
6.33984375,14056.0,0.9022551774978638
6.34765625,14056.0,0.9022818803787231
6.3515625,14056.0,0.9023059606552124
6.35546875,14056.0,0.9023321270942688
6.36328125,14056.0,0.9023595452308655
6.3671875,14056.0,0.9023852348327637
6.375,14056.0,0.9024190306663513
6.3828125,14056.0,0.9024404883384705
6.38671875,14056.0,0.9024591445922852
6.390625,14056.0,0.9024813771247864
6.39453125,14056.0,0.9025078415870667
6.40234375,14056.0,0.9025320410728455
6.41015625,14056.0,0.9025581479072571
6.4140625,14056.0,0.9025827646255493
6.421875,14056.0,0.9026105403900146
6.42578125,14056.0,0.9026405215263367
6.4375,14056.0,0.9026758670806885
6.44140625,14056.0,0.9026938080787659
6.4453125,14056.0,0.9027191996574402
6.453125,14056.0,0.9027411937713623
6.45703125,14056.0,0.9027678370475769
6.46484375,14056.0,0.9027916789054871
6.46875,14056.0,0.9028186202049255
6.4765625,14056.0,0.9028449654579163
6.48046875,14056.0,0.9028701782226562
6.4921875,14056.0,0.9029057621955872
6.49609375,14056.0,0.9029269814491272
6.5,14056.0,0.9029471278190613
6.5078125,14056.0,0.902970552444458
6.51171875,14056.0,0.9029945731163025
6.51953125,14056.0,0.9030188918113708
6.52734375,14056.0,0.9030454158782959
6.53125,14056.0,0.9030717611312866
6.5390625,14056.0,0.90309739112854
6.546875,14056.0,0.9031273126602173
6.55078125,14056.0,0.903151273727417
6.55859375,14056.0,0.9031745195388794
6.56640625,14056.0,0.9031981229782104
6.5703125,14056.0,0.9032230377197266
6.578125,14056.0,0.9032486081123352
6.5859375,14056.0,0.9032709002494812
6.58984375,14056.0,0.9032963514328003
6.59765625,14056.0,0.9033203721046448
6.60546875,14056.0,0.9033458232879639
6.609375,14056.0,0.9033681154251099
6.6171875,14056.0,0.9033927917480469
6.625,14056.0,0.903422474861145
6.6328125,14056.0,0.9034478068351746
6.640625,14056.0,0.9034724235534668
6.64453125,14056.0,0.9034971594810486
6.65234375,14056.0,0.9035199880599976
6.66015625,14056.0,0.9035483598709106
6.66796875,14056.0,0.9035707116127014
6.67578125,14056.0,0.9035965204238892
6.68359375,14056.0,0.90362149477005
6.69140625,14056.0,0.9036452770233154
6.6953125,14056.0,0.903669536113739
6.703125,14056.0,0.9036931395530701
6.7109375,14056.0,0.9037173986434937
6.71875,14056.0,0.9037415385246277
6.7265625,14056.0,0.9037662148475647
6.734375,14056.0,0.9037896394729614
6.7421875,14056.0,0.9038134217262268
6.75,14056.0,0.9038418531417847
6.7578125,14056.0,0.9038694500923157
6.765625,14056.0,0.9038922786712646
6.7734375,14056.0,0.903916597366333
6.78125,14056.0,0.9039406776428223
6.7890625,14056.0,0.9039651155471802
6.796875,14056.0,0.9039883613586426
6.8046875,14056.0,0.9040147066116333
6.8125,14056.0,0.9040431976318359
6.8203125,14056.0,0.9040648937225342
6.828125,14056.0,0.9040889739990234
6.8359375,14056.0,0.9041134119033813
6.84765625,14056.0,0.9041412472724915
6.85546875,14056.0,0.9041662216186523
6.86328125,14056.0,0.9041929244995117
6.87109375,14056.0,0.9042186141014099
6.87890625,14056.0,0.9042423963546753
6.88671875,14056.0,0.9042667150497437
6.89453125,14064.0,0.9042892456054688
6.90625,14064.0,0.9043177366256714
6.9140625,14064.0,0.9043442010879517
6.92578125,14064.0,0.9043754935264587
6.93359375,14064.0,0.9043974280357361
6.94140625,14064.0,0.9044257998466492
6.953125,14064.0,0.9044517278671265
6.9609375,14064.0,0.9044785499572754
6.96875,14064.0,0.9045012593269348
6.9765625,14064.0,0.9045268893241882
6.984375,14064.0,0.9045527577400208
6.9921875,14064.0,0.9045769572257996
7.00390625,14064.0,0.9046077728271484
7.01171875,14064.0,0.9046306014060974
7.0234375,14064.0,0.9046565890312195
7.03125,14064.0,0.9046808481216431
7.0390625,14064.0,0.9047108292579651
7.05078125,14064.0,0.9047397375106812
7.05859375,14064.0,0.904764711856842
7.0703125,14064.0,0.9047901630401611
7.078125,14064.0,0.9048153162002563
7.0859375,14064.0,0.9048384428024292
7.09375,14064.0,0.9048627018928528
7.1015625,14064.0,0.9048896431922913
7.11328125,14064.0,0.90491783618927
7.12109375,14064.0,0.9049404263496399
7.12890625,14064.0,0.9049661755561829
7.13671875,14064.0,0.9049891233444214
7.1484375,14064.0,0.9050154685974121
7.15625,14064.0,0.9050412178039551
7.1640625,14064.0,0.9050647020339966
7.171875,14064.0,0.9050893783569336
7.1796875,14064.0,0.9051127433776855
7.1875,14064.0,0.9051368236541748
7.19921875,14064.0,0.9051595330238342
7.20703125,14064.0,0.9051845669746399
7.21484375,14064.0,0.9052088260650635
7.22265625,14064.0,0.9052337408065796
7.23046875,14064.0,0.905257523059845
7.23828125,14064.0,0.9052824378013611
7.24609375,14064.0,0.9053064584732056
7.25390625,14064.0,0.9053311944007874
7.265625,14064.0,0.9053574204444885
7.2734375,14064.0,0.9053844213485718
7.28125,14064.0,0.9054083824157715
7.2890625,14064.0,0.9054325819015503
7.296875,14064.0,0.9054540991783142
7.3046875,14064.0,0.9054767489433289
7.3125,14064.0,0.9055060148239136
7.32421875,14064.0,0.9055419564247131
7.33203125,14064.0,0.9055649638175964
7.33984375,14064.0,0.9055894613265991
7.34765625,14064.0,0.9056179523468018
7.359375,14064.0,0.9056424498558044
7.36328125,14064.0,0.905663788318634
7.37109375,14064.0,0.9056897759437561
7.3828125,14064.0,0.9057173132896423
7.390625,14064.0,0.9057438373565674
7.39453125,14064.0,0.9057645797729492
7.40234375,14064.0,0.9057883024215698
7.41015625,14064.0,0.9058170318603516
7.41796875,14064.0,0.9058406352996826
7.42578125,14064.0,0.9058644771575928
7.43359375,14064.0,0.9058876633644104
7.4375,14064.0,0.9059120416641235
7.44921875,14064.0,0.9059413075447083
7.45703125,14064.0,0.9059687256813049
7.4609375,14064.0,0.9059920310974121
7.46875,14064.0,0.9060161113739014
7.4765625,14064.0,0.9060400724411011
7.484375,14064.0,0.9060634970664978
7.48828125,14064.0,0.9060876965522766
7.49609375,14064.0,0.9061118960380554
7.50390625,14064.0,0.9061354398727417
7.5078125,14064.0,0.9061579704284668
7.515625,14064.0,0.9061873555183411
7.5234375,14064.0,0.9062135815620422
7.52734375,14064.0,0.9062384963035583
7.53515625,14064.0,0.9062706232070923
7.54296875,14064.0,0.9062979817390442
7.55078125,14064.0,0.9063252806663513
7.55859375,14064.0,0.9063498377799988
7.5625,14064.0,0.9063732028007507
7.56640625,14064.0,0.9063970446586609
7.57421875,14072.0,0.9064257740974426
7.58203125,14072.0,0.906452476978302
7.5859375,14072.0,0.9064752459526062
7.59375,14072.0,0.9065096974372864
7.59765625,14072.0,0.9065330028533936
7.6015625,14072.0,0.9065456390380859
7.60546875,14072.0,0.9065673351287842
7.61328125,14072.0,0.9065926671028137
7.6171875,14072.0,0.9066159725189209
7.62109375,14072.0,0.9066429138183594
7.62890625,14072.0,0.9066661596298218
7.6328125,14072.0,0.9066956043243408
7.63671875,14072.0,0.9067221283912659
7.640625,14072.0,0.9067456722259521
7.6484375,14072.0,0.9067733883857727
7.65234375,14072.0,0.9068004488945007
7.65625,14072.0,0.9068236947059631
7.66015625,14072.0,0.9068469405174255
7.6640625,14072.0,0.9068722724914551
7.66796875,14072.0,0.9068962335586548
7.671875,14072.0,0.9069202542304993
7.67578125,14072.0,0.9069442749023438
7.6796875,14072.0,0.9069688320159912
7.68359375,14072.0,0.9069928526878357
7.6875,14072.0,0.9070166349411011
7.69140625,14072.0,0.9070397019386292
7.6953125,14072.0,0.9070629477500916
7.69921875,14072.0,0.907089352607727
7.69921875,14072.0,0.9071130752563477
7.703125,14072.0,0.9071366190910339
7.70703125,14072.0,0.907161295413971
7.7109375,14072.0,0.9071854948997498
7.7109375,14072.0,0.9072097539901733
7.71484375,14072.0,0.9072322249412537
7.71875,14072.0,0.9072571396827698
7.71875,14072.0,0.9072871208190918
7.72265625,14072.0,0.9073159098625183
7.7265625,14072.0,0.9073397517204285
7.7265625,14072.0,0.9073638916015625
7.73046875,14072.0,0.9073882699012756
7.73046875,14072.0,0.9074109196662903
7.734375,14072.0,0.9074361324310303
7.734375,14072.0,0.9074641466140747
7.73828125,14072.0,0.907490611076355
7.73828125,14072.0,0.9075142741203308
7.73828125,14072.0,0.9075427651405334
7.7421875,14072.0,0.9075794816017151
7.7421875,14072.0,0.9076019525527954
7.7421875,14072.0,0.9076165556907654
7.7421875,14072.0,0.9076398015022278
7.74609375,14072.0,0.9076637029647827
7.74609375,14072.0,0.9076875448226929
7.74609375,14072.0,0.907714307308197
7.74609375,14072.0,0.9077492952346802
7.74609375,14072.0,0.9077699780464172
7.74609375,14072.0,0.9077929258346558
7.74609375,14072.0,0.907818078994751
7.74609375,14072.0,0.9078418612480164
7.74609375,14072.0,0.9078657627105713
7.74609375,14072.0,0.9078897833824158
7.74609375,14072.0,0.9079127311706543
7.74609375,14072.0,0.9079374670982361
7.7421875,14072.0,0.9079631567001343
7.7421875,14072.0,0.907992959022522
7.7421875,14072.0,0.9080255627632141
7.7421875,14072.0,0.9080512523651123
7.73828125,14072.0,0.9080731868743896
7.73828125,14072.0,0.9081008434295654
7.734375,14072.0,0.9081289172172546
7.734375,14072.0,0.908151388168335
7.734375,14072.0,0.9081771969795227
7.73046875,14072.0,0.9082047343254089
7.73046875,14072.0,0.9082332849502563
7.7265625,14072.0,0.9082551598548889
7.72265625,14072.0,0.9082787036895752
7.72265625,14072.0,0.9083103537559509
7.71875,14072.0,0.9083358645439148
7.71484375,14072.0,0.9083606600761414
7.71484375,14072.0,0.9083879590034485
7.7109375,14072.0,0.9084106087684631
7.70703125,14072.0,0.9084349274635315
7.70703125,14072.0,0.908457338809967
7.703125,14072.0,0.9084836840629578
7.69921875,14072.0,0.9085140824317932
7.6953125,14080.0,0.9085431098937988
7.69140625,14080.0,0.9085685014724731
7.6875,14080.0,0.9085946083068848
7.68359375,14080.0,0.9086158275604248
7.6796875,14080.0,0.9086406230926514
7.67578125,14080.0,0.9086687564849854
7.671875,14080.0,0.9086920022964478
7.66796875,14080.0,0.9087157845497131
7.6640625,14080.0,0.9087400436401367
7.66015625,14080.0,0.9087637066841125
7.65625,14080.0,0.9087874293327332
7.65234375,14080.0,0.908821165561676
7.6484375,14080.0,0.9088375568389893
7.64453125,14080.0,0.9088607430458069
7.63671875,14080.0,0.9088843464851379
7.6328125,14080.0,0.9089086055755615
7.62890625,14080.0,0.9089341759681702
7.625,14080.0,0.9089579582214355
7.62109375,14080.0,0.908983051776886
7.61328125,14080.0,0.909006655216217
7.609375,14080.0,0.9090308547019958
7.60546875,14080.0,0.9090598821640015
7.59765625,14080.0,0.9090824127197266
7.59375,14080.0,0.9091051816940308
7.58984375,14080.0,0.9091280698776245
7.58203125,14080.0,0.9091521501541138
7.578125,14080.0,0.9091756939888
7.5703125,14080.0,0.9092002511024475
7.56640625,14080.0,0.9092237949371338
7.55859375,14080.0,0.9092490673065186
7.5546875,14080.0,0.9092709422111511
7.55078125,14080.0,0.9092959761619568
7.54296875,14080.0,0.9093186855316162
7.53515625,14080.0,0.9093431830406189
7.53125,14080.0,0.9093669056892395
7.5234375,14080.0,0.9093912839889526
7.51953125,14080.0,0.9094153046607971
7.51171875,14080.0,0.909440279006958
7.5078125,14080.0,0.9094626307487488
7.5,14080.0,0.9094878435134888
7.4921875,14080.0,0.9095106720924377
7.48828125,14080.0,0.9095337986946106
7.48046875,14080.0,0.9095586538314819
7.47265625,14080.0,0.9095850586891174
7.46484375,14080.0,0.9096089601516724
7.4609375,14080.0,0.9096335172653198
7.44921875,14080.0,0.9096595048904419
7.4453125,14080.0,0.909681499004364
7.4375,14080.0,0.9097147583961487
7.4296875,14080.0,0.909736692905426
7.421875,14080.0,0.9097598195075989
7.4140625,14080.0,0.9097877144813538
7.40625,14080.0,0.9098128080368042
7.3984375,14080.0,0.9098348021507263
7.39453125,14080.0,0.9098587036132812
7.38671875,14080.0,0.9098817110061646
7.37890625,14080.0,0.9099074006080627
7.3671875,14080.0,0.9099392294883728
7.359375,14080.0,0.9099651575088501
7.3515625,14080.0,0.9099865555763245
7.34375,14080.0,0.9100131988525391
7.3359375,14080.0,0.9100380539894104
7.328125,14080.0,0.9100658893585205
7.3203125,14080.0,0.9100881814956665
7.3125,14080.0,0.9101181626319885
7.3046875,14080.0,0.9101440906524658
7.296875,14080.0,0.9101701378822327
7.2890625,14080.0,0.9101927280426025
7.28125,14080.0,0.910216748714447
7.2734375,14080.0,0.9102417826652527
7.265625,14080.0,0.9102699160575867
7.25390625,14080.0,0.910293698310852
7.25,14080.0,0.9103164076805115
7.2421875,14080.0,0.9103426933288574
7.23046875,14080.0,0.910371720790863
7.22265625,14080.0,0.9103992581367493
7.21484375,14080.0,0.9104245901107788
7.20703125,14080.0,0.9104493260383606
7.19921875,14080.0,0.9104760885238647
7.1875,14080.0,0.9105018973350525
7.1796875,14080.0,0.9105263352394104
7.171875,14080.0,0.910548985004425
7.1640625,14080.0,0.9105719923973083
7.15625,14080.0,0.9105945229530334
7.1484375,14080.0,0.9106224775314331
7.140625,14080.0,0.910647451877594
7.1328125,14088.0,0.9106700420379639
7.125,14088.0,0.9106919765472412
7.1171875,14088.0,0.9107195138931274
7.10546875,14088.0,0.9107517600059509
7.09765625,14088.0,0.9107757806777954
7.08984375,14088.0,0.9107992053031921
7.08203125,14088.0,0.9108230471611023
7.07421875,14088.0,0.9108464121818542
7.06640625,14088.0,0.9108728766441345
7.05859375,14088.0,0.9108951687812805
7.05078125,14088.0,0.9109216332435608
7.04296875,14088.0,0.9109480977058411
7.03515625,14088.0,0.9109734296798706
7.02734375,14088.0,0.9109988808631897
7.01953125,14088.0,0.9110274314880371
7.0078125,14088.0,0.9110490083694458
7.0,14088.0,0.9110751152038574
6.9921875,14088.0,0.9111000299453735
6.984375,14088.0,0.9111232757568359
6.9765625,14088.0,0.911146879196167
6.96875,14088.0,0.9111748933792114
6.9609375,14088.0,0.9111967086791992
6.953125,14088.0,0.9112218618392944
6.9453125,14088.0,0.9112450480461121
6.9375,14088.0,0.9112688899040222
6.93359375,14088.0,0.9112918972969055
6.92578125,14088.0,0.9113179445266724
6.9140625,14088.0,0.9113475680351257
6.90625,14088.0,0.9113690853118896
6.8984375,14088.0,0.9113937616348267
6.890625,14088.0,0.9114200472831726
6.8828125,14088.0,0.9114456176757812
6.875,14088.0,0.9114720821380615
6.8671875,14088.0,0.9114957451820374
6.859375,14088.0,0.9115200638771057
6.8515625,14088.0,0.9115415215492249
6.84375,14088.0,0.911568820476532
6.8359375,14088.0,0.9115962386131287
6.828125,14088.0,0.9116208553314209
6.8203125,14088.0,0.9116433262825012
6.81640625,14088.0,0.9116681814193726
6.80859375,14088.0,0.9116978049278259
6.796875,14088.0,0.911723256111145
6.79296875,14088.0,0.9117414951324463
6.78515625,14088.0,0.9117589592933655
6.78125,14088.0,0.9117839932441711
6.7734375,14088.0,0.9118083715438843
6.765625,14088.0,0.9118301868438721
6.7578125,14088.0,0.9118542075157166
6.75,14088.0,0.9118810892105103
6.7421875,14088.0,0.9119071960449219
6.734375,14088.0,0.911933183670044
6.7265625,14088.0,0.9119628071784973
6.71875,14088.0,0.9119844436645508
6.71484375,14088.0,0.912007212638855
6.70703125,14088.0,0.9120298027992249
6.69921875,14088.0,0.912053108215332
6.69140625,14088.0,0.9120771288871765
6.68359375,14088.0,0.9121019840240479
6.67578125,14088.0,0.912125825881958
6.66796875,14088.0,0.9121511578559875
6.66015625,14088.0,0.9121768474578857
6.65625,14088.0,0.9122017621994019
6.64453125,14088.0,0.9122339487075806
6.63671875,14088.0,0.9122554063796997
6.6328125,14088.0,0.9122788310050964
6.625,14088.0,0.9123072624206543
6.61328125,14088.0,0.912335991859436
6.60546875,14088.0,0.9123602509498596
6.6015625,14088.0,0.9123823046684265
6.59375,14088.0,0.912406861782074
6.5859375,14088.0,0.9124295711517334
6.578125,14088.0,0.9124541282653809
6.5703125,14088.0,0.9124880433082581
6.5625,14088.0,0.9125149846076965
6.5546875,14088.0,0.9125383496284485
6.546875,14088.0,0.9125643372535706
6.5390625,14088.0,0.9125890135765076
6.53125,14088.0,0.912617027759552
6.5234375,14088.0,0.9126448631286621
6.515625,14088.0,0.912668764591217
6.5078125,14088.0,0.9126930832862854
6.5,14088.0,0.9127168655395508
6.49609375,14088.0,0.912742018699646
6.48828125,14088.0,0.9127682447433472
6.48046875,14096.0,0.9127907752990723
6.47265625,14096.0,0.9128137826919556
6.46875,14096.0,0.9128375053405762
6.4609375,14096.0,0.9128659963607788
6.453125,14096.0,0.9128919243812561
6.4453125,14096.0,0.9129164218902588
6.4375,14096.0,0.9129458665847778
6.43359375,14096.0,0.9129684567451477
6.42578125,14096.0,0.9129911065101624
6.41796875,14096.0,0.9130165576934814
6.4140625,14096.0,0.9130430221557617
6.40625,14096.0,0.9130672216415405
6.3984375,14096.0,0.9130917191505432
6.39453125,14096.0,0.9131152033805847
6.38671875,14096.0,0.9131396412849426
6.3828125,14096.0,0.9131653904914856
6.375,14096.0,0.9131900668144226
6.3671875,14096.0,0.9132190942764282
6.36328125,14096.0,0.9132450819015503
6.35546875,14096.0,0.913270115852356
6.3515625,14096.0,0.9132946729660034
6.34375,14096.0,0.9133203625679016
6.3359375,14096.0,0.9133566617965698
6.33203125,14096.0,0.9133802652359009
6.32421875,14096.0,0.9134003520011902
6.3203125,14096.0,0.9134223461151123
6.31640625,14096.0,0.9134483337402344
6.30859375,14096.0,0.9134736061096191
6.3046875,14096.0,0.9134983420372009
6.30078125,14096.0,0.9135226607322693
6.29296875,14096.0,0.9135463833808899
6.2890625,14096.0,0.913571298122406
6.28515625,14096.0,0.9135948419570923
6.28125,14096.0,0.9136199355125427
6.2734375,14096.0,0.9136419892311096
6.26953125,14096.0,0.9136657118797302
6.265625,14096.0,0.9136955738067627
6.26171875,14096.0,0.9137209057807922
6.25390625,14096.0,0.9137541055679321
6.25,14096.0,0.9137727618217468
6.24609375,14096.0,0.9137967824935913
6.2421875,14096.0,0.9138206839561462
6.23828125,14096.0,0.9138444066047668
6.234375,14096.0,0.9138689637184143
6.23046875,14096.0,0.9138932824134827
6.2265625,14096.0,0.9139165878295898
6.22265625,14096.0,0.9139403104782104
6.21875,14096.0,0.9139644503593445
6.21484375,14096.0,0.9139876365661621
6.2109375,14096.0,0.9140120148658752
6.20703125,14096.0,0.9140355587005615
6.203125,14096.0,0.9140594601631165
6.19921875,14096.0,0.9140836596488953
6.19921875,14096.0,0.9141070246696472
6.19140625,14096.0,0.9141398668289185
6.19140625,14096.0,0.91416335105896
6.1875,14096.0,0.9141879081726074
6.18359375,14096.0,0.9142115712165833
6.1796875,14096.0,0.9142360091209412
6.17578125,14096.0,0.9142596125602722
6.17578125,14096.0,0.9142847061157227
6.171875,14096.0,0.9143116474151611
6.16796875,14096.0,0.9143339395523071
6.16796875,14096.0,0.914357602596283
6.1640625,14096.0,0.9143900871276855
6.16015625,14096.0,0.9144062995910645
6.16015625,14096.0,0.9144306778907776
6.15625,14096.0,0.9144569635391235
6.15625,14096.0,0.9144805073738098
6.15234375,14096.0,0.9145079851150513
6.15234375,14096.0,0.9145339131355286
6.1484375,14096.0,0.9145603775978088
6.1484375,14096.0,0.914585530757904
6.14453125,14096.0,0.9146110415458679
6.14453125,14096.0,0.9146395325660706
6.140625,14096.0,0.9146612882614136
6.140625,14096.0,0.9146857857704163
6.140625,14096.0,0.9147115349769592
6.140625,14096.0,0.9147369265556335
6.13671875,14096.0,0.9147664904594421
6.13671875,14096.0,0.9147891998291016
6.13671875,14096.0,0.9148133397102356
6.13671875,14096.0,0.9148366451263428
6.1328125,14096.0,0.9148644804954529
6.1328125,14096.0,0.9148930907249451
6.1328125,14096.0,0.9149156212806702
6.1328125,14104.0,0.9149426221847534
6.1328125,14104.0,0.9149729013442993
6.1328125,14104.0,0.9149986505508423
6.1328125,14104.0,0.9150222539901733
6.1328125,14104.0,0.9150468111038208
6.1328125,14104.0,0.9150700569152832
6.1328125,14104.0,0.9150950312614441
6.1328125,14104.0,0.9151176810264587
6.1328125,14104.0,0.9151442646980286
6.1328125,14104.0,0.9151694178581238
6.13671875,14104.0,0.9151933193206787
6.13671875,14104.0,0.9152172207832336
6.13671875,14104.0,0.9152398705482483
6.13671875,14104.0,0.9152638912200928
6.140625,14104.0,0.9152866005897522
6.140625,14104.0,0.9153145551681519
6.140625,14104.0,0.9153414368629456
6.14453125,14104.0,0.9153661727905273
6.14453125,14104.0,0.9153932332992554
6.14453125,14104.0,0.9154162406921387
6.1484375,14104.0,0.9154444336891174
6.1484375,14104.0,0.9154713153839111
6.15234375,14104.0,0.9154980182647705
6.15234375,14104.0,0.915523886680603
6.15625,14104.0,0.9155517220497131
6.16015625,14104.0,0.915579617023468
6.16015625,14104.0,0.915602445602417
6.1640625,14104.0,0.9156317710876465
6.16796875,14104.0,0.9156630039215088
6.16796875,14104.0,0.91568523645401
6.171875,14104.0,0.9157092571258545
6.17578125,14104.0,0.9157334566116333
6.17578125,14104.0,0.9157557487487793
6.1796875,14104.0,0.915779173374176
6.18359375,14104.0,0.915806770324707
6.1875,14104.0,0.915830135345459
6.1875,14104.0,0.9158552885055542
6.1953125,14104.0,0.9158855080604553
6.1953125,14104.0,0.9159111976623535
6.19921875,14104.0,0.9159376621246338
6.203125,14104.0,0.9159597754478455
6.20703125,14104.0,0.9159848690032959
6.2109375,14104.0,0.9160110950469971
6.21484375,14104.0,0.9160372018814087
6.21875,14104.0,0.916061520576477
6.2265625,14104.0,0.9160915017127991
6.23046875,14104.0,0.9161176085472107
6.234375,14104.0,0.916140079498291
6.23828125,14104.0,0.9161645770072937
6.2421875,14104.0,0.9161906838417053
6.24609375,14104.0,0.9162179231643677
6.25,14104.0,0.9162419438362122
6.2578125,14104.0,0.9162665009498596
6.26171875,14104.0,0.9162930250167847
6.265625,14104.0,0.9163222908973694
6.2734375,14104.0,0.9163447022438049
6.27734375,14104.0,0.9163778424263
6.28515625,14104.0,0.9163970351219177
6.2890625,14104.0,0.9164170622825623
6.29296875,14104.0,0.9164384007453918
6.296875,14104.0,0.9164634943008423
6.3046875,14104.0,0.9164871573448181
6.30859375,14104.0,0.9165116548538208
6.3125,14104.0,0.9165347814559937
6.3203125,14104.0,0.9165588617324829
6.32421875,14104.0,0.916582465171814
6.33203125,14104.0,0.9166056513786316
6.3359375,14104.0,0.9166294932365417
6.34375,14104.0,0.9166540503501892
6.34765625,14104.0,0.916677713394165
6.35546875,14104.0,0.916702151298523
6.359375,14104.0,0.9167249202728271
6.3671875,14104.0,0.9167481660842896
6.37109375,14104.0,0.9167720079421997
6.37890625,14104.0,0.9167967438697815
6.38671875,14104.0,0.9168246388435364
6.390625,14104.0,0.9168493747711182
6.3984375,14104.0,0.9168721437454224
6.40625,14104.0,0.9168961048126221
6.41015625,14104.0,0.9169226288795471
6.41796875,14104.0,0.9169473052024841
6.42578125,14104.0,0.9169728755950928
6.43359375,14104.0,0.9169994592666626
6.44140625,14104.0,0.9170231819152832
6.4453125,14104.0,0.9170464277267456
6.453125,14112.0,0.917070209980011
6.4609375,14112.0,0.9170936346054077
6.46875,14112.0,0.9171177744865417
6.4765625,14112.0,0.9171412587165833
6.48046875,14112.0,0.9171653985977173
6.48828125,14112.0,0.917188823223114
6.49609375,14112.0,0.9172132015228271
6.50390625,14112.0,0.9172366261482239
6.51171875,14112.0,0.9172593355178833
6.515625,14112.0,0.9172855615615845
6.52734375,14112.0,0.9173129796981812
6.53515625,14112.0,0.9173393845558167
6.54296875,14112.0,0.9173648953437805
6.55078125,14112.0,0.9173907041549683
6.55859375,14112.0,0.9174205660820007
6.5703125,14112.0,0.9174491167068481
6.57421875,14112.0,0.9174730181694031
6.5859375,14112.0,0.9174988269805908
6.59375,14112.0,0.917521595954895
6.59765625,14112.0,0.9175464510917664
6.60546875,14112.0,0.917569637298584
6.61328125,14112.0,0.9175940155982971
6.62109375,14112.0,0.917617678642273
6.62890625,14112.0,0.9176416993141174
6.63671875,14112.0,0.9176658391952515
6.64453125,14112.0,0.9176905155181885
6.65234375,14112.0,0.9177138805389404
6.66015625,14112.0,0.9177383780479431
6.671875,14112.0,0.9177635312080383
6.6796875,14112.0,0.9177918434143066
6.6875,14112.0,0.917819082736969
6.6953125,14112.0,0.9178415536880493
6.70703125,14112.0,0.9178732633590698
6.71484375,14112.0,0.9178997278213501
6.72265625,14112.0,0.9179235100746155
6.734375,14112.0,0.9179514050483704
6.7421875,14112.0,0.917975664138794
6.75,14112.0,0.9179997444152832
6.76171875,14112.0,0.9180357456207275
6.76953125,14112.0,0.9180589318275452
6.77734375,14112.0,0.9180779457092285
6.78515625,14112.0,0.9180963635444641
6.79296875,14112.0,0.918120801448822
6.80078125,14112.0,0.918144166469574
6.80859375,14112.0,0.9181706309318542
6.81640625,14112.0,0.9181944727897644
6.828125,14112.0,0.918219804763794
6.8359375,14112.0,0.918243408203125
6.84375,14112.0,0.9182695150375366
6.8515625,14112.0,0.9182935953140259
6.859375,14112.0,0.9183214902877808
6.87109375,14112.0,0.9183496236801147
6.87890625,14112.0,0.9183738231658936
6.890625,14112.0,0.9183999300003052
6.8984375,14112.0,0.9184237122535706
6.90625,14112.0,0.9184465408325195
6.9140625,14112.0,0.9184713959693909
6.921875,14112.0,0.9184960722923279
6.9296875,14112.0,0.9185198545455933
6.94140625,14112.0,0.9185506105422974
6.953125,14112.0,0.9185817837715149
6.9609375,14112.0,0.9186042547225952
6.96875,14112.0,0.9186289310455322
6.9765625,14112.0,0.9186520576477051
6.984375,14112.0,0.9186754822731018
6.9921875,14112.0,0.9186990857124329
7.0,14112.0,0.91872239112854
7.0078125,14112.0,0.9187463521957397
7.015625,14112.0,0.9187706708908081
7.0234375,14112.0,0.9187939763069153
7.03125,14112.0,0.9188180565834045
7.0390625,14112.0,0.9188399314880371
7.046875,14112.0,0.9188649654388428
7.0546875,14112.0,0.9188877940177917
7.0625,14112.0,0.9189120531082153
7.0703125,14112.0,0.9189353585243225
7.078125,14112.0,0.9189593195915222
7.0859375,14112.0,0.9189820885658264
7.08984375,14112.0,0.9190058708190918
7.09765625,14112.0,0.9190285205841064
7.10546875,14112.0,0.919052243232727
7.11328125,14112.0,0.9190748929977417
7.12109375,14112.0,0.9190984964370728
7.12890625,14112.0,0.9191216826438904
7.13671875,14112.0,0.9191494584083557
7.14453125,14112.0,0.9191757440567017
7.15234375,14120.0,0.9192012548446655
7.16015625,14120.0,0.9192254543304443
7.16796875,14120.0,0.9192479252815247
7.17578125,14120.0,0.9192742109298706
7.18359375,14120.0,0.9192985892295837
7.19140625,14120.0,0.919322669506073
7.19921875,14120.0,0.9193475246429443
7.203125,14120.0,0.9193699955940247
7.2109375,14120.0,0.9193937182426453
7.21875,14120.0,0.9194181561470032
7.2265625,14120.0,0.9194438457489014
7.234375,14120.0,0.9194666743278503
7.2421875,14120.0,0.9194900393486023
7.24609375,14120.0,0.9195139408111572
7.25390625,14120.0,0.9195409417152405
7.26171875,14120.0,0.9195623993873596
7.26953125,14120.0,0.919587254524231
7.27734375,14120.0,0.9196133613586426
7.28125,14120.0,0.919637143611908
7.29296875,14120.0,0.9196674823760986
7.296875,14120.0,0.9196910858154297
7.3046875,14120.0,0.919715166091919
7.3125,14120.0,0.9197417497634888
7.3203125,14120.0,0.9197675585746765
7.32421875,14120.0,0.9197912216186523
7.33203125,14120.0,0.9198222756385803
7.33984375,14120.0,0.919844925403595
7.34765625,14120.0,0.9198684692382812
7.3515625,14120.0,0.9198915362358093
7.359375,14120.0,0.9199153780937195
7.36328125,14120.0,0.9199386835098267
7.37109375,14120.0,0.9199621677398682
7.37890625,14120.0,0.9199867248535156
7.3828125,14120.0,0.9200154542922974
7.390625,14120.0,0.9200416803359985
7.3984375,14120.0,0.9200637936592102
7.40234375,14120.0,0.9200968146324158
7.4140625,14120.0,0.9201250672340393
7.41796875,14120.0,0.9201431274414062
7.421875,14120.0,0.9201640486717224
7.4296875,14120.0,0.9201875925064087
7.43359375,14120.0,0.9202080368995667
7.4375,14120.0,0.9202308654785156
7.4453125,14120.0,0.9202539920806885
7.44921875,14120.0,0.9202781915664673
7.45703125,14120.0,0.9203001856803894
7.4609375,14120.0,0.9203259348869324
7.46484375,14120.0,0.9203487038612366
7.47265625,14120.0,0.9203830361366272
7.48046875,14120.0,0.9204081892967224
7.484375,14120.0,0.9204311370849609
7.4921875,14120.0,0.9204562306404114
7.49609375,14120.0,0.9204779267311096
7.50390625,14120.0,0.920501708984375
7.5078125,14120.0,0.9205284118652344
7.51171875,14120.0,0.9205530881881714
7.51953125,14120.0,0.9205781817436218
7.52734375,14120.0,0.9206053614616394
7.53125,14120.0,0.9206297397613525
7.53515625,14120.0,0.9206590056419373
7.54296875,14120.0,0.9206875562667847
7.546875,14120.0,0.9207100868225098
7.5546875,14120.0,0.9207319617271423
7.55859375,14120.0,0.9207549691200256
7.5625,14120.0,0.9207778573036194
7.56640625,14120.0,0.9208016991615295
7.57421875,14120.0,0.9208264946937561
7.578125,14120.0,0.9208529591560364
7.58203125,14120.0,0.9208757281303406
7.5859375,14120.0,0.9209003448486328
7.59375,14120.0,0.9209262728691101
7.59765625,14120.0,0.9209617376327515
7.6015625,14120.0,0.9209840893745422
7.609375,14120.0,0.9210053086280823
7.61328125,14120.0,0.9210299849510193
7.6171875,14120.0,0.9210535287857056
7.62109375,14120.0,0.9210769534111023
7.625,14120.0,0.9211025238037109
7.62890625,14120.0,0.921125054359436
7.6328125,14120.0,0.9211514592170715
7.63671875,14120.0,0.9211747646331787
7.640625,14120.0,0.9212000966072083
7.64453125,14120.0,0.92122483253479
7.6484375,14120.0,0.9212487936019897
7.65234375,14120.0,0.9212706685066223
7.65625,14120.0,0.9212951064109802
7.66015625,14120.0,0.921327531337738
7.6640625,14128.0,0.921349048614502
7.66796875,14128.0,0.9213747978210449
7.671875,14128.0,0.9214032292366028
7.671875,14128.0,0.9214256405830383
7.67578125,14128.0,0.9214513301849365
7.6796875,14128.0,0.921475350856781
7.68359375,14128.0,0.9214980602264404
7.68359375,14128.0,0.9215255975723267
7.6875,14128.0,0.9215551018714905
7.69140625,14128.0,0.9215798377990723
7.6953125,14128.0,0.9216041564941406
7.6953125,14128.0,0.9216307401657104
7.69921875,14128.0,0.921654999256134
7.69921875,14128.0,0.92168128490448
7.703125,14128.0,0.9217039942741394
7.703125,14128.0,0.9217271208763123
7.70703125,14128.0,0.9217489957809448
7.70703125,14128.0,0.9217772483825684
7.7109375,14128.0,0.9218037724494934
7.7109375,14128.0,0.9218274354934692
7.71484375,14128.0,0.9218596816062927
7.71484375,14128.0,0.9218841195106506
7.71484375,14128.0,0.9219028353691101
7.71484375,14128.0,0.9219273328781128
7.71875,14128.0,0.9219515919685364
7.71875,14128.0,0.921972930431366
7.71875,14128.0,0.9220016598701477
7.71875,14128.0,0.9220269322395325
7.72265625,14128.0,0.9220409393310547
7.72265625,14128.0,0.9220613241195679
7.72265625,14128.0,0.9220859408378601
7.72265625,14128.0,0.9221124053001404
7.72265625,14128.0,0.9221378564834595
7.72265625,14128.0,0.9221616387367249
7.72265625,14128.0,0.9221898913383484
7.72265625,14128.0,0.9222195744514465
7.72265625,14128.0,0.9222456216812134
7.72265625,14128.0,0.9222676157951355
7.72265625,14128.0,0.9222979545593262
7.71875,14128.0,0.9223217964172363
7.71875,14128.0,0.9223447442054749
7.71875,14128.0,0.9223669767379761
7.71875,14128.0,0.9223920106887817
7.71875,14128.0,0.9224138259887695
7.71484375,14128.0,0.9224362969398499
7.71484375,14128.0,0.9224598407745361
7.71484375,14128.0,0.922484278678894
7.7109375,14128.0,0.9225065112113953
7.7109375,14128.0,0.9225293397903442
7.70703125,14128.0,0.9225537180900574
7.70703125,14128.0,0.9225775003433228
7.70703125,14128.0,0.9225997924804688
7.703125,14128.0,0.9226225018501282
7.703125,14128.0,0.9226496815681458
7.69921875,14128.0,0.9226730465888977
7.69921875,14128.0,0.9226963520050049
7.6953125,14128.0,0.9227187037467957
7.69140625,14128.0,0.9227434396743774
7.69140625,14128.0,0.9227660894393921
7.6875,14128.0,0.922789990901947
7.6875,14128.0,0.9228126406669617
7.68359375,14128.0,0.9228366017341614
7.6796875,14128.0,0.9228585362434387
7.6796875,14128.0,0.9228823184967041
7.67578125,14128.0,0.9229048490524292
7.671875,14128.0,0.9229313731193542
7.66796875,14128.0,0.9229570627212524
7.6640625,14128.0,0.9229838252067566
7.66015625,14128.0,0.9230086803436279
7.65625,14128.0,0.9230385422706604
7.65234375,14128.0,0.923061192035675
7.6484375,14128.0,0.923086941242218
7.64453125,14128.0,0.9231119155883789
7.640625,14128.0,0.9231392741203308
7.63671875,14128.0,0.9231666922569275
7.6328125,14128.0,0.9231926798820496
7.62890625,14128.0,0.9232163429260254
7.625,14128.0,0.9232389330863953
7.62109375,14128.0,0.9232621192932129
7.6171875,14128.0,0.9232856035232544
7.61328125,14128.0,0.9233086705207825
7.60546875,14128.0,0.9233325719833374
7.6015625,14128.0,0.9233559370040894
7.59765625,14128.0,0.9233782291412354
7.59375,14128.0,0.9234017133712769
7.58984375,14128.0,0.9234249591827393
7.58203125,14128.0,0.9234484434127808
7.578125,14128.0,0.9234707355499268
7.57421875,14136.0,0.9234963059425354
7.56640625,14136.0,0.9235242605209351
7.5625,14136.0,0.9235461950302124
7.5546875,14136.0,0.9235715270042419
7.55078125,14136.0,0.9235966205596924
7.54296875,14136.0,0.9236233234405518
7.5390625,14136.0,0.9236478209495544
7.53125,14136.0,0.9236716628074646
7.52734375,14136.0,0.9236939549446106
7.51953125,14136.0,0.9237186908721924
7.515625,14136.0,0.9237412214279175
7.5078125,14136.0,0.9237654209136963
7.5,14136.0,0.923788845539093
7.49609375,14136.0,0.9238125085830688
7.48828125,14136.0,0.923835277557373
7.48046875,14136.0,0.9238585233688354
7.4765625,14136.0,0.9238809943199158
7.46875,14136.0,0.9239057898521423
7.4609375,14136.0,0.9239332675933838
7.453125,14136.0,0.9239609241485596
7.4453125,14136.0,0.92398601770401
7.4375,14136.0,0.9240105152130127
7.4296875,14136.0,0.9240394234657288
7.421875,14136.0,0.92406165599823
7.41796875,14136.0,0.924087643623352
7.40625,14136.0,0.9241173267364502
7.40234375,14136.0,0.9241345524787903
7.39453125,14136.0,0.9241580367088318
7.38671875,14136.0,0.9241858124732971
7.37890625,14136.0,0.9242077469825745
7.37109375,14136.0,0.9242312908172607
7.36328125,14136.0,0.9242533445358276
7.35546875,14136.0,0.9242796301841736
7.34765625,14136.0,0.9243035316467285
7.33984375,14136.0,0.9243297576904297
7.33203125,14136.0,0.9243525266647339
7.32421875,14136.0,0.9243775010108948
7.31640625,14136.0,0.92440265417099
7.30859375,14136.0,0.9244294166564941
7.296875,14136.0,0.9244576096534729
7.2890625,14136.0,0.924480676651001
7.28515625,14136.0,0.924501895904541
7.2734375,14136.0,0.9245280027389526
7.265625,14136.0,0.9245524406433105
7.2578125,14136.0,0.9245758056640625
7.25,14136.0,0.9246006011962891
7.2421875,14136.0,0.924624502658844
7.234375,14136.0,0.924651026725769
7.22265625,14136.0,0.9246774315834045
7.21484375,14136.0,0.9247016906738281
7.20703125,14136.0,0.9247246980667114
7.19921875,14136.0,0.9247506260871887
7.1875,14136.0,0.924778163433075
7.1796875,14136.0,0.9248031377792358
7.171875,14136.0,0.9248265027999878
7.1640625,14136.0,0.9248493909835815
7.15625,14136.0,0.9248725771903992
7.1484375,14136.0,0.9248954653739929
7.13671875,14136.0,0.9249248504638672
7.12890625,14136.0,0.9249458909034729
7.12109375,14136.0,0.9249681234359741
7.11328125,14136.0,0.924992024898529
7.1015625,14136.0,0.9250190258026123
7.09375,14136.0,0.9250443577766418
7.0859375,14136.0,0.9250687956809998
7.078125,14136.0,0.9250914454460144
7.06640625,14136.0,0.9251155257225037
7.05859375,14136.0,0.9251384735107422
7.05078125,14136.0,0.9251618385314941
7.04296875,14136.0,0.9251886606216431
7.03125,14136.0,0.9252133369445801
7.0234375,14136.0,0.9252372980117798
7.015625,14136.0,0.9252632260322571
7.00390625,14136.0,0.9252922534942627
6.99609375,14136.0,0.9253132939338684
6.98828125,14136.0,0.9253381490707397
6.98046875,14136.0,0.9253597855567932
6.97265625,14136.0,0.9253828525543213
6.9609375,14136.0,0.9254113435745239
6.94921875,14136.0,0.9254370927810669
6.94140625,14136.0,0.9254627823829651
6.93359375,14136.0,0.9254859685897827
6.92578125,14136.0,0.9255090951919556
6.9140625,14136.0,0.9255346655845642
6.90625,14136.0,0.9255580902099609
6.8984375,14136.0,0.92558354139328
6.88671875,14136.0,0.9256090521812439
6.87890625,14136.0,0.9256349802017212
6.87109375,14144.0,0.9256590008735657
6.859375,14144.0,0.9256860017776489
6.8515625,14144.0,0.9257177114486694
6.83984375,14144.0,0.9257361888885498
6.83203125,14144.0,0.925760805606842
6.82421875,14144.0,0.9257847666740417
6.81640625,14144.0,0.9258100390434265
6.8046875,14144.0,0.9258362054824829
6.796875,14144.0,0.9258595705032349
6.7890625,14144.0,0.9258814454078674
6.78125,14144.0,0.9259085059165955
6.76953125,14144.0,0.9259381294250488
6.765625,14144.0,0.925955593585968
6.76171875,14144.0,0.9259675145149231
6.75390625,14144.0,0.9259881973266602
6.74609375,14144.0,0.9260118007659912
6.73828125,14144.0,0.9260355234146118
6.73046875,14144.0,0.926061749458313
6.72265625,14144.0,0.9260839223861694
6.71484375,14144.0,0.9261079430580139
6.70703125,14144.0,0.9261316061019897
6.69921875,14144.0,0.9261544942855835
6.69140625,14144.0,0.9261778593063354
6.68359375,14144.0,0.9262019395828247
6.67578125,14144.0,0.9262245893478394
6.66796875,14144.0,0.9262503981590271
6.66015625,14144.0,0.9262743592262268
6.65234375,14144.0,0.9262994527816772
6.64453125,14144.0,0.926322340965271
6.63671875,14144.0,0.9263455867767334
6.62890625,14144.0,0.9263713359832764
6.62109375,14144.0,0.9263973832130432
6.61328125,14144.0,0.9264241456985474
6.60546875,14144.0,0.9264485239982605
6.59765625,14144.0,0.9264730215072632
6.58984375,14144.0,0.926494836807251
6.58203125,14144.0,0.9265201687812805
6.57421875,14144.0,0.9265432357788086
6.56640625,14144.0,0.926565945148468
6.55859375,14144.0,0.9266014695167542
6.55078125,14144.0,0.9266271591186523
6.54296875,14144.0,0.9266489744186401
6.5390625,14144.0,0.9266716241836548
6.53125,14144.0,0.9266949892044067
6.5234375,14144.0,0.9267239570617676
6.515625,14144.0,0.9267455339431763
6.5078125,14144.0,0.9267696738243103
6.50390625,14144.0,0.9267931580543518
6.49609375,14144.0,0.9268184304237366
6.48828125,14144.0,0.9268448352813721
6.48046875,14144.0,0.9268712401390076
6.47265625,14144.0,0.9268983006477356
6.46484375,14144.0,0.9269249439239502
6.4609375,14144.0,0.9269490242004395
6.453125,14144.0,0.9269734025001526
6.4453125,14144.0,0.9270012378692627
6.44140625,14144.0,0.9270251393318176
6.43359375,14144.0,0.9270472526550293
6.4296875,14144.0,0.9270712733268738
6.421875,14144.0,0.9270934462547302
6.41796875,14144.0,0.9271175861358643
6.4140625,14144.0,0.9271411299705505
6.40625,14144.0,0.9271658658981323
6.40234375,14144.0,0.9271920323371887
6.39453125,14144.0,0.9272185564041138
6.38671875,14144.0,0.9272456169128418
6.3828125,14144.0,0.927267849445343
6.37890625,14144.0,0.9272914528846741
6.375,14144.0,0.9273136854171753
6.3671875,14144.0,0.9273380637168884
6.36328125,14144.0,0.9273629188537598
6.359375,14144.0,0.9273878335952759
6.3515625,14144.0,0.9274147748947144
6.34765625,14144.0,0.9274428486824036
6.33984375,14144.0,0.9274776577949524
6.3359375,14144.0,0.9274997115135193
6.33203125,14144.0,0.927517294883728
6.328125,14144.0,0.9275360703468323
6.32421875,14144.0,0.9275587797164917
6.3203125,14144.0,0.9275851845741272
6.31640625,14144.0,0.9276090860366821
6.3125,14144.0,0.9276363253593445
6.30859375,14144.0,0.9276580810546875
6.3046875,14144.0,0.9276849627494812
6.30078125,14144.0,0.9277111291885376
6.296875,14144.0,0.9277377128601074
6.29296875,14144.0,0.9277631640434265
6.2890625,14144.0,0.9277846813201904
6.28515625,14152.0,0.9278094172477722
6.28125,14152.0,0.9278348684310913
6.27734375,14152.0,0.9278598427772522
6.2734375,14152.0,0.9278834462165833
6.26953125,14152.0,0.9279079437255859
6.265625,14152.0,0.9279314279556274
6.26171875,14152.0,0.9279592633247375
6.2578125,14152.0,0.9279879927635193
6.2578125,14152.0,0.9280095100402832
6.25390625,14152.0,0.928032636642456
6.25,14152.0,0.9280562400817871
6.24609375,14152.0,0.9280799627304077
6.24609375,14152.0,0.9281033277511597
6.2421875,14152.0,0.9281365871429443
6.23828125,14152.0,0.9281570911407471
6.234375,14152.0,0.9281794428825378
6.234375,14152.0,0.9282014966011047
6.23046875,14152.0,0.9282268285751343
6.2265625,14152.0,0.9282504320144653
6.2265625,14152.0,0.9282745718955994
6.22265625,14152.0,0.9283016920089722
6.21875,14152.0,0.928332507610321
6.21875,14152.0,0.9283567667007446
6.21484375,14152.0,0.9283828139305115
6.2109375,14152.0,0.9284067153930664
6.2109375,14152.0,0.9284322261810303
6.20703125,14152.0,0.9284575581550598
6.20703125,14152.0,0.928482174873352
6.203125,14152.0,0.9285076260566711
6.203125,14152.0,0.9285363554954529
6.19921875,14152.0,0.9285638332366943
6.1953125,14152.0,0.9285878539085388
6.1953125,14152.0,0.928609311580658
6.1953125,14152.0,0.9286319017410278
6.19140625,14152.0,0.9286558628082275
6.19140625,14152.0,0.9286839962005615
6.1875,14152.0,0.9287087321281433
6.1875,14152.0,0.9287340044975281
6.18359375,14152.0,0.928756833076477
6.18359375,14152.0,0.9287813901901245
6.18359375,14152.0,0.92880779504776
6.1796875,14152.0,0.9288330674171448
6.1796875,14152.0,0.928859293460846
6.1796875,14152.0,0.9288833737373352
6.17578125,14152.0,0.9289067387580872
6.17578125,14152.0,0.9289324283599854
6.17578125,14152.0,0.9289608597755432
6.171875,14152.0,0.9289840459823608
6.171875,14152.0,0.9290122985839844
6.171875,14152.0,0.9290370941162109
6.171875,14152.0,0.929062008857727
6.16796875,14152.0,0.9290862083435059
6.16796875,14152.0,0.9291143417358398
6.16796875,14152.0,0.9291389584541321
6.16796875,14152.0,0.9291650652885437
6.16796875,14152.0,0.9291898608207703
6.16796875,14152.0,0.9292176961898804
6.1640625,14152.0,0.9292449951171875
6.1640625,14152.0,0.9292683005332947
6.1640625,14152.0,0.9292899966239929
6.1640625,14152.0,0.929315447807312
6.1640625,14152.0,0.9293387532234192
6.1640625,14152.0,0.9293625354766846
6.1640625,14152.0,0.9293885231018066
6.1640625,14152.0,0.92941814661026
6.1640625,14152.0,0.929442286491394
6.1640625,14152.0,0.9294689893722534
6.1640625,14152.0,0.929491400718689
6.1640625,14152.0,0.9295201897621155
6.16796875,14152.0,0.9295433163642883
6.16796875,14152.0,0.9295700192451477
6.16796875,14152.0,0.9295941591262817
6.16796875,14152.0,0.9296187162399292
6.16796875,14152.0,0.9296427369117737
6.171875,14152.0,0.929671049118042
6.171875,14152.0,0.929698646068573
6.171875,14152.0,0.9297268986701965
6.17578125,14152.0,0.929750382900238
6.17578125,14152.0,0.929775595664978
6.17578125,14152.0,0.9298016428947449
6.1796875,14152.0,0.9298281669616699
6.1796875,14152.0,0.9298549294471741
6.18359375,14152.0,0.9298812747001648
6.18359375,14152.0,0.9299092292785645
6.1875,14152.0,0.9299370646476746
6.1875,14160.0,0.9299601316452026
6.19140625,14160.0,0.9299835562705994
6.19140625,14160.0,0.9300062656402588
6.1953125,14160.0,0.9300305843353271
6.1953125,14160.0,0.930056095123291
6.19921875,14160.0,0.9300793409347534
6.19921875,14160.0,0.9301015138626099
6.203125,14160.0,0.9301255345344543
6.20703125,14160.0,0.9301519393920898
6.2109375,14160.0,0.9301792979240417
6.2109375,14160.0,0.930204451084137
6.21484375,14160.0,0.9302271604537964
6.21875,14160.0,0.9302504658699036
6.22265625,14160.0,0.9302738308906555
6.22265625,14160.0,0.9302998781204224
6.2265625,14160.0,0.9303238987922668
6.23046875,14160.0,0.9303480982780457
6.234375,14160.0,0.9303728938102722
6.23828125,14160.0,0.9303972125053406
6.2421875,14160.0,0.9304238557815552
6.24609375,14160.0,0.9304506778717041
6.25,14160.0,0.9304761290550232
6.25390625,14160.0,0.930503249168396
6.2578125,14160.0,0.9305274486541748
6.26171875,14160.0,0.9305534362792969
6.265625,14160.0,0.930578351020813
6.26953125,14160.0,0.930602490901947
6.27734375,14160.0,0.9306278228759766
6.28125,14160.0,0.9306545853614807
6.28515625,14160.0,0.930680513381958
6.2890625,14160.0,0.9307058453559875
6.296875,14160.0,0.930728554725647
6.30078125,14160.0,0.9307510256767273
6.3046875,14160.0,0.9307749271392822
6.30859375,14160.0,0.930799663066864
6.31640625,14160.0,0.930823564529419
6.3203125,14160.0,0.93085116147995
6.32421875,14160.0,0.9308760166168213
6.33203125,14160.0,0.9309004545211792
6.3359375,14160.0,0.9309262633323669
6.34375,14160.0,0.9309519529342651
6.34765625,14160.0,0.9309751391410828
6.35546875,14160.0,0.9310046434402466
6.359375,14160.0,0.9310294389724731
6.3671875,14160.0,0.9310519695281982
6.37109375,14160.0,0.9310764074325562
6.37890625,14160.0,0.9311027526855469
6.38671875,14160.0,0.931128740310669
6.390625,14160.0,0.9311531186103821
6.3984375,14160.0,0.9311769604682922
6.40234375,14160.0,0.9312036037445068
6.41015625,14160.0,0.931226372718811
6.41796875,14160.0,0.9312533140182495
6.421875,14160.0,0.9312781095504761
6.4296875,14160.0,0.9313035607337952
6.4375,14160.0,0.9313290119171143
6.44140625,14160.0,0.9313538074493408
6.44921875,14160.0,0.9313789010047913
6.45703125,14160.0,0.9314061403274536
6.46484375,14160.0,0.9314296245574951
6.47265625,14160.0,0.9314571022987366
6.4765625,14160.0,0.9314793348312378
6.484375,14160.0,0.9315068125724792
6.4921875,14160.0,0.9315328598022461
6.5,14160.0,0.9315552115440369
6.5078125,14160.0,0.9315773844718933
6.51171875,14160.0,0.9316009283065796
6.5234375,14160.0,0.9316322207450867
6.53125,14160.0,0.931657075881958
6.5390625,14160.0,0.9316800236701965
6.54296875,14160.0,0.9317017793655396
6.55078125,14160.0,0.9317336678504944
6.5625,14160.0,0.9317543506622314
6.56640625,14160.0,0.9317754507064819
6.57421875,14160.0,0.9317973852157593
6.58203125,14160.0,0.9318207502365112
6.58984375,14160.0,0.9318436980247498
6.59765625,14160.0,0.9318680167198181
6.60546875,14160.0,0.9318907856941223
6.609375,14160.0,0.931914210319519
6.6171875,14160.0,0.9319359660148621
6.62890625,14160.0,0.9319620728492737
6.6328125,14160.0,0.931984007358551
6.640625,14160.0,0.9320076107978821
6.65234375,14160.0,0.9320362210273743
6.66015625,14160.0,0.9320611953735352
6.66796875,14160.0,0.9320871233940125
6.67578125,14168.0,0.9321107268333435
6.68359375,14168.0,0.932134747505188
6.69140625,14168.0,0.932156503200531
6.703125,14168.0,0.9321812391281128
6.7109375,14168.0,0.9322124719619751
6.71875,14168.0,0.9322361946105957
6.7265625,14168.0,0.9322583675384521
6.73828125,14168.0,0.9322826266288757
6.74609375,14168.0,0.9323053359985352
6.75390625,14168.0,0.9323371052742004
6.765625,14168.0,0.9323629140853882
6.7734375,14168.0,0.9323835372924805
6.78125,14168.0,0.9324070811271667
6.7890625,14168.0,0.9324285984039307
6.80078125,14168.0,0.9324532747268677
6.80859375,14168.0,0.9324780106544495
6.81640625,14168.0,0.9325001835823059
6.82421875,14168.0,0.932523787021637
6.83203125,14168.0,0.932548999786377
6.84375,14168.0,0.9325748085975647
6.8515625,14168.0,0.9326010942459106
6.86328125,14168.0,0.9326285123825073
6.87109375,14168.0,0.932650625705719
6.87890625,14168.0,0.9326770305633545
6.890625,14168.0,0.93270343542099
6.8984375,14168.0,0.9327265024185181
6.91015625,14168.0,0.9327525496482849
6.921875,14168.0,0.9327835440635681
6.9296875,14168.0,0.9328043460845947
6.9375,14168.0,0.9328318238258362
6.9453125,14168.0,0.9328532218933105
6.953125,14168.0,0.9328758716583252
6.96484375,14168.0,0.9329007267951965
6.97265625,14168.0,0.9329224228858948
6.98046875,14168.0,0.9329463839530945
6.98828125,14168.0,0.9329733848571777
7.0,14168.0,0.9330043196678162
7.01171875,14168.0,0.9330304265022278
7.01953125,14168.0,0.9330514073371887
7.02734375,14168.0,0.9330745339393616
7.03515625,14168.0,0.9330967664718628
7.04296875,14168.0,0.9331204891204834
7.05078125,14168.0,0.9331420063972473
7.0625,14168.0,0.933167576789856
7.0703125,14168.0,0.933192253112793
7.078125,14168.0,0.9332137107849121
7.0859375,14168.0,0.9332372546195984
7.09375,14168.0,0.933259904384613
7.1015625,14168.0,0.9332841038703918
7.11328125,14168.0,0.933312177658081
7.12109375,14168.0,0.9333345890045166
7.12890625,14168.0,0.9333559274673462
7.13671875,14168.0,0.9333822727203369
7.14453125,14168.0,0.9334056377410889
7.15234375,14168.0,0.9334285259246826
7.16015625,14168.0,0.9334551692008972
7.16796875,14168.0,0.9334784746170044
7.1796875,14168.0,0.933502733707428
7.1875,14168.0,0.9335249662399292
7.1953125,14168.0,0.9335507154464722
7.203125,14168.0,0.9335752725601196
7.2109375,14168.0,0.9336039423942566
7.21875,14168.0,0.9336258769035339
7.2265625,14168.0,0.933649480342865
7.23828125,14168.0,0.9336760640144348
7.24609375,14168.0,0.9337016344070435
7.25390625,14168.0,0.9337233901023865
7.2578125,14168.0,0.9337472915649414
7.26953125,14168.0,0.9337752461433411
7.27734375,14168.0,0.9337970614433289
7.28125,14168.0,0.9338193535804749
7.2890625,14168.0,0.9338444471359253
7.296875,14168.0,0.9338688254356384
7.30859375,14168.0,0.9338954091072083
7.31640625,14168.0,0.9339215159416199
7.32421875,14168.0,0.9339434504508972
7.33203125,14168.0,0.9339696168899536
7.33984375,14168.0,0.9339981079101562
7.34765625,14168.0,0.9340173602104187
7.3515625,14168.0,0.9340420961380005
7.36328125,14168.0,0.9340671896934509
7.3671875,14168.0,0.9340900182723999
7.375,14168.0,0.934116005897522
7.3828125,14168.0,0.9341404438018799
7.390625,14168.0,0.9341639876365662
7.3984375,14168.0,0.9341945648193359
7.40625,14168.0,0.9342130422592163
7.41015625,14168.0,0.9342325329780579
7.41796875,14168.0,0.9342548847198486
7.421875,14176.0,0.9342766404151917
7.4296875,14176.0,0.9343005418777466
7.43359375,14176.0,0.9343221783638
7.44140625,14176.0,0.9343539476394653
7.44921875,14176.0,0.9343777298927307
7.45703125,14176.0,0.934400200843811
7.4609375,14176.0,0.9344220757484436
7.46875,14176.0,0.9344449043273926
7.47265625,14176.0,0.9344689846038818
7.48046875,14176.0,0.9344943165779114
7.484375,14176.0,0.9345203638076782
7.4921875,14176.0,0.9345480799674988
7.5,14176.0,0.9345741271972656
7.50390625,14176.0,0.934598445892334
7.51171875,14176.0,0.9346227645874023
7.515625,14176.0,0.9346480965614319
7.5234375,14176.0,0.934673011302948
7.52734375,14176.0,0.9346957206726074
7.53515625,14176.0,0.9347181916236877
7.5390625,14176.0,0.9347442984580994
7.54296875,14176.0,0.9347677230834961
7.55078125,14176.0,0.9347906708717346
7.5546875,14176.0,0.9348236918449402
7.5625,14176.0,0.9348434805870056
7.56640625,14176.0,0.9348598718643188
7.56640625,14176.0,0.934878945350647
7.57421875,14176.0,0.9349027872085571
7.578125,14176.0,0.9349265694618225
7.58203125,14176.0,0.9349483251571655
7.5859375,14176.0,0.9349759817123413
7.58984375,14176.0,0.935004472732544
7.59375,14176.0,0.9350271224975586
7.59765625,14176.0,0.9350516200065613
7.6015625,14176.0,0.9350748658180237
7.609375,14176.0,0.9351000785827637
7.61328125,14176.0,0.9351255893707275
7.6171875,14176.0,0.9351482391357422
7.6171875,14176.0,0.9351716041564941
7.62109375,14176.0,0.9351946115493774
7.625,14176.0,0.9352215528488159
7.62890625,14176.0,0.9352468848228455
7.6328125,14176.0,0.9352723360061646
7.63671875,14176.0,0.9352974891662598
7.640625,14176.0,0.9353227019309998
7.64453125,14176.0,0.9353460669517517
7.64453125,14176.0,0.9353750944137573
7.6484375,14176.0,0.9354032874107361
7.65234375,14176.0,0.9354263544082642
7.65625,14176.0,0.9354508519172668
7.65625,14176.0,0.9354722499847412
7.66015625,14176.0,0.935497522354126
7.6640625,14176.0,0.9355301260948181
7.6640625,14176.0,0.9355497360229492
7.66796875,14176.0,0.9355723261833191
7.66796875,14176.0,0.9355961084365845
7.671875,14176.0,0.9356241226196289
7.671875,14176.0,0.9356468319892883
7.67578125,14176.0,0.9356796145439148
7.67578125,14176.0,0.9357051253318787
7.6796875,14176.0,0.935726523399353
7.6796875,14176.0,0.9357497692108154
7.68359375,14176.0,0.9357720017433167
7.68359375,14176.0,0.935795247554779
7.68359375,14176.0,0.9358189105987549
7.68359375,14176.0,0.9358470439910889
7.6875,14176.0,0.9358724355697632
7.6875,14176.0,0.935894787311554
7.6875,14176.0,0.9359217286109924
7.6875,14176.0,0.9359439611434937
7.69140625,14176.0,0.9359706044197083
7.69140625,14176.0,0.9359965920448303
7.69140625,14176.0,0.9360231161117554
7.69140625,14176.0,0.936048686504364
7.69140625,14176.0,0.9360713362693787
7.69140625,14176.0,0.9360926151275635
7.69140625,14176.0,0.9361177086830139
7.69140625,14176.0,0.9361413717269897
7.69140625,14176.0,0.936166524887085
7.69140625,14176.0,0.9361926317214966
7.69140625,14176.0,0.9362127184867859
7.69140625,14176.0,0.9362361431121826
7.69140625,14176.0,0.9362654685974121
7.69140625,14176.0,0.936291515827179
7.69140625,14176.0,0.9363111853599548
7.69140625,14176.0,0.9363343715667725
7.6875,14176.0,0.9363558888435364
7.6875,14176.0,0.9363788366317749
7.6875,14176.0,0.936401903629303
7.6875,14176.0,0.9364262223243713
7.6875,14184.0,0.9364543557167053
7.68359375,14184.0,0.936475932598114
7.68359375,14184.0,0.9364980459213257
7.68359375,14184.0,0.9365212917327881
7.6796875,14184.0,0.9365440607070923
7.6796875,14184.0,0.9365693926811218
7.6796875,14184.0,0.9365940690040588
7.67578125,14184.0,0.9366183280944824
7.67578125,14184.0,0.9366424083709717
7.67578125,14184.0,0.9366658926010132
7.671875,14184.0,0.9366918206214905
7.671875,14184.0,0.9367163181304932
7.66796875,14184.0,0.9367440938949585
7.66796875,14184.0,0.9367660284042358
7.6640625,14184.0,0.9367867708206177
7.6640625,14184.0,0.9368093609809875
7.66015625,14184.0,0.9368340373039246
7.66015625,14184.0,0.9368573427200317
7.65625,14184.0,0.9368817210197449
7.65234375,14184.0,0.9369111657142639
7.65234375,14184.0,0.9369321465492249
7.6484375,14184.0,0.9369543790817261
7.6484375,14184.0,0.9369778633117676
7.64453125,14184.0,0.9370019435882568
7.640625,14184.0,0.9370229244232178
7.640625,14184.0,0.9370499849319458
7.63671875,14184.0,0.9370756149291992
7.6328125,14184.0,0.9370982050895691
7.6328125,14184.0,0.9371271133422852
7.62890625,14184.0,0.9371626377105713
7.625,14184.0,0.9371870756149292
7.62109375,14184.0,0.9372079968452454
7.62109375,14184.0,0.9372261166572571
7.6171875,14184.0,0.937248945236206
7.61328125,14184.0,0.9372731447219849
7.609375,14184.0,0.9372963309288025
7.609375,14184.0,0.9373177289962769
7.60546875,14184.0,0.9373427629470825
7.6015625,14184.0,0.9373684525489807
7.59765625,14184.0,0.9373993277549744
7.59375,14184.0,0.9374227523803711
7.58984375,14184.0,0.9374452829360962
7.5859375,14184.0,0.9374769926071167
7.58203125,14184.0,0.9374986886978149
7.578125,14184.0,0.937522292137146
7.57421875,14184.0,0.9375431537628174
7.5703125,14184.0,0.9375600218772888
7.56640625,14184.0,0.9375827312469482
7.5625,14184.0,0.9376071095466614
7.55859375,14184.0,0.9376295208930969
7.5546875,14184.0,0.9376523494720459
7.55078125,14184.0,0.9376794099807739
7.546875,14184.0,0.9377025365829468
7.54296875,14184.0,0.9377257823944092
7.5390625,14184.0,0.9377486705780029
7.53515625,14184.0,0.9377720355987549
7.53125,14184.0,0.9377956986427307
7.52734375,14184.0,0.9378186464309692
7.51953125,14184.0,0.937842607498169
7.515625,14184.0,0.937867283821106
7.51171875,14184.0,0.9378893375396729
7.5078125,14184.0,0.9379129409790039
7.50390625,14184.0,0.9379355311393738
7.49609375,14184.0,0.9379597306251526
7.4921875,14184.0,0.9379825592041016
7.48828125,14184.0,0.9380059242248535
7.48046875,14184.0,0.9380284547805786
7.4765625,14184.0,0.93805330991745
7.46875,14184.0,0.938076376914978
7.46484375,14184.0,0.9381005764007568
7.4609375,14184.0,0.9381241798400879
7.453125,14184.0,0.938147246837616
7.44921875,14184.0,0.9381710290908813
7.44140625,14184.0,0.9381934404373169
7.4375,14184.0,0.9382160902023315
7.4296875,14184.0,0.9382397532463074
7.42578125,14184.0,0.9382616281509399
7.41796875,14184.0,0.9382864236831665
7.4140625,14184.0,0.9383100271224976
7.40625,14184.0,0.9383373856544495
7.3984375,14184.0,0.9383593201637268
7.39453125,14184.0,0.9383838176727295
7.38671875,14184.0,0.9384102821350098
7.37890625,14184.0,0.9384344220161438
7.37109375,14184.0,0.9384620189666748
7.36328125,14184.0,0.9384850263595581
7.359375,14184.0,0.938504159450531
7.3515625,14184.0,0.938527524471283
7.34765625,14184.0,0.938552975654602
7.3359375,14184.0,0.938582718372345
7.328125,14192.0,0.9386066794395447
7.3203125,14192.0,0.9386307597160339
7.31640625,14192.0,0.9386541843414307
7.30859375,14192.0,0.9386765956878662
7.30078125,14192.0,0.9386996626853943
7.29296875,14192.0,0.9387229084968567
7.28515625,14192.0,0.9387477040290833
7.27734375,14192.0,0.9387736320495605
7.2734375,14192.0,0.9387958645820618
7.265625,14192.0,0.9388207197189331
7.2578125,14192.0,0.938841700553894
7.25,14192.0,0.9388673901557922
7.2421875,14192.0,0.9388935565948486
7.234375,14192.0,0.9389158487319946
7.2265625,14192.0,0.9389395117759705
7.21875,14192.0,0.9389631748199463
7.2109375,14192.0,0.9389864206314087
7.203125,14192.0,0.9390107989311218
7.1953125,14192.0,0.9390333890914917
7.1875,14192.0,0.9390563368797302
7.1796875,14192.0,0.939080536365509
7.171875,14192.0,0.939103364944458
7.1640625,14192.0,0.9391272068023682
7.15625,14192.0,0.9391489624977112
7.1484375,14192.0,0.9391733407974243
7.140625,14192.0,0.9391956329345703
7.1328125,14192.0,0.9392181634902954
7.125,14192.0,0.939238965511322
7.1171875,14192.0,0.9392687082290649
7.10546875,14192.0,0.9392922520637512
7.1015625,14192.0,0.9393125772476196
7.09375,14192.0,0.9393362402915955
7.0859375,14192.0,0.9393598437309265
7.078125,14192.0,0.9393821954727173
7.0703125,14192.0,0.9394075870513916
7.05859375,14192.0,0.9394322037696838
7.05078125,14192.0,0.9394583702087402
7.04296875,14192.0,0.9394804239273071
7.03515625,14192.0,0.939503014087677
7.02734375,14192.0,0.9395289421081543
7.015625,14192.0,0.9395545125007629
7.00390625,14192.0,0.9395867586135864
6.99609375,14192.0,0.9396088719367981
6.98828125,14192.0,0.9396317005157471
6.98046875,14192.0,0.9396540522575378
6.97265625,14192.0,0.9396765828132629
6.96484375,14192.0,0.9396992921829224
6.95703125,14192.0,0.9397218823432922
6.94921875,14192.0,0.9397450089454651
6.9375,14192.0,0.9397709965705872
6.9296875,14192.0,0.9397966861724854
6.91796875,14192.0,0.9398233294487
6.91015625,14192.0,0.9398486018180847
6.90234375,14192.0,0.9398727416992188
6.89453125,14192.0,0.9398947358131409
6.8828125,14192.0,0.9399200081825256
6.875,14192.0,0.939944863319397
6.8671875,14192.0,0.9399709701538086
6.85546875,14192.0,0.9399965405464172
6.84375,14192.0,0.94002765417099
6.8359375,14192.0,0.9400519728660583
6.828125,14192.0,0.940077006816864
6.8203125,14192.0,0.9401023983955383
6.8125,14192.0,0.9401243329048157
6.80078125,14192.0,0.9401476979255676
6.79296875,14192.0,0.9401724934577942
6.78515625,14192.0,0.9401993751525879
6.77734375,14192.0,0.940220832824707
6.76953125,14192.0,0.9402453303337097
6.7578125,14192.0,0.9402695894241333
6.75,14192.0,0.940293550491333
6.7421875,14192.0,0.9403203129768372
6.73046875,14192.0,0.9403451681137085
6.72265625,14192.0,0.9403677582740784
6.71484375,14192.0,0.9403910636901855
6.70703125,14192.0,0.9404134750366211
6.69921875,14192.0,0.9404386878013611
6.69140625,14192.0,0.9404625296592712
6.68359375,14192.0,0.9404869079589844
6.67578125,14192.0,0.9405122995376587
6.66796875,14192.0,0.9405336976051331
6.65625,14192.0,0.9405596256256104
6.6484375,14192.0,0.9405845403671265
6.640625,14192.0,0.9406147003173828
6.6328125,14192.0,0.940636157989502
6.625,14192.0,0.9406585097312927
6.6171875,14192.0,0.940679669380188
6.609375,14192.0,0.940703809261322
6.6015625,14192.0,0.9407292008399963
6.59375,14192.0,0.940754771232605
6.5859375,14200.0,0.9407793283462524
6.578125,14200.0,0.9408050775527954
6.56640625,14200.0,0.9408305287361145
6.55859375,14200.0,0.9408532381057739
6.55078125,14200.0,0.9408758282661438
6.54296875,14200.0,0.9409018754959106
6.53515625,14200.0,0.9409261345863342
6.52734375,14200.0,0.9409521222114563
6.51953125,14200.0,0.9409786462783813
6.51171875,14200.0,0.9410050511360168
6.50390625,14200.0,0.9410289525985718
6.49609375,14200.0,0.941055178642273
6.48828125,14200.0,0.9410768151283264
6.48046875,14200.0,0.9410998225212097
6.47265625,14200.0,0.9411259293556213
6.46875,14200.0,0.9411497116088867
6.4609375,14200.0,0.9411755800247192
6.453125,14200.0,0.9412006735801697
6.4453125,14200.0,0.9412237405776978
6.4375,14200.0,0.9412481784820557
6.4296875,14200.0,0.9412756562232971
6.421875,14200.0,0.9413129687309265
6.4140625,14200.0,0.9413365125656128
6.40625,14200.0,0.9413596987724304
6.40234375,14200.0,0.9413831830024719
6.39453125,14200.0,0.9414096474647522
6.38671875,14200.0,0.941434919834137
6.37890625,14200.0,0.941457986831665
6.375,14200.0,0.941481351852417
6.37109375,14200.0,0.9415047764778137
6.36328125,14200.0,0.9415265321731567
6.35546875,14200.0,0.9415522217750549
6.3515625,14200.0,0.9415780305862427
6.34375,14200.0,0.9416025280952454
6.33984375,14200.0,0.941627025604248
6.33203125,14200.0,0.9416497945785522
6.328125,14200.0,0.94167160987854
6.32421875,14200.0,0.9416950345039368
6.31640625,14200.0,0.9417212009429932
6.3125,14200.0,0.9417461156845093
6.30859375,14200.0,0.9417704939842224
6.30078125,14200.0,0.941798746585846
6.296875,14200.0,0.94182288646698
6.2890625,14200.0,0.941845715045929
6.28515625,14200.0,0.9418696165084839
6.28125,14200.0,0.9418941140174866
6.27734375,14200.0,0.9419205784797668
6.26953125,14200.0,0.9419453740119934
6.265625,14200.0,0.9419708847999573
6.26171875,14200.0,0.9419924020767212
6.2578125,14200.0,0.9420187473297119
6.25390625,14200.0,0.9420487880706787
6.25,14200.0,0.9420744180679321
6.24609375,14200.0,0.9420973658561707
6.2421875,14200.0,0.9421202540397644
6.23828125,14200.0,0.9421441555023193
6.23046875,14200.0,0.9421762824058533
6.2265625,14200.0,0.9422012567520142
6.22265625,14200.0,0.9422271251678467
6.21875,14200.0,0.9422523379325867
6.21484375,14200.0,0.9422749876976013
6.2109375,14200.0,0.9423062205314636
6.2109375,14200.0,0.9423313140869141
6.20703125,14200.0,0.9423568248748779
6.203125,14200.0,0.9423795342445374
6.19921875,14200.0,0.9424049258232117
6.1953125,14200.0,0.9424290060997009
6.19140625,14200.0,0.9424556493759155
6.19140625,14200.0,0.9424786567687988
6.1875,14200.0,0.9425019025802612
6.18359375,14200.0,0.9425264596939087
6.18359375,14200.0,0.9425495266914368
6.1796875,14200.0,0.94257652759552
6.17578125,14200.0,0.94260174036026
6.17578125,14200.0,0.9426239728927612
6.171875,14200.0,0.942647397518158
6.171875,14200.0,0.9426695704460144
6.16796875,14200.0,0.94269198179245
6.16796875,14200.0,0.9427153468132019
6.1640625,14200.0,0.9427392482757568
6.1640625,14200.0,0.9427672624588013
6.16015625,14200.0,0.9427940845489502
6.16015625,14200.0,0.9428197145462036
6.15625,14200.0,0.9428437352180481
6.15625,14200.0,0.9428671002388
6.15625,14200.0,0.9428942799568176
6.15234375,14200.0,0.9429236650466919
6.15234375,14208.0,0.9429466724395752
6.15234375,14208.0,0.9429687857627869
6.1484375,14208.0,0.942992091178894
6.1484375,14208.0,0.9430147409439087
6.1484375,14208.0,0.9430393576622009
6.1484375,14208.0,0.9430655241012573
6.14453125,14208.0,0.9430879950523376
6.14453125,14208.0,0.9431101679801941
6.14453125,14208.0,0.9431359171867371
6.14453125,14208.0,0.9431613087654114
6.14453125,14208.0,0.9431849122047424
6.14453125,14208.0,0.9432133436203003
6.14453125,14208.0,0.9432350993156433
6.14453125,14208.0,0.9432582259178162
6.14453125,14208.0,0.9432812333106995
6.14453125,14208.0,0.9433041214942932
6.14453125,14208.0,0.9433289170265198
6.14453125,14208.0,0.9433510303497314
6.14453125,14208.0,0.9433767199516296
6.14453125,14208.0,0.9434023499488831
6.14453125,14208.0,0.9434235095977783
6.14453125,14208.0,0.9434456825256348
6.14453125,14208.0,0.943468451499939
6.14453125,14208.0,0.9434918165206909
6.1484375,14208.0,0.9435153007507324
6.1484375,14208.0,0.9435396790504456
6.1484375,14208.0,0.9435642957687378
6.1484375,14208.0,0.9435872435569763
6.15234375,14208.0,0.9436133503913879
6.15234375,14208.0,0.943638265132904
6.15625,14208.0,0.9436635971069336
6.15625,14208.0,0.9436902403831482
6.16015625,14208.0,0.9437136650085449
6.16015625,14208.0,0.9437391757965088
6.1640625,14208.0,0.9437665939331055
6.1640625,14208.0,0.9437901973724365
6.16796875,14208.0,0.9438143968582153
6.16796875,14208.0,0.9438390731811523
6.171875,14208.0,0.9438631534576416
6.171875,14208.0,0.9438884854316711
6.17578125,14208.0,0.9439125657081604
6.1796875,14208.0,0.9439411759376526
6.1796875,14208.0,0.9439689517021179
6.18359375,14208.0,0.9439932107925415
6.1875,14208.0,0.9440158605575562
6.1875,14208.0,0.9440406560897827
6.19140625,14208.0,0.9440653920173645
6.1953125,14208.0,0.9440920352935791
6.19921875,14208.0,0.9441130757331848
6.19921875,14208.0,0.9441375732421875
6.203125,14208.0,0.9441608786582947
6.20703125,14208.0,0.9441859126091003
6.2109375,14208.0,0.9442130923271179
6.21484375,14208.0,0.9442417621612549
6.21484375,14208.0,0.9442543387413025
6.21875,14208.0,0.9442775249481201
6.22265625,14208.0,0.9443042278289795
6.2265625,14208.0,0.9443273544311523
6.23046875,14208.0,0.94435054063797
6.234375,14208.0,0.9443765878677368
6.23828125,14208.0,0.9444014430046082
6.2421875,14208.0,0.9444273710250854
6.24609375,14208.0,0.9444531202316284
6.25,14208.0,0.9444794058799744
6.25390625,14208.0,0.9445040822029114
6.2578125,14208.0,0.9445260167121887
6.26171875,14208.0,0.9445487260818481
6.265625,14208.0,0.9445711374282837
6.26953125,14208.0,0.9445990324020386
6.2734375,14208.0,0.9446241855621338
6.27734375,14208.0,0.9446468353271484
6.28125,14208.0,0.944671630859375
6.28515625,14208.0,0.944696307182312
6.29296875,14208.0,0.9447262287139893
6.29296875,14208.0,0.9447429180145264
6.296875,14208.0,0.944756805896759
6.30078125,14208.0,0.9447787404060364
6.3046875,14208.0,0.9448018074035645
6.30859375,14208.0,0.9448264241218567
6.3125,14208.0,0.9448510408401489
6.31640625,14208.0,0.9448769092559814
6.32421875,14208.0,0.9449020624160767
6.328125,14208.0,0.944927453994751
6.33203125,14208.0,0.9449499249458313
6.3359375,14208.0,0.9449772238731384
6.34375,14208.0,0.945002019405365
6.34765625,14208.0,0.9450243711471558
6.3515625,14208.0,0.9450503587722778
6.359375,14208.0,0.9450817704200745
6.36328125,14208.0,0.9451045393943787
6.3671875,14216.0,0.9451272487640381
6.375,14216.0,0.9451523423194885
6.37890625,14216.0,0.9451786279678345
6.3828125,14216.0,0.9452031254768372
6.390625,14216.0,0.9452279806137085
6.39453125,14216.0,0.9452508687973022
6.40234375,14216.0,0.9452754259109497
6.40625,14216.0,0.9453109502792358
6.4140625,14216.0,0.9453349709510803
6.41796875,14216.0,0.9453513026237488
6.421875,14216.0,0.945365846157074
6.42578125,14216.0,0.9453868269920349
6.4296875,14216.0,0.9454081058502197
6.4375,14216.0,0.9454307556152344
6.44140625,14216.0,0.9454565048217773
6.4453125,14216.0,0.9454795718193054
6.453125,14216.0,0.9455023407936096
6.45703125,14216.0,0.945527970790863
6.46484375,14216.0,0.9455583691596985
6.46875,14216.0,0.9455763101577759
6.4765625,14216.0,0.9455989003181458
6.48046875,14216.0,0.9456217885017395
6.48828125,14216.0,0.9456437230110168
6.4921875,14216.0,0.9456667900085449
6.49609375,14216.0,0.9456897974014282
6.50390625,14216.0,0.945716381072998
6.5078125,14216.0,0.9457383155822754
6.515625,14216.0,0.9457604885101318
6.51953125,14216.0,0.9457848072052002
6.52734375,14216.0,0.9458088874816895
6.53515625,14216.0,0.9458390474319458
6.5390625,14216.0,0.9458523392677307
6.54296875,14216.0,0.9458743333816528
6.55078125,14216.0,0.945896565914154
6.55859375,14216.0,0.9459212422370911
6.5625,14216.0,0.9459434151649475
6.5703125,14216.0,0.9459677934646606
6.57421875,14216.0,0.9459920525550842
6.58203125,14216.0,0.9460165500640869
6.58984375,14216.0,0.9460424184799194
6.59765625,14216.0,0.9460663795471191
6.6015625,14216.0,0.946087658405304
6.609375,14216.0,0.946111798286438
6.6171875,14216.0,0.9461370706558228
6.62109375,14216.0,0.9461623430252075
6.62890625,14216.0,0.946186363697052
6.63671875,14216.0,0.9462125897407532
6.64453125,14216.0,0.9462376832962036
6.65234375,14216.0,0.946263313293457
6.66015625,14216.0,0.9462907910346985
6.66796875,14216.0,0.9463138580322266
6.671875,14216.0,0.9463387131690979
6.6796875,14216.0,0.9463677406311035
6.69140625,14216.0,0.9463933110237122
6.69921875,14216.0,0.9464176297187805
6.703125,14216.0,0.9464393258094788
6.7109375,14216.0,0.9464641213417053
6.71875,14216.0,0.9464878439903259
6.7265625,14216.0,0.9465100169181824
6.734375,14216.0,0.9465341567993164
6.7421875,14216.0,0.9465609788894653
6.75,14216.0,0.9465852379798889
6.7578125,14216.0,0.9466090798377991
6.765625,14216.0,0.9466327428817749
6.7734375,14216.0,0.9466690421104431
6.78515625,14216.0,0.9466955065727234
6.79296875,14216.0,0.9467172622680664
6.80078125,14216.0,0.9467389583587646
6.80859375,14216.0,0.9467581510543823
6.81640625,14216.0,0.9467802047729492
6.8203125,14216.0,0.9468029737472534
6.83203125,14216.0,0.946826696395874
6.8359375,14216.0,0.9468493461608887
6.84375,14216.0,0.9468720555305481
6.8515625,14216.0,0.9468948245048523
6.859375,14216.0,0.9469177722930908
6.8671875,14216.0,0.9469407200813293
6.87890625,14216.0,0.9469649791717529
6.88671875,14216.0,0.9469906091690063
6.89453125,14216.0,0.9470140933990479
6.90234375,14216.0,0.9470359683036804
6.91015625,14216.0,0.9470595717430115
6.91796875,14216.0,0.9470821619033813
6.92578125,14216.0,0.947105348110199
6.93359375,14216.0,0.9471274018287659
6.94140625,14216.0,0.9471498131752014
6.94921875,14216.0,0.9471716284751892
6.9609375,14216.0,0.9472013711929321
6.96875,14216.0,0.9472234845161438
6.98046875,14216.0,0.9472540616989136
6.98828125,14224.0,0.9472784996032715
6.99609375,14224.0,0.94730144739151
7.00390625,14224.0,0.9473236799240112
7.01171875,14224.0,0.9473479986190796
7.01953125,14224.0,0.9473698139190674
7.02734375,14224.0,0.9473944306373596
7.03515625,14224.0,0.9474154114723206
7.04296875,14224.0,0.9474402666091919
7.0546875,14224.0,0.9474636912345886
7.0625,14224.0,0.9474873542785645
7.0703125,14224.0,0.9475106596946716
7.078125,14224.0,0.9475315809249878
7.0859375,14224.0,0.9475603103637695
7.09765625,14224.0,0.9475906491279602
7.10546875,14224.0,0.9476157426834106
7.11328125,14224.0,0.9476377367973328
7.12109375,14224.0,0.9476597905158997
7.12890625,14224.0,0.9476818442344666
7.13671875,14224.0,0.9477049112319946
7.14453125,14224.0,0.9477275609970093
7.15625,14224.0,0.9477548599243164
7.16015625,14224.0,0.9477757811546326
7.171875,14224.0,0.9477991461753845
7.1796875,14224.0,0.9478217959403992
7.1875,14224.0,0.9478465914726257
7.1953125,14224.0,0.9478743076324463
7.203125,14224.0,0.9478989243507385
7.2109375,14224.0,0.9479221701622009
7.22265625,14224.0,0.9479490518569946
7.23046875,14224.0,0.9479759335517883
7.23828125,14224.0,0.9479992389678955
7.24609375,14224.0,0.9480201005935669
7.25390625,14224.0,0.9480424523353577
7.26171875,14224.0,0.948067307472229
7.26953125,14224.0,0.9480926990509033
7.27734375,14224.0,0.9481143951416016
7.28515625,14224.0,0.948136031627655
7.29296875,14224.0,0.9481587409973145
7.30078125,14224.0,0.9481815695762634
7.3046875,14224.0,0.9482050538063049
7.31640625,14224.0,0.9482353329658508
7.32421875,14224.0,0.9482569694519043
7.33203125,14224.0,0.948279857635498
7.33984375,14224.0,0.9483015537261963
7.34375,14224.0,0.9483230710029602
7.3515625,14224.0,0.9483482241630554
7.36328125,14224.0,0.9483763575553894
7.3671875,14224.0,0.9483973383903503
7.375,14224.0,0.9484196305274963
7.3828125,14224.0,0.9484426379203796
7.390625,14224.0,0.9484643936157227
7.3984375,14224.0,0.9484880566596985
7.40625,14224.0,0.9485154747962952
7.41015625,14224.0,0.948537290096283
7.41796875,14224.0,0.9485691785812378
7.4296875,14224.0,0.9485959410667419
7.43359375,14224.0,0.9486182928085327
7.44140625,14224.0,0.948639452457428
7.44921875,14224.0,0.9486638307571411
7.45703125,14224.0,0.9486889243125916
7.4609375,14224.0,0.9487106800079346
7.46875,14224.0,0.9487332105636597
7.47265625,14224.0,0.9487550854682922
7.48046875,14224.0,0.9487775564193726
7.48828125,14224.0,0.9487997889518738
7.4921875,14224.0,0.9488251805305481
7.5,14224.0,0.948850691318512
7.5078125,14224.0,0.9488725662231445
7.51171875,14224.0,0.9488959908485413
7.51953125,14224.0,0.9489173889160156
7.5234375,14224.0,0.9489427804946899
7.53125,14224.0,0.9489659667015076
7.5390625,14224.0,0.9489922523498535
7.54296875,14224.0,0.9490208625793457
7.5546875,14224.0,0.9490517973899841
7.55859375,14224.0,0.9490721821784973
7.5625,14224.0,0.9490947723388672
7.56640625,14224.0,0.9491167664527893
7.57421875,14224.0,0.9491403698921204
7.578125,14224.0,0.9491655230522156
7.58203125,14224.0,0.9491878151893616
7.58984375,14224.0,0.949211597442627
7.59375,14224.0,0.9492359757423401
7.59765625,14224.0,0.9492598176002502
7.6015625,14224.0,0.9492841362953186
7.609375,14224.0,0.9493110179901123
7.61328125,14224.0,0.949334442615509
7.6171875,14224.0,0.9493553638458252
7.62109375,14224.0,0.9493786096572876
7.625,14224.0,0.9494009613990784
7.62890625,14224.0,0.9494223594665527
7.63671875,14224.0,0.9494469165802002
7.640625,14232.0,0.9494697451591492
7.64453125,14232.0,0.9495013952255249
7.6484375,14232.0,0.9495251178741455
7.65234375,14232.0,0.9495480060577393
7.65625,14232.0,0.9495730400085449
7.66015625,14232.0,0.9495946764945984
7.6640625,14232.0,0.9496176838874817
7.66796875,14232.0,0.9496436715126038
7.66796875,14232.0,0.9496642351150513
7.671875,14232.0,0.949688732624054
7.67578125,14232.0,0.9497162699699402
7.6796875,14232.0,0.9497383832931519
7.6796875,14232.0,0.9497625827789307
7.68359375,14232.0,0.9497885704040527
7.6875,14232.0,0.949810266494751
7.69140625,14232.0,0.9498415589332581
7.69140625,14232.0,0.9498627185821533
7.6953125,14232.0,0.94988614320755
7.6953125,14232.0,0.9499096870422363
7.69921875,14232.0,0.9499323964118958
7.69921875,14232.0,0.9499577283859253
7.703125,14232.0,0.9499808549880981
7.703125,14232.0,0.9500068426132202
7.70703125,14232.0,0.9500311017036438
7.70703125,14232.0,0.9500526785850525
7.7109375,14232.0,0.950077474117279
7.7109375,14232.0,0.950099527835846
7.7109375,14232.0,0.9501215815544128
7.7109375,14232.0,0.9501444101333618
7.71484375,14232.0,0.9501672387123108
7.71484375,14232.0,0.9501936435699463
7.71484375,14232.0,0.9502151608467102
7.71875,14232.0,0.9502381682395935
7.71875,14232.0,0.9502596855163574
7.71875,14232.0,0.9502819776535034
7.71875,14232.0,0.9503026604652405
7.71875,14232.0,0.9503303170204163
7.71875,14232.0,0.9503554105758667
7.71875,14232.0,0.9503795504570007
7.71875,14232.0,0.9504061937332153
7.71875,14232.0,0.9504322409629822
7.71875,14232.0,0.9504560232162476
7.71875,14232.0,0.9504817724227905
7.71875,14232.0,0.9505046606063843
7.71875,14232.0,0.9505340456962585
7.71875,14232.0,0.9505558013916016
7.71875,14232.0,0.9505773782730103
7.71875,14232.0,0.9505993723869324
7.71484375,14232.0,0.9506216645240784
7.71484375,14232.0,0.9506444931030273
7.71484375,14232.0,0.9506678581237793
7.71484375,14232.0,0.9506940245628357
7.7109375,14232.0,0.9507165551185608
7.7109375,14232.0,0.9507449269294739
7.7109375,14232.0,0.9507656097412109
7.70703125,14232.0,0.9507887363433838
7.70703125,14232.0,0.9508130550384521
7.703125,14232.0,0.9508382081985474
7.703125,14232.0,0.9508624076843262
7.69921875,14232.0,0.9508880376815796
7.69921875,14232.0,0.9509130716323853
7.6953125,14232.0,0.9509342312812805
7.6953125,14232.0,0.9509574174880981
7.69140625,14232.0,0.9509788751602173
7.69140625,14232.0,0.9510065913200378
7.6875,14232.0,0.9510284066200256
7.68359375,14232.0,0.9510519504547119
7.68359375,14232.0,0.9510733485221863
7.6796875,14232.0,0.951099693775177
7.67578125,14232.0,0.9511241912841797
7.67578125,14232.0,0.9511507153511047
7.671875,14232.0,0.9511759281158447
7.66796875,14232.0,0.951200008392334
7.6640625,14232.0,0.9512240886688232
7.66015625,14232.0,0.9512448906898499
7.65625,14232.0,0.9512729048728943
7.65625,14232.0,0.9512961506843567
7.65234375,14232.0,0.9513196349143982
7.6484375,14232.0,0.9513437747955322
7.64453125,14232.0,0.951368510723114
7.640625,14232.0,0.9513947367668152
7.63671875,14232.0,0.9514177441596985
7.6328125,14232.0,0.9514412879943848
7.62890625,14232.0,0.9514646530151367
7.625,14232.0,0.9514868855476379
7.62109375,14232.0,0.951511025428772
7.61328125,14232.0,0.9515368938446045
7.609375,14232.0,0.9515627026557922
7.60546875,14232.0,0.9515885710716248
7.6015625,14232.0,0.9516139626502991
7.59765625,14240.0,0.9516355395317078
7.59375,14240.0,0.9516605138778687
7.5859375,14240.0,0.9516836404800415
7.58203125,14240.0,0.9517080783843994
7.578125,14240.0,0.951739490032196
7.5703125,14240.0,0.9517608284950256
7.56640625,14240.0,0.9517806172370911
7.5625,14240.0,0.9518010020256042
7.55859375,14240.0,0.9518221616744995
7.5546875,14240.0,0.9518451690673828
7.55078125,14240.0,0.9518693089485168
7.54296875,14240.0,0.9518925547599792
7.5390625,14240.0,0.9519182443618774
7.53125,14240.0,0.95194011926651
7.52734375,14240.0,0.9519654512405396
7.51953125,14240.0,0.9519938230514526
7.515625,14240.0,0.9520161151885986
7.5078125,14240.0,0.9520397186279297
7.50390625,14240.0,0.95206618309021
7.49609375,14240.0,0.9520912766456604
7.4921875,14240.0,0.9521135091781616
7.484375,14240.0,0.9521384239196777
7.4765625,14240.0,0.9521640539169312
7.47265625,14240.0,0.9521843194961548
7.46484375,14240.0,0.9522079229354858
7.4609375,14240.0,0.9522339701652527
7.453125,14240.0,0.9522591829299927
7.4453125,14240.0,0.9522815942764282
7.44140625,14240.0,0.9523065090179443
7.43359375,14240.0,0.9523277282714844
7.42578125,14240.0,0.9523515701293945
7.421875,14240.0,0.9523763060569763
7.4140625,14240.0,0.9523967504501343
7.40625,14240.0,0.9524202942848206
7.40234375,14240.0,0.9524438977241516
7.39453125,14240.0,0.9524693489074707
7.38671875,14240.0,0.9524928331375122
7.37890625,14240.0,0.9525146484375
7.375,14240.0,0.9525375366210938
7.3671875,14240.0,0.9525615572929382
7.359375,14240.0,0.9525874257087708
7.3515625,14240.0,0.9526090025901794
7.34375,14240.0,0.9526340365409851
7.3359375,14240.0,0.952662467956543
7.33203125,14240.0,0.9526827335357666
7.32421875,14240.0,0.9527043700218201
7.31640625,14240.0,0.9527260065078735
7.30859375,14240.0,0.952750563621521
7.30078125,14240.0,0.9527743458747864
7.296875,14240.0,0.9527948498725891
7.2890625,14240.0,0.9528196454048157
7.28125,14240.0,0.9528436660766602
7.2734375,14240.0,0.9528710246086121
7.265625,14240.0,0.9529021382331848
7.25390625,14240.0,0.9529231786727905
7.25,14240.0,0.9529434442520142
7.2421875,14240.0,0.9529656767845154
7.234375,14240.0,0.9529878497123718
7.2265625,14240.0,0.9530114531517029
7.22265625,14240.0,0.9530320763587952
7.21484375,14240.0,0.953056275844574
7.20703125,14240.0,0.9530826807022095
7.19921875,14240.0,0.9531037211418152
7.19140625,14240.0,0.9531288146972656
7.18359375,14240.0,0.9531540870666504
7.17578125,14240.0,0.953174889087677
7.171875,14240.0,0.9531974196434021
7.1640625,14240.0,0.9532195329666138
7.15625,14240.0,0.9532418251037598
7.1484375,14240.0,0.9532644152641296
7.14453125,14240.0,0.953286349773407
7.13671875,14240.0,0.9533105492591858
7.12890625,14240.0,0.953345000743866
7.1171875,14240.0,0.9533708691596985
7.109375,14240.0,0.9533957839012146
7.1015625,14240.0,0.9534165263175964
7.09765625,14240.0,0.9534376859664917
7.08984375,14240.0,0.9534675478935242
7.08203125,14240.0,0.9534891247749329
7.07421875,14240.0,0.9535105228424072
7.06640625,14240.0,0.9535340666770935
7.05859375,14240.0,0.9535607695579529
7.05078125,14240.0,0.9535902738571167
7.04296875,14240.0,0.9536128640174866
7.03515625,14240.0,0.9536396265029907
7.02734375,14240.0,0.9536640048027039
7.01953125,14240.0,0.9536898732185364
7.01171875,14240.0,0.9537122845649719
7.00390625,14240.0,0.9537349343299866
6.99609375,14240.0,0.9537572860717773
6.98828125,14240.0,0.9537816643714905
6.984375,14240.0,0.9538044929504395
6.9765625,14248.0,0.953830897808075
6.96875,14248.0,0.9538520574569702
6.9609375,14248.0,0.9538750052452087
6.953125,14248.0,0.9538959860801697
6.9453125,14248.0,0.9539222121238708
6.9375,14248.0,0.9539462924003601
6.93359375,14248.0,0.9539682269096375
6.92578125,14248.0,0.9539903998374939
6.91796875,14248.0,0.9540133476257324
6.91015625,14248.0,0.9540340304374695
6.90625,14248.0,0.9540582895278931
6.89453125,14248.0,0.9540827870368958
6.890625,14248.0,0.9541078805923462
6.8828125,14248.0,0.9541308283805847
6.875,14248.0,0.9541565179824829
6.86328125,14248.0,0.9541826844215393
6.859375,14248.0,0.9542048573493958
6.8515625,14248.0,0.9542255401611328
6.84375,14248.0,0.9542511701583862
6.8359375,14248.0,0.9542763829231262
6.828125,14248.0,0.9543003439903259
6.8203125,14248.0,0.9543237090110779
6.8125,14248.0,0.9543482065200806
6.8046875,14248.0,0.9543725252151489
6.796875,14248.0,0.954397976398468
6.7890625,14248.0,0.9544269442558289
6.78125,14248.0,0.9544520974159241
6.76953125,14248.0,0.9544769525527954
6.76171875,14248.0,0.9545027613639832
6.75390625,14248.0,0.9545267224311829
6.74609375,14248.0,0.9545541405677795
6.73828125,14248.0,0.9545773267745972
6.734375,14248.0,0.9546014070510864
6.7265625,14248.0,0.9546257853507996
6.71875,14248.0,0.9546484351158142
6.7109375,14248.0,0.9546698927879333
6.703125,14248.0,0.9546952247619629
6.6953125,14248.0,0.9547219276428223
6.6875,14248.0,0.9547443389892578
6.6796875,14248.0,0.9547709822654724
6.671875,14248.0,0.9547987580299377
6.6640625,14248.0,0.9548215270042419
6.66015625,14248.0,0.9548447728157043
6.65234375,14248.0,0.9548699259757996
6.64453125,14248.0,0.9548936486244202
6.63671875,14248.0,0.9549169540405273
6.62890625,14248.0,0.9549410343170166
6.62109375,14248.0,0.954964816570282
6.61328125,14248.0,0.9549896717071533
6.60546875,14248.0,0.955013632774353
6.6015625,14248.0,0.9550365805625916
6.59375,14248.0,0.9550620913505554
6.5859375,14248.0,0.9550877213478088
6.578125,14248.0,0.9551123976707458
6.5703125,14248.0,0.9551376104354858
6.5625,14248.0,0.9551617503166199
6.5546875,14248.0,0.9551834464073181
6.55078125,14248.0,0.9552074074745178
6.54296875,14248.0,0.9552324414253235
6.53515625,14248.0,0.9552583694458008
6.52734375,14248.0,0.955281138420105
6.51953125,14248.0,0.9553087949752808
6.51171875,14248.0,0.9553344249725342
6.50390625,14248.0,0.9553588628768921
6.5,14248.0,0.955380380153656
6.4921875,14248.0,0.9554029107093811
6.484375,14248.0,0.9554302096366882
6.4765625,14248.0,0.9554564356803894
6.46875,14248.0,0.955478310585022
6.46484375,14248.0,0.9555009603500366
6.45703125,14248.0,0.9555272459983826
6.44921875,14248.0,0.9555520415306091
6.4453125,14248.0,0.9555742740631104
6.4375,14248.0,0.9555971622467041
6.4296875,14248.0,0.9556204676628113
6.42578125,14248.0,0.9556470513343811
6.41796875,14248.0,0.9556718468666077
6.41015625,14248.0,0.9556930065155029
6.40625,14248.0,0.9557145833969116
6.3984375,14248.0,0.9557398557662964
6.39453125,14248.0,0.9557643532752991
6.38671875,14248.0,0.9557889699935913
6.37890625,14248.0,0.9558139443397522
6.375,14248.0,0.9558389782905579
6.3671875,14248.0,0.9558622241020203
6.359375,14248.0,0.955887496471405
6.35546875,14248.0,0.9559133052825928
6.34765625,14248.0,0.955938994884491
6.33984375,14248.0,0.9559624791145325
6.3359375,14248.0,0.9559871554374695
6.328125,14256.0,0.956012487411499
6.32421875,14256.0,0.9560357928276062
6.3203125,14256.0,0.9560607075691223
6.3125,14256.0,0.9560856223106384
6.30859375,14256.0,0.9561114311218262
6.30078125,14256.0,0.9561333656311035
6.296875,14256.0,0.9561557173728943
6.29296875,14256.0,0.9561769962310791
6.2890625,14256.0,0.9562037587165833
6.28125,14256.0,0.9562279582023621
6.27734375,14256.0,0.9562519788742065
6.2734375,14256.0,0.9562779664993286
6.265625,14256.0,0.9563058614730835
6.26171875,14256.0,0.9563302397727966
6.2578125,14256.0,0.956352949142456
6.25390625,14256.0,0.9563795328140259
6.24609375,14256.0,0.9564062356948853
6.2421875,14256.0,0.9564319849014282
6.23828125,14256.0,0.9564560651779175
6.234375,14256.0,0.9564798474311829
6.23046875,14256.0,0.9565017223358154
6.2265625,14256.0,0.9565261602401733
6.22265625,14256.0,0.9565524458885193
6.21875,14256.0,0.9565777778625488
6.21484375,14256.0,0.9566010236740112
6.2109375,14256.0,0.9566240310668945
6.20703125,14256.0,0.9566514492034912
6.203125,14256.0,0.9566749334335327
6.19921875,14256.0,0.9566969275474548
6.1953125,14256.0,0.9567189812660217
6.19140625,14256.0,0.9567431807518005
6.1875,14256.0,0.9567691683769226
6.18359375,14256.0,0.9568031430244446
6.1796875,14256.0,0.9568273425102234
6.17578125,14256.0,0.9568495154380798
6.17578125,14256.0,0.9568734169006348
6.171875,14256.0,0.956898033618927
6.16796875,14256.0,0.9569234848022461
6.1640625,14256.0,0.9569471478462219
6.16015625,14256.0,0.9569752812385559
6.16015625,14256.0,0.9569962024688721
6.15625,14256.0,0.9570184350013733
6.15625,14256.0,0.9570407867431641
6.15234375,14256.0,0.9570639133453369
6.15234375,14256.0,0.9570872187614441
6.1484375,14256.0,0.9571149945259094
6.14453125,14256.0,0.9571385979652405
6.14453125,14256.0,0.9571604132652283
6.14453125,14256.0,0.9571852684020996
6.140625,14256.0,0.95721036195755
6.140625,14256.0,0.9572342038154602
6.13671875,14256.0,0.9572583436965942
6.13671875,14256.0,0.9572799801826477
6.1328125,14256.0,0.9573066234588623
6.1328125,14256.0,0.9573311805725098
6.1328125,14256.0,0.9573625922203064
6.12890625,14256.0,0.9573882222175598
6.12890625,14256.0,0.9574128985404968
6.12890625,14256.0,0.9574360251426697
6.12890625,14256.0,0.9574621915817261
6.125,14256.0,0.9574872255325317
6.125,14256.0,0.9575146436691284
6.125,14256.0,0.9575378894805908
6.125,14256.0,0.9575638771057129
6.125,14256.0,0.9575897455215454
6.125,14256.0,0.9576143622398376
6.125,14256.0,0.9576380252838135
6.125,14256.0,0.95766282081604
6.125,14256.0,0.9576869010925293
6.125,14256.0,0.9577131271362305
6.125,14256.0,0.9577361941337585
6.125,14256.0,0.9577574729919434
6.125,14256.0,0.957780659198761
6.125,14256.0,0.9578048586845398
6.125,14256.0,0.9578311443328857
6.12890625,14256.0,0.9578511118888855
6.12890625,14256.0,0.9578741788864136
6.12890625,14256.0,0.9578964114189148
6.12890625,14256.0,0.9579200744628906
6.1328125,14256.0,0.9579428434371948
6.1328125,14256.0,0.9579706788063049
6.1328125,14256.0,0.9580019116401672
6.13671875,14256.0,0.9580326080322266
6.13671875,14256.0,0.9580655694007874
6.140625,14256.0,0.958091139793396
6.140625,14256.0,0.9581150412559509
6.14453125,14256.0,0.9581390023231506
6.1484375,14256.0,0.9581626653671265
6.1484375,14264.0,0.9581850171089172
6.15234375,14264.0,0.9582098722457886
6.15234375,14264.0,0.9582351446151733
6.15625,14264.0,0.9582597613334656
6.16015625,14264.0,0.9582874178886414
6.1640625,14264.0,0.9583147168159485
6.1640625,14264.0,0.9583415389060974
6.16796875,14264.0,0.9583670496940613
6.171875,14264.0,0.9583880305290222
6.17578125,14264.0,0.958410382270813
6.1796875,14264.0,0.9584324955940247
6.1796875,14264.0,0.9584581255912781
6.18359375,14264.0,0.9584823250770569
6.1875,14264.0,0.9585114121437073
6.19140625,14264.0,0.9585360884666443
6.1953125,14264.0,0.9585596323013306
6.19921875,14264.0,0.9585829973220825
6.203125,14264.0,0.9586102366447449
6.20703125,14264.0,0.9586367011070251
6.2109375,14264.0,0.9586586952209473
6.21484375,14264.0,0.9586803317070007
6.21875,14264.0,0.9587021470069885
6.22265625,14264.0,0.9587261080741882
6.2265625,14264.0,0.9587489366531372
6.23046875,14264.0,0.9587704539299011
6.234375,14264.0,0.9587923884391785
6.23828125,14264.0,0.9588178992271423
6.2421875,14264.0,0.9588421583175659
6.25,14264.0,0.9588678479194641
6.25390625,14264.0,0.9588969349861145
6.2578125,14264.0,0.9589191675186157
6.26171875,14264.0,0.9589406251907349
6.265625,14264.0,0.9589645862579346
6.2734375,14264.0,0.9589883685112
6.27734375,14264.0,0.9590164422988892
6.28515625,14264.0,0.9590397477149963
6.2890625,14264.0,0.9590697884559631
6.29296875,14264.0,0.9590920805931091
6.30078125,14264.0,0.959118127822876
6.3046875,14264.0,0.9591386318206787
6.30859375,14264.0,0.9591621160507202
6.3125,14264.0,0.9591856002807617
6.3203125,14264.0,0.9592100381851196
6.32421875,14264.0,0.9592317938804626
6.328125,14264.0,0.9592545032501221
6.3359375,14264.0,0.95927894115448
6.33984375,14264.0,0.9593002200126648
6.34375,14264.0,0.9593228697776794
6.3515625,14264.0,0.959348738193512
6.35546875,14264.0,0.9593748450279236
6.36328125,14264.0,0.9594002366065979
6.37109375,14264.0,0.9594228863716125
6.375,14264.0,0.9594460129737854
6.3828125,14264.0,0.9594706296920776
6.38671875,14264.0,0.9594956040382385
6.39453125,14264.0,0.9595171809196472
6.3984375,14264.0,0.9595430493354797
6.40625,14264.0,0.9595688581466675
6.4140625,14264.0,0.9595925807952881
6.41796875,14264.0,0.9596162438392639
6.42578125,14264.0,0.9596406817436218
6.43359375,14264.0,0.959662914276123
6.4375,14264.0,0.9596892595291138
6.4453125,14264.0,0.9597118496894836
6.453125,14264.0,0.9597376585006714
6.45703125,14264.0,0.9597629904747009
6.46484375,14264.0,0.959785521030426
6.47265625,14264.0,0.9598105549812317
6.48046875,14264.0,0.9598331451416016
6.484375,14264.0,0.9598577618598938
6.4921875,14264.0,0.9598824381828308
6.5,14264.0,0.959906280040741
6.5078125,14264.0,0.9599301218986511
6.515625,14264.0,0.9599538445472717
6.5234375,14264.0,0.9599770307540894
6.52734375,14264.0,0.9599990248680115
6.53515625,14264.0,0.9600221514701843
6.54296875,14264.0,0.960048496723175
6.55078125,14264.0,0.9600711464881897
6.55859375,14264.0,0.9600935578346252
6.56640625,14264.0,0.9601153135299683
6.5703125,14264.0,0.9601394534111023
6.578125,14264.0,0.9601638317108154
6.5859375,14264.0,0.960185706615448
6.59375,14264.0,0.9602092504501343
6.6015625,14264.0,0.9602321982383728
6.609375,14264.0,0.960257351398468
6.6171875,14264.0,0.9602833390235901
6.625,14264.0,0.9603064060211182
6.6328125,14264.0,0.9603376984596252
6.640625,14272.0,0.9603622555732727
6.6484375,14272.0,0.9603842496871948
6.65625,14272.0,0.960405170917511
6.6640625,14272.0,0.9604286551475525
6.671875,14272.0,0.9604565501213074
6.6796875,14272.0,0.9604782462120056
6.6875,14272.0,0.9605010747909546
6.6953125,14272.0,0.9605227112770081
6.69921875,14272.0,0.9605454206466675
6.70703125,14272.0,0.9605665802955627
6.71484375,14272.0,0.9605897068977356
6.72265625,14272.0,0.9606133699417114
6.73046875,14272.0,0.960635781288147
6.73828125,14272.0,0.9606594443321228
6.74609375,14272.0,0.9606861472129822
6.75390625,14272.0,0.9607102870941162
6.76171875,14272.0,0.9607318043708801
6.76953125,14272.0,0.9607599377632141
6.77734375,14272.0,0.9607804417610168
6.78515625,14272.0,0.9608025550842285
6.79296875,14272.0,0.9608256220817566
6.80078125,14272.0,0.9608493447303772
6.80859375,14272.0,0.9608765244483948
6.8203125,14272.0,0.9609023332595825
6.828125,14272.0,0.9609254598617554
6.8359375,14272.0,0.9609477519989014
6.84375,14272.0,0.9609695076942444
6.84765625,14272.0,0.9609906673431396
6.859375,14272.0,0.9610199928283691
6.8671875,14272.0,0.9610434770584106
6.875,14272.0,0.9610643982887268
6.8828125,14272.0,0.9610869288444519
6.890625,14272.0,0.961108386516571
6.89453125,14272.0,0.9611296653747559
6.90234375,14272.0,0.9611524939537048
6.91015625,14272.0,0.9611756801605225
6.91796875,14272.0,0.9611985087394714
6.92578125,14272.0,0.9612244367599487
6.9375,14272.0,0.9612502455711365
6.9453125,14272.0,0.9612725377082825
6.94921875,14272.0,0.961294949054718
6.95703125,14272.0,0.9613165259361267
6.96484375,14272.0,0.9613404870033264
6.97265625,14272.0,0.9613639116287231
6.98046875,14272.0,0.9613853693008423
6.98828125,14272.0,0.9614101052284241
6.99609375,14272.0,0.961435854434967
7.00390625,14272.0,0.9614623188972473
7.01171875,14272.0,0.961483359336853
7.01953125,14272.0,0.9615058898925781
7.02734375,14272.0,0.9615263938903809
7.03515625,14272.0,0.9615491628646851
7.04296875,14272.0,0.9615748524665833
7.05078125,14272.0,0.9616010785102844
7.05859375,14272.0,0.9616221785545349
7.0625,14272.0,0.9616442918777466
7.0703125,14272.0,0.9616661071777344
7.078125,14272.0,0.9616894125938416
7.0859375,14272.0,0.9617180824279785
7.09375,14272.0,0.9617457389831543
7.1015625,14272.0,0.9617608785629272
7.10546875,14272.0,0.9617757797241211
7.109375,14272.0,0.9617936015129089
7.1171875,14272.0,0.9618149399757385
7.125,14272.0,0.9618366360664368
7.12890625,14272.0,0.9618582725524902
7.13671875,14272.0,0.9618812203407288
7.14453125,14272.0,0.961906909942627
7.15234375,14272.0,0.9619315266609192
7.15625,14272.0,0.9619527459144592
7.1640625,14272.0,0.9619802236557007
7.171875,14272.0,0.9620012044906616
7.1796875,14272.0,0.9620221257209778
7.18359375,14272.0,0.9620439410209656
7.19140625,14272.0,0.962067723274231
7.19921875,14272.0,0.9620910882949829
7.20703125,14272.0,0.9621179699897766
7.2109375,14272.0,0.9621410965919495
7.21875,14272.0,0.9621661901473999
7.2265625,14272.0,0.9621888399124146
7.234375,14272.0,0.9622105956077576
7.23828125,14272.0,0.9622352719306946
7.24609375,14272.0,0.9622593522071838
7.25390625,14272.0,0.9622815251350403
7.2578125,14272.0,0.9623041152954102
7.26953125,14272.0,0.9623317718505859
7.2734375,14272.0,0.9623523354530334
7.28125,14272.0,0.9623762369155884
7.28515625,14272.0,0.9623976349830627
7.29296875,14272.0,0.9624233245849609
7.30078125,14272.0,0.9624451398849487
7.3046875,14272.0,0.9624660015106201
7.3125,14272.0,0.9624879360198975
7.31640625,14272.0,0.9625102281570435
7.32421875,14272.0,0.962531566619873
7.328125,14280.0,0.9625539183616638
7.3359375,14280.0,0.9625794887542725
7.34375,14280.0,0.9626034498214722
7.34765625,14280.0,0.9626272916793823
7.35546875,14280.0,0.962649941444397
7.36328125,14280.0,0.9626756906509399
7.3671875,14280.0,0.9626956582069397
7.375,14280.0,0.9627170562744141
7.37890625,14280.0,0.9627397656440735
7.38671875,14280.0,0.9627608060836792
7.390625,14280.0,0.962785542011261
7.3984375,14280.0,0.9628086686134338
7.40625,14280.0,0.9628369212150574
7.41015625,14280.0,0.9628596901893616
7.41796875,14280.0,0.962881326675415
7.421875,14280.0,0.9629033207893372
7.4296875,14280.0,0.9629254341125488
7.43359375,14280.0,0.9629467725753784
7.4375,14280.0,0.9629709124565125
7.4453125,14280.0,0.9629954099655151
7.44921875,14280.0,0.9630170464515686
7.45703125,14280.0,0.9630382061004639
7.4609375,14280.0,0.9630599021911621
7.46875,14280.0,0.9630827307701111
7.47265625,14280.0,0.9631063342094421
7.48046875,14280.0,0.9631298780441284
7.484375,14280.0,0.9631539583206177
7.48828125,14280.0,0.9631757140159607
7.49609375,14280.0,0.9631998538970947
7.5,14280.0,0.9632235765457153
7.5078125,14280.0,0.9632488489151001
7.515625,14280.0,0.9632835984230042
7.51953125,14280.0,0.9633046388626099
7.5234375,14280.0,0.9633223414421082
7.52734375,14280.0,0.96334308385849
7.53515625,14280.0,0.9633660316467285
7.5390625,14280.0,0.9633882641792297
7.54296875,14280.0,0.9634101986885071
7.546875,14280.0,0.9634321331977844
7.5546875,14280.0,0.9634554386138916
7.55859375,14280.0,0.9634794592857361
7.5625,14280.0,0.9635003209114075
7.56640625,14280.0,0.9635255336761475
7.57421875,14280.0,0.9635533094406128
7.578125,14280.0,0.9635719060897827
7.58203125,14280.0,0.9635921120643616
7.5859375,14280.0,0.9636145830154419
7.58984375,14280.0,0.9636385440826416
7.59375,14280.0,0.9636598825454712
7.59765625,14280.0,0.9636880159378052
7.60546875,14280.0,0.9637120366096497
7.609375,14280.0,0.9637322425842285
7.61328125,14280.0,0.9637560248374939
7.6171875,14280.0,0.9637757539749146
7.62109375,14280.0,0.9637995362281799
7.625,14280.0,0.9638238549232483
7.62890625,14280.0,0.9638473987579346
7.6328125,14280.0,0.9638713002204895
7.63671875,14280.0,0.9638933539390564
7.63671875,14280.0,0.9639157056808472
7.640625,14280.0,0.9639405608177185
7.64453125,14280.0,0.9639678597450256
7.6484375,14280.0,0.9639914631843567
7.65234375,14280.0,0.964016854763031
7.65625,14280.0,0.9640407562255859
7.66015625,14280.0,0.9640634059906006
7.66015625,14280.0,0.9640859365463257
7.6640625,14280.0,0.9641084671020508
7.66796875,14280.0,0.9641298651695251
7.66796875,14280.0,0.964150607585907
7.671875,14280.0,0.9641757607460022
7.67578125,14280.0,0.9642031788825989
7.6796875,14280.0,0.9642287492752075
7.6796875,14280.0,0.9642506241798401
7.68359375,14280.0,0.9642722010612488
7.68359375,14280.0,0.9642963409423828
7.6875,14280.0,0.9643185138702393
7.69140625,14280.0,0.9643465876579285
7.69140625,14280.0,0.9643675088882446
7.69140625,14280.0,0.9643896818161011
7.6953125,14280.0,0.9644204378128052
7.69921875,14280.0,0.9644441604614258
7.69921875,14280.0,0.9644671678543091
7.69921875,14280.0,0.9644889235496521
7.703125,14280.0,0.9645108580589294
7.703125,14280.0,0.9645325541496277
7.70703125,14280.0,0.9645569324493408
7.70703125,14280.0,0.9645795226097107
7.70703125,14280.0,0.9646029472351074
7.70703125,14280.0,0.9646241664886475
7.7109375,14280.0,0.9646473526954651
7.7109375,14280.0,0.9646726846694946
7.7109375,14280.0,0.9646942019462585
7.7109375,14280.0,0.9647172689437866
7.7109375,14288.0,0.9647448658943176
7.71484375,14288.0,0.9647657871246338
7.71484375,14288.0,0.9647874236106873
7.71484375,14288.0,0.9648083448410034
7.71484375,14288.0,0.9648306369781494
7.71484375,14288.0,0.9648575186729431
7.71484375,14288.0,0.9648817181587219
7.71484375,14288.0,0.9649053812026978
7.71484375,14288.0,0.9649296998977661
7.71484375,14288.0,0.9649513363838196
7.71484375,14288.0,0.9649772644042969
7.7109375,14288.0,0.9650014638900757
7.7109375,14288.0,0.9650248885154724
7.7109375,14288.0,0.9650457501411438
7.7109375,14288.0,0.9650694727897644
7.7109375,14288.0,0.9650954008102417
7.70703125,14288.0,0.9651193022727966
7.70703125,14288.0,0.9651418924331665
7.70703125,14288.0,0.9651665687561035
7.703125,14288.0,0.9651874899864197
7.703125,14288.0,0.9652088284492493
7.703125,14288.0,0.9652307033538818
7.69921875,14288.0,0.9652604460716248
7.69921875,14288.0,0.9652826189994812
7.6953125,14288.0,0.9653038382530212
7.6953125,14288.0,0.965325653553009
7.69140625,14288.0,0.9653472900390625
7.69140625,14288.0,0.9653702974319458
7.6875,14288.0,0.9653914570808411
7.6875,14288.0,0.9654143452644348
7.68359375,14288.0,0.965438961982727
7.6796875,14288.0,0.9654601216316223
7.6796875,14288.0,0.9654870629310608
7.67578125,14288.0,0.9655113220214844
7.671875,14288.0,0.9655324220657349
7.66796875,14288.0,0.9655563235282898
7.66796875,14288.0,0.9655813574790955
7.66015625,14288.0,0.96561199426651
7.66015625,14288.0,0.9656325578689575
7.65625,14288.0,0.9656544327735901
7.65234375,14288.0,0.9656760096549988
7.6484375,14288.0,0.9656996130943298
7.64453125,14288.0,0.9657220244407654
7.640625,14288.0,0.9657435417175293
7.63671875,14288.0,0.9657648801803589
7.6328125,14288.0,0.9657875895500183
7.62890625,14288.0,0.9658089280128479
7.62890625,14288.0,0.9658310413360596
7.62109375,14288.0,0.9658539891242981
7.6171875,14288.0,0.9658787846565247
7.61328125,14288.0,0.9659022688865662
7.609375,14288.0,0.9659237861633301
7.60546875,14288.0,0.9659481048583984
7.6015625,14288.0,0.9659728407859802
7.59375,14288.0,0.9659943580627441
7.58984375,14288.0,0.9660191535949707
7.5859375,14288.0,0.9660459756851196
7.578125,14288.0,0.9660719037055969
7.57421875,14288.0,0.9660925269126892
7.5703125,14288.0,0.9661151766777039
7.56640625,14288.0,0.9661388397216797
7.55859375,14288.0,0.9661648273468018
7.5546875,14288.0,0.9661865830421448
7.546875,14288.0,0.9662075638771057
7.54296875,14288.0,0.9662298560142517
7.5390625,14288.0,0.9662510752677917
7.53125,14288.0,0.9662755131721497
7.52734375,14288.0,0.9663043022155762
7.51953125,14288.0,0.9663268327713013
7.51171875,14288.0,0.9663524031639099
7.5078125,14288.0,0.9663727879524231
7.5,14288.0,0.9663947820663452
7.49609375,14288.0,0.966417133808136
7.48828125,14288.0,0.9664420485496521
7.484375,14288.0,0.9664654731750488
7.4765625,14288.0,0.9664874076843262
7.47265625,14288.0,0.9665083289146423
7.46484375,14288.0,0.966533362865448
7.45703125,14288.0,0.9665570855140686
7.453125,14288.0,0.9665811061859131
7.44140625,14288.0,0.9666086435317993
7.4375,14288.0,0.9666312336921692
7.4296875,14288.0,0.9666526317596436
7.421875,14288.0,0.9666768908500671
7.4140625,14288.0,0.9667019248008728
7.40625,14288.0,0.9667242765426636
7.40234375,14288.0,0.9667497873306274
7.39453125,14288.0,0.9667708873748779
7.38671875,14288.0,0.9667932987213135
7.37890625,14288.0,0.966817319393158
7.37109375,14288.0,0.966840386390686
7.36328125,14288.0,0.9668672680854797
7.35546875,14288.0,0.9668912291526794
7.34765625,14296.0,0.9669134616851807
7.33984375,14296.0,0.966939389705658
7.33203125,14296.0,0.9669612050056458
7.32421875,14296.0,0.9669842720031738
7.31640625,14296.0,0.9670084714889526
7.30859375,14296.0,0.9670332670211792
7.30078125,14296.0,0.9670549631118774
7.29296875,14296.0,0.9670756459236145
7.28515625,14296.0,0.9670990705490112
7.27734375,14296.0,0.9671227931976318
7.26953125,14296.0,0.9671457409858704
7.26171875,14296.0,0.9671723246574402
7.25390625,14296.0,0.9671944975852966
7.24609375,14296.0,0.9672160148620605
7.23828125,14296.0,0.9672368764877319
7.23046875,14296.0,0.9672614932060242
7.22265625,14296.0,0.9672868251800537
7.21484375,14296.0,0.967312216758728
7.20703125,14296.0,0.9673360586166382
7.19921875,14296.0,0.9673572778701782
7.19140625,14296.0,0.9673827886581421
7.18359375,14296.0,0.9674084782600403
7.171875,14296.0,0.9674293994903564
7.1640625,14296.0,0.9674596190452576
7.15625,14296.0,0.9674802422523499
7.1484375,14296.0,0.9675021767616272
7.140625,14296.0,0.967523455619812
7.1328125,14296.0,0.9675445556640625
7.125,14296.0,0.967568576335907
7.1171875,14296.0,0.967590868473053
7.109375,14296.0,0.9676148295402527
7.1015625,14296.0,0.9676390886306763
7.09375,14296.0,0.9676612019538879
7.0859375,14296.0,0.9676817059516907
7.078125,14296.0,0.9677042961120605
7.0703125,14296.0,0.9677249193191528
7.0625,14296.0,0.967749297618866
7.0546875,14296.0,0.9677712321281433
7.046875,14296.0,0.9677922129631042
7.0390625,14296.0,0.9678153991699219
7.03125,14296.0,0.9678390026092529
7.0234375,14296.0,0.9678659439086914
7.015625,14296.0,0.9678886532783508
7.0078125,14296.0,0.9679102301597595
7.0,14296.0,0.9679322242736816
6.9921875,14296.0,0.9679538607597351
6.984375,14296.0,0.9679790735244751
6.9765625,14296.0,0.9680026173591614
6.96875,14296.0,0.9680257439613342
6.9609375,14296.0,0.9680487513542175
6.94921875,14296.0,0.9680734872817993
6.94140625,14296.0,0.9680953025817871
6.9375,14296.0,0.9681164622306824
6.92578125,14296.0,0.9681405425071716
6.91796875,14296.0,0.9681652784347534
6.91015625,14296.0,0.9681895971298218
6.90234375,14296.0,0.9682139158248901
6.89453125,14296.0,0.968238353729248
6.88671875,14296.0,0.9682624340057373
6.87890625,14296.0,0.9682853817939758
6.87109375,14296.0,0.968308687210083
6.859375,14296.0,0.9683346152305603
6.8515625,14296.0,0.9683595299720764
6.84375,14296.0,0.9683823585510254
6.8359375,14296.0,0.9684048891067505
6.828125,14296.0,0.9684322476387024
6.81640625,14296.0,0.9684575796127319
6.80859375,14296.0,0.9684796333312988
6.80078125,14296.0,0.9685032963752747
6.79296875,14296.0,0.9685253500938416
6.78515625,14296.0,0.9685524106025696
6.77734375,14296.0,0.9685748219490051
6.76953125,14296.0,0.9685987234115601
6.76171875,14296.0,0.9686205983161926
6.75390625,14296.0,0.9686446785926819
6.74609375,14296.0,0.9686695337295532
6.734375,14296.0,0.9686936736106873
6.73046875,14296.0,0.9687157869338989
6.71875,14296.0,0.9687404632568359
6.7109375,14296.0,0.968764066696167
6.703125,14296.0,0.9687878489494324
6.6953125,14296.0,0.9688123464584351
6.69140625,14296.0,0.9688354134559631
6.68359375,14296.0,0.9688602685928345
6.67578125,14296.0,0.9688846468925476
6.66796875,14296.0,0.9689092636108398
6.66015625,14296.0,0.9689292907714844
6.65234375,14296.0,0.9689534902572632
6.64453125,14296.0,0.9689770936965942
6.63671875,14296.0,0.9689984321594238
6.62890625,14296.0,0.9690240025520325
6.62109375,14296.0,0.969049334526062
6.6171875,14296.0,0.9690725803375244
6.609375,14304.0,0.9690980315208435
6.6015625,14304.0,0.9691208600997925
6.59375,14304.0,0.969144344329834
6.5859375,14304.0,0.9691691994667053
6.578125,14304.0,0.9691941142082214
6.5703125,14304.0,0.9692173600196838
6.56640625,14304.0,0.9692390561103821
6.55859375,14304.0,0.9692611694335938
6.5546875,14304.0,0.9692821502685547
6.546875,14304.0,0.9693066477775574
6.5390625,14304.0,0.9693320393562317
6.53125,14304.0,0.9693568348884583
6.52734375,14304.0,0.9693790078163147
6.51953125,14304.0,0.9694031476974487
6.515625,14304.0,0.9694249629974365
6.5078125,14304.0,0.9694489240646362
6.5,14304.0,0.9694703817367554
6.49609375,14304.0,0.9694918394088745
6.48828125,14304.0,0.9695133566856384
6.484375,14304.0,0.9695382118225098
6.4765625,14304.0,0.9695616364479065
6.47265625,14304.0,0.9695844650268555
6.46484375,14304.0,0.9696071743965149
6.4609375,14304.0,0.9696308374404907
6.453125,14304.0,0.9696545004844666
6.44921875,14304.0,0.9696819186210632
6.44140625,14304.0,0.9697100520133972
6.4375,14304.0,0.9697282910346985
6.43359375,14304.0,0.9697474837303162
6.42578125,14304.0,0.9697696566581726
6.421875,14304.0,0.9697939157485962
6.41796875,14304.0,0.969816267490387
6.41015625,14304.0,0.9698397517204285
6.40625,14304.0,0.9698628187179565
6.40234375,14304.0,0.9698846936225891
6.39453125,14304.0,0.9699090719223022
6.390625,14304.0,0.9699347019195557
6.38671875,14304.0,0.9699568748474121
6.37890625,14304.0,0.9699816703796387
6.375,14304.0,0.9700084924697876
6.37109375,14304.0,0.9700326919555664
6.36328125,14304.0,0.970057487487793
6.359375,14304.0,0.9700811505317688
6.35546875,14304.0,0.9701052904129028
6.3515625,14304.0,0.9701300263404846
6.34765625,14304.0,0.9701502323150635
6.34375,14304.0,0.9701733589172363
6.3359375,14304.0,0.9701955914497375
6.33203125,14304.0,0.9702175855636597
6.328125,14304.0,0.9702423810958862
6.32421875,14304.0,0.9702660441398621
6.3203125,14304.0,0.9702901244163513
6.31640625,14304.0,0.970313549041748
6.3125,14304.0,0.9703362584114075
6.30859375,14304.0,0.9703603982925415
6.3046875,14304.0,0.9703863263130188
6.30078125,14304.0,0.9704097509384155
6.296875,14304.0,0.9704324007034302
6.29296875,14304.0,0.9704581499099731
6.2890625,14304.0,0.9704797863960266
6.28515625,14304.0,0.9705018997192383
6.28125,14304.0,0.9705258011817932
6.27734375,14304.0,0.9705504179000854
6.2734375,14304.0,0.9705814719200134
6.26953125,14304.0,0.9706034064292908
6.26953125,14304.0,0.9706264138221741
6.265625,14304.0,0.9706524014472961
6.26171875,14304.0,0.9706776738166809
6.2578125,14304.0,0.9707022905349731
6.25390625,14304.0,0.9707249402999878
6.25,14304.0,0.9707511067390442
6.24609375,14304.0,0.9707766771316528
6.2421875,14304.0,0.9707996845245361
6.2421875,14304.0,0.9708269238471985
6.23828125,14304.0,0.9708510041236877
6.234375,14304.0,0.9708724021911621
6.23046875,14304.0,0.9708940386772156
6.23046875,14304.0,0.9709151387214661
6.2265625,14304.0,0.9709378480911255
6.22265625,14304.0,0.9709591269493103
6.22265625,14304.0,0.9709829092025757
6.21875,14304.0,0.971007764339447
6.21484375,14304.0,0.9710301756858826
6.21484375,14304.0,0.9710549712181091
6.2109375,14304.0,0.9710810780525208
6.20703125,14304.0,0.9711045026779175
6.20703125,14304.0,0.9711316227912903
6.203125,14304.0,0.9711548686027527
6.203125,14304.0,0.9711765050888062
6.19921875,14304.0,0.9712028503417969
6.1953125,14304.0,0.9712269306182861
6.1953125,14304.0,0.971251368522644
6.19140625,14304.0,0.9712728261947632
6.19140625,14312.0,0.9712955951690674
6.1875,14312.0,0.9713215231895447
6.1875,14312.0,0.9713444113731384
6.18359375,14312.0,0.9713689088821411
6.18359375,14312.0,0.9713929295539856
6.1796875,14312.0,0.97141432762146
6.1796875,14312.0,0.9714369773864746
6.17578125,14312.0,0.9714605808258057
6.17578125,14312.0,0.9714838862419128
6.17578125,14312.0,0.9715087413787842
6.171875,14312.0,0.9715321660041809
6.171875,14312.0,0.9715564250946045
6.16796875,14312.0,0.9715797901153564
6.16796875,14312.0,0.9716025590896606
6.16796875,14312.0,0.9716265201568604
6.1640625,14312.0,0.9716513156890869
6.1640625,14312.0,0.9716746807098389
6.1640625,14312.0,0.9717013239860535
6.1640625,14312.0,0.9717236161231995
6.16015625,14312.0,0.9717459082603455
6.16015625,14312.0,0.9717724323272705
6.16015625,14312.0,0.9718019962310791
6.16015625,14312.0,0.9718233942985535
6.16015625,14312.0,0.9718452095985413
6.15625,14312.0,0.9718677401542664
6.15625,14312.0,0.9718901515007019
6.15625,14312.0,0.9719177484512329
6.15625,14312.0,0.9719416499137878
6.15625,14312.0,0.9719668626785278
6.15625,14312.0,0.9719896912574768
6.15625,14312.0,0.9720116853713989
6.15625,14312.0,0.9720331430435181
6.15625,14312.0,0.9720572233200073
6.15625,14312.0,0.9720827341079712
6.15625,14312.0,0.9721053242683411
6.15625,14312.0,0.9721270203590393
6.15625,14312.0,0.9721503853797913
6.15625,14312.0,0.9721733927726746
6.15625,14312.0,0.9721978902816772
6.15625,14312.0,0.9722234010696411
6.15625,14312.0,0.9722458124160767
6.16015625,14312.0,0.9722723364830017
6.16015625,14312.0,0.9722954630851746
6.16015625,14312.0,0.9723299145698547
6.1640625,14312.0,0.9723538756370544
6.1640625,14312.0,0.9723747372627258
6.1640625,14312.0,0.9723945260047913
6.1640625,14312.0,0.9724146127700806
6.16796875,14312.0,0.9724377989768982
6.16796875,14312.0,0.9724605083465576
6.16796875,14312.0,0.9724828600883484
6.171875,14312.0,0.9725078344345093
6.171875,14312.0,0.9725304841995239
6.17578125,14312.0,0.9725534319877625
6.17578125,14312.0,0.9725766181945801
6.1796875,14312.0,0.9725986123085022
6.1796875,14312.0,0.972622811794281
6.18359375,14312.0,0.9726466536521912
6.18359375,14312.0,0.9726688265800476
6.1875,14312.0,0.9726951718330383
6.1875,14312.0,0.9727203845977783
6.19140625,14312.0,0.9727427959442139
6.1953125,14312.0,0.9727640151977539
6.1953125,14312.0,0.9727888703346252
6.19921875,14312.0,0.9728137254714966
6.203125,14312.0,0.972837507724762
6.203125,14312.0,0.9728609323501587
6.20703125,14312.0,0.972884476184845
6.2109375,14312.0,0.9729076027870178
6.21484375,14312.0,0.9729374647140503
6.21875,14312.0,0.9729612469673157
6.21875,14312.0,0.9729832410812378
6.22265625,14312.0,0.9730056524276733
6.2265625,14312.0,0.973027765750885
6.23046875,14312.0,0.9730527400970459
6.234375,14312.0,0.9730772972106934
6.23828125,14312.0,0.9730978608131409
6.2421875,14312.0,0.973119854927063
6.2421875,14312.0,0.9731408357620239
6.24609375,14312.0,0.973163902759552
6.25,14312.0,0.9731865525245667
6.25390625,14312.0,0.9732107520103455
6.2578125,14312.0,0.9732354283332825
6.26171875,14312.0,0.9732596278190613
6.26953125,14312.0,0.9732826352119446
6.2734375,14312.0,0.9733079075813293
6.27734375,14312.0,0.9733310341835022
6.28125,14312.0,0.9733542203903198
6.28515625,14312.0,0.9733760356903076
6.2890625,14312.0,0.9733988046646118
6.29296875,14312.0,0.9734247326850891
6.30078125,14312.0,0.9734494686126709
6.3046875,14312.0,0.9734758734703064
6.30859375,14320.0,0.9734991788864136
6.3125,14320.0,0.9735204577445984
6.31640625,14320.0,0.9735422730445862
6.32421875,14320.0,0.9735696911811829
6.328125,14320.0,0.9735936522483826
6.3359375,14320.0,0.9736201167106628
6.33984375,14320.0,0.9736436009407043
6.34765625,14320.0,0.9736653566360474
6.3515625,14320.0,0.9736899733543396
6.35546875,14320.0,0.9737132787704468
6.36328125,14320.0,0.9737381339073181
6.3671875,14320.0,0.9737615585327148
6.375,14320.0,0.9737850427627563
6.37890625,14320.0,0.9738069772720337
6.38671875,14320.0,0.973829448223114
6.39453125,14320.0,0.9738566875457764
6.3984375,14320.0,0.9738831520080566
6.40625,14320.0,0.9739052653312683
6.4140625,14320.0,0.9739289283752441
6.41796875,14320.0,0.9739514589309692
6.42578125,14320.0,0.9739848375320435
6.43359375,14320.0,0.9740104079246521
6.44140625,14320.0,0.9740321636199951
6.44921875,14320.0,0.9740543365478516
6.453125,14320.0,0.974075973033905
6.4609375,14320.0,0.9740977883338928
6.46875,14320.0,0.9741215705871582
6.47265625,14320.0,0.9741431474685669
6.48046875,14320.0,0.97416752576828
6.48828125,14320.0,0.9741916656494141
6.49609375,14320.0,0.9742137789726257
6.50390625,14320.0,0.9742363095283508
6.5078125,14320.0,0.9742612242698669
6.51953125,14320.0,0.9742885231971741
6.52734375,14320.0,0.9743110537528992
6.53125,14320.0,0.9743342399597168
6.5390625,14320.0,0.9743570685386658
6.546875,14320.0,0.9743814468383789
6.5546875,14320.0,0.9744021892547607
6.5625,14320.0,0.9744243025779724
6.5703125,14320.0,0.9744459986686707
6.578125,14320.0,0.974469006061554
6.5859375,14320.0,0.9744898080825806
6.59375,14320.0,0.9745123386383057
6.59765625,14320.0,0.9745356440544128
6.609375,14320.0,0.9745600819587708
6.61328125,14320.0,0.9745817184448242
6.62109375,14320.0,0.9746028780937195
6.62890625,14320.0,0.9746257662773132
6.63671875,14320.0,0.9746471047401428
6.64453125,14320.0,0.9746687412261963
6.65234375,14320.0,0.9746910929679871
6.66015625,14320.0,0.9747132658958435
6.66796875,14320.0,0.9747345447540283
6.67578125,14320.0,0.9747570157051086
6.68359375,14320.0,0.9747780561447144
6.69140625,14320.0,0.9748008251190186
6.69921875,14320.0,0.9748221039772034
6.70703125,14320.0,0.9748443365097046
6.71484375,14320.0,0.9748662114143372
6.72265625,14320.0,0.9748883247375488
6.73046875,14320.0,0.9749100804328918
6.73828125,14320.0,0.9749318361282349
6.74609375,14320.0,0.9749537706375122
6.75390625,14320.0,0.9749754667282104
6.76171875,14320.0,0.9749972224235535
6.76953125,14320.0,0.9750195741653442
6.77734375,14320.0,0.9750403165817261
6.78515625,14320.0,0.9750639796257019
6.79296875,14320.0,0.9750869870185852
6.80078125,14320.0,0.9751102924346924
6.80859375,14320.0,0.9751326441764832
6.81640625,14320.0,0.9751536250114441
6.82421875,14320.0,0.9751760363578796
6.83203125,14320.0,0.9751979112625122
6.83984375,14320.0,0.9752204418182373
6.84765625,14320.0,0.9752424955368042
6.85546875,14320.0,0.975264310836792
6.86328125,14320.0,0.9752855896949768
6.87109375,14320.0,0.9753087162971497
6.87890625,14320.0,0.9753293395042419
6.88671875,14320.0,0.9753513932228088
6.89453125,14320.0,0.9753731489181519
6.90234375,14320.0,0.9753958582878113
6.91015625,14320.0,0.9754185676574707
6.921875,14320.0,0.9754443168640137
6.9296875,14320.0,0.9754658341407776
6.9375,14320.0,0.9754887819290161
6.9453125,14320.0,0.9755094051361084
6.953125,14320.0,0.9755319952964783
6.9609375,14320.0,0.9755569696426392
6.96875,14320.0,0.975577712059021
6.9765625,14320.0,0.9756003022193909
6.984375,14320.0,0.9756218194961548
6.9921875,14320.0,0.9756438732147217
7.0,14320.0,0.9756658673286438
7.0078125,14328.0,0.9756884574890137
7.015625,14328.0,0.9757119417190552
7.02734375,14328.0,0.9757373929023743
7.03515625,14328.0,0.9757614135742188
7.04296875,14328.0,0.9757867455482483
7.05078125,14328.0,0.9758070707321167
7.05859375,14328.0,0.975829005241394
7.06640625,14328.0,0.9758532643318176
7.07421875,14328.0,0.9758778214454651
7.0859375,14328.0,0.9759024381637573
7.09375,14328.0,0.9759244918823242
7.1015625,14328.0,0.9759464859962463
7.109375,14328.0,0.9759755730628967
7.1171875,14328.0,0.97599858045578
7.125,14328.0,0.9760217666625977
7.1328125,14328.0,0.9760448932647705
7.14453125,14328.0,0.9760720133781433
7.1484375,14328.0,0.9760966897010803
7.16015625,14328.0,0.9761220812797546
7.16796875,14328.0,0.9761414527893066
7.171875,14328.0,0.9761618375778198
7.1796875,14328.0,0.9761860370635986
7.1875,14328.0,0.976211428642273
7.1953125,14328.0,0.9762361645698547
7.203125,14328.0,0.9762600660324097
7.2109375,14328.0,0.9762828946113586
7.21875,14328.0,0.976309597492218
7.2265625,14328.0,0.9763345718383789
7.234375,14328.0,0.9763608574867249
7.2421875,14328.0,0.9763861894607544
7.25,14328.0,0.9764089584350586
7.2578125,14328.0,0.9764323830604553
7.265625,14328.0,0.9764540791511536
7.2734375,14328.0,0.9764754176139832
7.27734375,14328.0,0.9764977693557739
7.28515625,14328.0,0.9765205383300781
7.29296875,14328.0,0.9765474796295166
7.30078125,14328.0,0.9765716791152954
7.30859375,14328.0,0.9765929579734802
7.31640625,14328.0,0.9766170978546143
7.3203125,14328.0,0.9766395688056946
7.328125,14328.0,0.9766615033149719
7.33203125,14328.0,0.9766824841499329
7.33984375,14328.0,0.97670578956604
7.34765625,14328.0,0.9767298102378845
7.35546875,14328.0,0.9767534732818604
7.359375,14328.0,0.9767757058143616
7.3671875,14328.0,0.9768069982528687
7.375,14328.0,0.9768288135528564
7.3828125,14328.0,0.9768505096435547
7.38671875,14328.0,0.9768722653388977
7.39453125,14328.0,0.9768921732902527
7.3984375,14328.0,0.9769172668457031
7.40625,14328.0,0.9769394397735596
7.4140625,14328.0,0.9769612550735474
7.41796875,14328.0,0.9769859910011292
7.42578125,14328.0,0.9770107865333557
7.43359375,14328.0,0.9770367741584778
7.4375,14328.0,0.9770610332489014
7.4453125,14328.0,0.9770807027816772
7.44921875,14328.0,0.9771041870117188
7.45703125,14328.0,0.9771267771720886
7.4609375,14328.0,0.9771504402160645
7.46875,14328.0,0.9771751165390015
7.47265625,14328.0,0.9771979451179504
7.4765625,14328.0,0.9772190451622009
7.484375,14328.0,0.977242648601532
7.48828125,14328.0,0.9772663116455078
7.49609375,14328.0,0.9772892594337463
7.5,14328.0,0.9773099422454834
7.50390625,14328.0,0.977331817150116
7.5078125,14328.0,0.9773532748222351
7.515625,14328.0,0.9773738980293274
7.51953125,14328.0,0.9773954749107361
7.5234375,14328.0,0.9774170517921448
7.52734375,14328.0,0.9774382710456848
7.53125,14328.0,0.977460503578186
7.5390625,14328.0,0.9774844646453857
7.54296875,14328.0,0.9775100350379944
7.546875,14328.0,0.9775363206863403
7.55078125,14328.0,0.9775594472885132
7.55859375,14328.0,0.9775837659835815
7.5625,14328.0,0.977604329586029
7.56640625,14328.0,0.97762531042099
7.5703125,14328.0,0.9776477217674255
7.57421875,14328.0,0.9776734113693237
7.578125,14328.0,0.9776946902275085
7.58203125,14328.0,0.9777176380157471
7.5859375,14328.0,0.9777417182922363
7.58984375,14328.0,0.9777624011039734
7.59375,14328.0,0.9777848124504089
7.59375,14328.0,0.977806806564331
7.6015625,14328.0,0.9778361916542053
7.6015625,14328.0,0.9778587818145752
7.60546875,14336.0,0.9778826832771301
7.609375,14336.0,0.9779037833213806
7.61328125,14336.0,0.9779268503189087
7.6171875,14336.0,0.9779486060142517
7.6171875,14336.0,0.9779725670814514
7.62109375,14336.0,0.9779962301254272
7.625,14336.0,0.9780170917510986
7.62890625,14336.0,0.9780389666557312
7.62890625,14336.0,0.9780610203742981
7.6328125,14336.0,0.9780852794647217
7.63671875,14336.0,0.9781075119972229
7.63671875,14336.0,0.9781298041343689
7.640625,14336.0,0.9781551361083984
7.640625,14336.0,0.9781765341758728
7.64453125,14336.0,0.9781979322433472
7.64453125,14336.0,0.9782190322875977
7.6484375,14336.0,0.9782407879829407
7.6484375,14336.0,0.9782618880271912
7.65234375,14336.0,0.9782842397689819
7.65234375,14336.0,0.9783077239990234
7.65625,14336.0,0.978329598903656
7.65625,14336.0,0.9783563613891602
7.65625,14336.0,0.9783756136894226
7.66015625,14336.0,0.9783981442451477
7.66015625,14336.0,0.9784194827079773
7.6640625,14336.0,0.9784400463104248
7.6640625,14336.0,0.9784618020057678
7.6640625,14336.0,0.9784824848175049
7.6640625,14336.0,0.9785060286521912
7.66796875,14336.0,0.9785299897193909
7.66796875,14336.0,0.9785507321357727
7.66796875,14336.0,0.9785728454589844
7.66796875,14336.0,0.978594958782196
7.66796875,14336.0,0.9786192178726196
7.671875,14336.0,0.9786414504051208
7.671875,14336.0,0.978669285774231
7.671875,14336.0,0.9786929488182068
7.671875,14336.0,0.9787143468856812
7.671875,14336.0,0.9787366986274719
7.671875,14336.0,0.9787599444389343
7.671875,14336.0,0.9787841439247131
7.671875,14336.0,0.9788107872009277
7.67578125,14336.0,0.9788321256637573
7.67578125,14336.0,0.9788606762886047
7.67578125,14336.0,0.9788839817047119
7.67578125,14336.0,0.9789049029350281
7.67578125,14336.0,0.9789309501647949
7.67578125,14336.0,0.9789527058601379
7.67578125,14336.0,0.9789755940437317
7.67578125,14336.0,0.9789968132972717
7.671875,14336.0,0.9790175557136536
7.671875,14336.0,0.9790382385253906
7.671875,14336.0,0.9790623188018799
7.671875,14336.0,0.9790835380554199
7.671875,14336.0,0.9791073203086853
7.671875,14336.0,0.9791322350502014
7.671875,14336.0,0.9791566133499146
7.671875,14336.0,0.9791812896728516
7.66796875,14336.0,0.9792037010192871
7.66796875,14336.0,0.9792246222496033
7.66796875,14336.0,0.9792454838752747
7.66796875,14336.0,0.9792700409889221
7.66796875,14336.0,0.9792908430099487
7.6640625,14336.0,0.9793134927749634
7.6640625,14336.0,0.979336142539978
7.6640625,14336.0,0.9793597459793091
7.6640625,14336.0,0.9793818593025208
7.66015625,14336.0,0.9794044494628906
7.66015625,14336.0,0.9794294238090515
7.65625,14336.0,0.979465126991272
7.65625,14336.0,0.9794846773147583
7.65625,14336.0,0.9795024394989014
7.65234375,14336.0,0.9795206785202026
7.65234375,14336.0,0.9795421361923218
7.65234375,14336.0,0.9795641303062439
7.6484375,14336.0,0.9795860052108765
7.6484375,14336.0,0.9796085357666016
7.64453125,14336.0,0.979637622833252
7.640625,14336.0,0.9796615242958069
7.640625,14336.0,0.9796848893165588
7.63671875,14336.0,0.9797058701515198
7.63671875,14336.0,0.9797259569168091
7.6328125,14336.0,0.9797471761703491
7.6328125,14336.0,0.9797696471214294
7.62890625,14336.0,0.9797929525375366
7.625,14336.0,0.9798160195350647
7.625,14336.0,0.9798426628112793
7.62109375,14336.0,0.9798688292503357
7.6171875,14336.0,0.9798888564109802
7.61328125,14336.0,0.9799105525016785
7.61328125,14336.0,0.9799321889877319
7.609375,14336.0,0.9799528121948242
7.60546875,14336.0,0.9799748063087463
7.6015625,14336.0,0.9799957275390625
7.6015625,14336.0,0.9800220131874084
7.59765625,14336.0,0.9800431728363037
7.59375,14344.0,0.9800668358802795
7.58984375,14344.0,0.9800885319709778
7.5859375,14344.0,0.9801136255264282
7.58203125,14344.0,0.9801391959190369
7.578125,14344.0,0.9801615476608276
7.57421875,14344.0,0.9801838397979736
7.5703125,14344.0,0.980206310749054
7.56640625,14344.0,0.9802359342575073
7.5625,14344.0,0.9802571535110474
7.55859375,14344.0,0.9802811741828918
7.5546875,14344.0,0.9803032875061035
7.55078125,14344.0,0.9803241491317749
7.546875,14344.0,0.9803451299667358
7.54296875,14344.0,0.980366587638855
7.5390625,14344.0,0.9803884625434875
7.53515625,14344.0,0.9804148077964783
7.53125,14344.0,0.9804365038871765
7.52734375,14344.0,0.9804587960243225
7.51953125,14344.0,0.9804816246032715
7.515625,14344.0,0.9805058240890503
7.51171875,14344.0,0.9805259108543396
7.5078125,14344.0,0.9805504679679871
7.50390625,14344.0,0.9805737733840942
7.49609375,14344.0,0.9805949330329895
7.4921875,14344.0,0.9806174635887146
7.48828125,14344.0,0.9806426763534546
7.484375,14344.0,0.9806668758392334
7.4765625,14344.0,0.9806925058364868
7.47265625,14344.0,0.9807126522064209
7.46875,14344.0,0.9807345271110535
7.4609375,14344.0,0.9807549715042114
7.45703125,14344.0,0.9807794690132141
7.453125,14344.0,0.980802595615387
7.4453125,14344.0,0.9808239936828613
7.44140625,14344.0,0.9808465838432312
7.43359375,14344.0,0.9808728694915771
7.4296875,14344.0,0.9808955192565918
7.421875,14344.0,0.9809188842773438
7.41796875,14344.0,0.9809413552284241
7.41015625,14344.0,0.9809646010398865
7.40625,14344.0,0.9809867739677429
7.3984375,14344.0,0.9810136556625366
7.390625,14344.0,0.9810365438461304
7.38671875,14344.0,0.9810606837272644
7.37890625,14344.0,0.9810845255851746
7.37109375,14344.0,0.9811097979545593
7.36328125,14344.0,0.9811341166496277
7.359375,14344.0,0.9811546802520752
7.3515625,14344.0,0.9811757206916809
7.34765625,14344.0,0.9812000393867493
7.33984375,14344.0,0.9812251925468445
7.33203125,14344.0,0.9812463521957397
7.32421875,14344.0,0.981268048286438
7.3203125,14344.0,0.9812884330749512
7.3125,14344.0,0.9813110828399658
7.3046875,14344.0,0.9813339114189148
7.30078125,14344.0,0.9813551306724548
7.29296875,14344.0,0.9813786745071411
7.28515625,14344.0,0.9813993573188782
7.27734375,14344.0,0.9814226031303406
7.26953125,14344.0,0.9814436435699463
7.265625,14344.0,0.9814678430557251
7.25390625,14344.0,0.9814968109130859
7.25,14344.0,0.9815165996551514
7.2421875,14344.0,0.9815382957458496
7.234375,14344.0,0.9815590381622314
7.2265625,14344.0,0.9815808534622192
7.21875,14344.0,0.9816012382507324
7.21484375,14344.0,0.9816228151321411
7.20703125,14344.0,0.9816468954086304
7.19921875,14344.0,0.9816684722900391
7.19140625,14344.0,0.981692910194397
7.18359375,14344.0,0.9817178845405579
7.17578125,14344.0,0.9817398190498352
7.16796875,14344.0,0.9817617535591125
7.16015625,14344.0,0.9817845225334167
7.15234375,14344.0,0.9818082451820374
7.14453125,14344.0,0.981830894947052
7.13671875,14344.0,0.9818572998046875
7.125,14344.0,0.9818819761276245
7.1171875,14344.0,0.9819059371948242
7.109375,14344.0,0.9819291830062866
7.1015625,14344.0,0.9819515347480774
7.09375,14344.0,0.9819743633270264
7.0859375,14344.0,0.9819972515106201
7.078125,14344.0,0.9820205569267273
7.0703125,14344.0,0.9820435047149658
7.0625,14344.0,0.9820697903633118
7.05078125,14344.0,0.9821021556854248
7.04296875,14344.0,0.9821212887763977
7.03515625,14344.0,0.9821386337280273
7.03125,14344.0,0.9821580052375793
7.0234375,14344.0,0.9821782112121582
7.015625,14344.0,0.9821988940238953
7.0078125,14344.0,0.9822223782539368
7.0,14344.0,0.982246458530426
6.9921875,14352.0,0.9822700619697571
6.98046875,14352.0,0.9822940826416016
6.97265625,14352.0,0.9823175668716431
6.96484375,14352.0,0.9823434948921204
6.95703125,14352.0,0.982366681098938
6.94921875,14352.0,0.9823874235153198
6.94140625,14352.0,0.9824084639549255
6.93359375,14352.0,0.9824296832084656
6.921875,14352.0,0.9824539422988892
6.9140625,14352.0,0.9824768304824829
6.90625,14352.0,0.9825003743171692
6.8984375,14352.0,0.9825223088264465
6.88671875,14352.0,0.9825465083122253
6.87890625,14352.0,0.9825698137283325
6.87109375,14352.0,0.9825946688652039
6.86328125,14352.0,0.9826174378395081
6.85546875,14352.0,0.9826398491859436
6.84375,14352.0,0.9826636910438538
6.8359375,14352.0,0.9826864004135132
6.828125,14352.0,0.9827099442481995
6.8203125,14352.0,0.9827336072921753
6.8125,14352.0,0.9827576279640198
6.80078125,14352.0,0.9827792048454285
6.79296875,14352.0,0.9828020930290222
6.78515625,14352.0,0.9828229546546936
6.77734375,14352.0,0.9828439950942993
6.76953125,14352.0,0.9828691482543945
6.7578125,14352.0,0.982893705368042
6.75,14352.0,0.9829159379005432
6.7421875,14352.0,0.9829378128051758
6.734375,14352.0,0.9829594492912292
6.7265625,14352.0,0.9829824566841125
6.71875,14352.0,0.9830039739608765
6.7109375,14352.0,0.9830272197723389
6.703125,14352.0,0.9830488562583923
6.6953125,14352.0,0.9830741882324219
6.6875,14352.0,0.9830961227416992
6.6796875,14352.0,0.9831176400184631
6.671875,14352.0,0.9831406474113464
6.6640625,14352.0,0.9831638336181641
6.65625,14352.0,0.9831884503364563
6.64453125,14352.0,0.9832132458686829
6.63671875,14352.0,0.9832372665405273
6.6328125,14352.0,0.9832578301429749
6.625,14352.0,0.9832784533500671
6.6171875,14352.0,0.983299732208252
6.609375,14352.0,0.9833202958106995
6.6015625,14352.0,0.9833422899246216
6.59375,14352.0,0.9833643436431885
6.5859375,14352.0,0.9833875298500061
6.578125,14352.0,0.9834123253822327
6.5703125,14352.0,0.9834376573562622
6.5625,14352.0,0.9834592938423157
6.55859375,14352.0,0.9834808111190796
6.55078125,14352.0,0.9835044741630554
6.54296875,14352.0,0.9835277795791626
6.53515625,14352.0,0.9835536479949951
6.52734375,14352.0,0.9835761785507202
6.51953125,14352.0,0.9836018085479736
6.51171875,14352.0,0.9836265444755554
6.50390625,14352.0,0.9836485981941223
6.5,14352.0,0.9836707711219788
6.4921875,14352.0,0.9836929440498352
6.484375,14352.0,0.9837226271629333
6.4765625,14352.0,0.983741044998169
6.47265625,14352.0,0.983762264251709
6.46484375,14352.0,0.9837837815284729
6.4609375,14352.0,0.9838047027587891
6.453125,14352.0,0.9838269352912903
6.44921875,14352.0,0.9838504791259766
6.44140625,14352.0,0.9838740825653076
6.43359375,14352.0,0.9838948845863342
6.4296875,14352.0,0.9839159846305847
6.421875,14352.0,0.9839394688606262
6.41796875,14352.0,0.9839650392532349
6.41015625,14352.0,0.9839894771575928
6.40625,14352.0,0.9840112328529358
6.3984375,14352.0,0.98403400182724
6.39453125,14352.0,0.9840614199638367
6.38671875,14352.0,0.9840779900550842
6.3828125,14352.0,0.9840994477272034
6.37890625,14352.0,0.9841242432594299
6.37109375,14352.0,0.9841463565826416
6.3671875,14352.0,0.9841684103012085
6.359375,14352.0,0.9841945767402649
6.35546875,14352.0,0.9842182993888855
6.34765625,14352.0,0.9842406511306763
6.34375,14352.0,0.9842624068260193
6.33984375,14352.0,0.9842847585678101
6.3359375,14352.0,0.9843095541000366
6.328125,14352.0,0.9843347668647766
6.32421875,14352.0,0.9843559861183167
6.3203125,14352.0,0.9843823313713074
6.3125,14352.0,0.9844032526016235
6.30859375,14352.0,0.984423816204071
6.3046875,14352.0,0.9844454526901245
6.30078125,14360.0,0.9844703078269958
6.296875,14360.0,0.9844951033592224
6.29296875,14360.0,0.9845170378684998
6.2890625,14360.0,0.9845409393310547
6.28125,14360.0,0.9845637083053589
6.27734375,14360.0,0.9845911860466003
6.2734375,14360.0,0.9846112728118896
6.26953125,14360.0,0.9846328496932983
6.265625,14360.0,0.9846532940864563
6.26171875,14360.0,0.984675407409668
6.2578125,14360.0,0.984698474407196
6.25390625,14360.0,0.9847245216369629
6.25,14360.0,0.9847484827041626
6.24609375,14360.0,0.9847697019577026
6.2421875,14360.0,0.9847939014434814
6.23828125,14360.0,0.9848184585571289
6.234375,14360.0,0.9848395586013794
6.234375,14360.0,0.9848604798316956
6.23046875,14360.0,0.9848833084106445
6.2265625,14360.0,0.984908401966095
6.22265625,14360.0,0.9849317073822021
6.21875,14360.0,0.9849547147750854
6.21484375,14360.0,0.9849825501441956
6.2109375,14360.0,0.985011100769043
6.20703125,14360.0,0.9850338697433472
6.20703125,14360.0,0.9850558638572693
6.203125,14360.0,0.985077977180481
6.19921875,14360.0,0.9851006269454956
6.19921875,14360.0,0.9851248860359192
6.1953125,14360.0,0.9851492643356323
6.19140625,14360.0,0.9851741194725037
6.19140625,14360.0,0.9852004051208496
6.1875,14360.0,0.9852214455604553
6.1875,14360.0,0.985245406627655
6.18359375,14360.0,0.9852684736251831
6.18359375,14360.0,0.9852910041809082
6.1796875,14360.0,0.9853119850158691
6.1796875,14360.0,0.9853352308273315
6.17578125,14360.0,0.9853570461273193
6.17578125,14360.0,0.9853811264038086
6.171875,14360.0,0.9854046702384949
6.171875,14360.0,0.9854283928871155
6.16796875,14360.0,0.9854515194892883
6.16796875,14360.0,0.9854747653007507
6.16796875,14360.0,0.9854989051818848
6.1640625,14360.0,0.9855221509933472
6.1640625,14360.0,0.9855455756187439
6.1640625,14360.0,0.985571563243866
6.16015625,14360.0,0.9855951070785522
6.16015625,14360.0,0.9856164455413818
6.16015625,14360.0,0.985639750957489
6.16015625,14360.0,0.9856618046760559
6.15625,14360.0,0.9856877326965332
6.15625,14360.0,0.9857082366943359
6.15625,14360.0,0.9857293367385864
6.15625,14360.0,0.9857518672943115
6.15625,14360.0,0.9857766628265381
6.15234375,14360.0,0.985798180103302
6.15234375,14360.0,0.9858235716819763
6.15234375,14360.0,0.9858453273773193
6.15234375,14360.0,0.9858688712120056
6.15234375,14360.0,0.9858899116516113
6.15234375,14360.0,0.9859111309051514
6.15234375,14360.0,0.9859344959259033
6.15234375,14360.0,0.9859594702720642
6.15234375,14360.0,0.9859824776649475
6.15234375,14360.0,0.9860068559646606
6.15234375,14360.0,0.9860326051712036
6.15234375,14360.0,0.9860545992851257
6.15625,14360.0,0.9860750436782837
6.15625,14360.0,0.986099898815155
6.15625,14360.0,0.9861217737197876
6.15625,14360.0,0.9861515760421753
6.15625,14360.0,0.9861771464347839
6.15625,14360.0,0.9861979484558105
6.16015625,14360.0,0.9862214922904968
6.16015625,14360.0,0.9862425923347473
6.16015625,14360.0,0.9862679839134216
6.16015625,14360.0,0.986290454864502
6.1640625,14360.0,0.986314594745636
6.1640625,14360.0,0.9863385558128357
6.1640625,14360.0,0.9863621592521667
6.16796875,14360.0,0.9863921403884888
6.16796875,14360.0,0.9864108562469482
6.171875,14360.0,0.9864311814308167
6.171875,14360.0,0.9864524602890015
6.171875,14360.0,0.9864731431007385
6.17578125,14360.0,0.9864984750747681
6.17578125,14360.0,0.9865189790725708
6.1796875,14360.0,0.9865431189537048
6.1796875,14360.0,0.9865640997886658
6.18359375,14360.0,0.9865850210189819
6.18359375,14360.0,0.9866057634353638
6.1875,14360.0,0.9866270422935486
6.1875,14360.0,0.9866499900817871
6.19140625,14368.0,0.9866732358932495
6.19140625,14368.0,0.9866978526115417
6.1953125,14368.0,0.9867227673530579
6.19921875,14368.0,0.9867448806762695
6.19921875,14368.0,0.9867682456970215
6.203125,14368.0,0.9867923855781555
6.20703125,14368.0,0.9868165254592896
6.2109375,14368.0,0.986839771270752
6.2109375,14368.0,0.9868634343147278
6.21484375,14368.0,0.9868864417076111
6.21875,14368.0,0.9869108200073242
6.22265625,14368.0,0.9869362711906433
6.22265625,14368.0,0.9869574904441833
6.2265625,14368.0,0.9869818091392517
6.23046875,14368.0,0.9870078563690186
6.234375,14368.0,0.9870333075523376
6.23828125,14368.0,0.9870543479919434
6.2421875,14368.0,0.9870774149894714
6.24609375,14368.0,0.9871026873588562
6.24609375,14368.0,0.9871264100074768
6.25,14368.0,0.9871466159820557
6.25390625,14368.0,0.9871672987937927
6.2578125,14368.0,0.9871940016746521
6.26171875,14368.0,0.987213671207428
6.265625,14368.0,0.9872349500656128
6.265625,14368.0,0.9872561097145081
6.26953125,14368.0,0.9872770309448242
6.2734375,14368.0,0.9873006343841553
6.27734375,14368.0,0.9873241782188416
6.28125,14368.0,0.9873494505882263
6.28515625,14368.0,0.9873734712600708
6.2890625,14368.0,0.9873955845832825
6.29296875,14368.0,0.9874197244644165
6.296875,14368.0,0.9874427318572998
6.30078125,14368.0,0.9874662160873413
6.3046875,14368.0,0.9874891042709351
6.3125,14368.0,0.987513542175293
6.31640625,14368.0,0.9875378012657166
6.3203125,14368.0,0.9875602126121521
6.32421875,14368.0,0.987581193447113
6.328125,14368.0,0.9876058101654053
6.33203125,14368.0,0.9876285791397095
6.3359375,14368.0,0.9876518845558167
6.33984375,14368.0,0.9876765608787537
6.34375,14368.0,0.9877000451087952
6.3515625,14368.0,0.9877273440361023
6.35546875,14368.0,0.9877493381500244
6.359375,14368.0,0.9877736568450928
6.36328125,14368.0,0.9877959489822388
6.3671875,14368.0,0.9878202080726624
6.37109375,14368.0,0.9878416061401367
6.375,14368.0,0.9878659844398499
6.3828125,14368.0,0.987891435623169
6.38671875,14368.0,0.9879120588302612
6.390625,14368.0,0.9879328608512878
6.39453125,14368.0,0.987953782081604
6.3984375,14368.0,0.9879770278930664
6.40625,14368.0,0.9880030155181885
6.41015625,14368.0,0.9880252480506897
6.4140625,14368.0,0.98804771900177
6.41796875,14368.0,0.9880713820457458
6.42578125,14368.0,0.988093912601471
6.4296875,14368.0,0.9881153106689453
6.43359375,14368.0,0.9881352782249451
6.4375,14368.0,0.9881594181060791
6.4453125,14368.0,0.9881824254989624
6.44921875,14368.0,0.9882073998451233
6.45703125,14368.0,0.9882352948188782
6.4609375,14368.0,0.9882588982582092
6.46875,14368.0,0.9882792830467224
6.47265625,14368.0,0.9883027076721191
6.4765625,14368.0,0.9883254766464233
6.484375,14368.0,0.9883492588996887
6.48828125,14368.0,0.9883712530136108
6.49609375,14368.0,0.9883949756622314
6.5,14368.0,0.988417387008667
6.5078125,14368.0,0.9884431958198547
6.515625,14368.0,0.9884688258171082
6.51953125,14368.0,0.9884889125823975
6.52734375,14368.0,0.9885098934173584
6.53125,14368.0,0.9885312914848328
6.53515625,14368.0,0.9885532259941101
6.54296875,14368.0,0.988579511642456
6.55078125,14368.0,0.9886021614074707
6.55859375,14368.0,0.9886253476142883
6.5625,14368.0,0.9886482954025269
6.5703125,14368.0,0.988673210144043
6.578125,14368.0,0.9886971712112427
6.5859375,14368.0,0.9887182116508484
6.58984375,14368.0,0.988743007183075
6.59765625,14368.0,0.9887673258781433
6.60546875,14368.0,0.9887887835502625
6.61328125,14368.0,0.9888127446174622
6.6171875,14368.0,0.9888380765914917
6.62890625,14376.0,0.9888652563095093
6.6328125,14376.0,0.9888850450515747
6.640625,14376.0,0.9889073967933655
6.6484375,14376.0,0.9889293313026428
6.65234375,14376.0,0.9889504313468933
6.66015625,14376.0,0.9889719486236572
6.6640625,14376.0,0.9889920949935913
6.671875,14376.0,0.9890152812004089
6.6796875,14376.0,0.9890375137329102
6.6875,14376.0,0.9890588521957397
6.6953125,14376.0,0.9890826940536499
6.69921875,14376.0,0.9891056418418884
6.70703125,14376.0,0.9891272783279419
6.71484375,14376.0,0.9891499876976013
6.72265625,14376.0,0.989174485206604
6.73046875,14376.0,0.9891997575759888
6.73828125,14376.0,0.9892223477363586
6.74609375,14376.0,0.9892453551292419
6.75390625,14376.0,0.9892663359642029
6.7578125,14376.0,0.9892901182174683
6.765625,14376.0,0.9893103241920471
6.7734375,14376.0,0.9893324971199036
6.78125,14376.0,0.9893565773963928
6.7890625,14376.0,0.9893782734870911
6.796875,14376.0,0.9894028902053833
6.8046875,14376.0,0.9894261956214905
6.8125,14376.0,0.9894512891769409
6.8203125,14376.0,0.9894721508026123
6.828125,14376.0,0.9894973635673523
6.8359375,14376.0,0.9895252585411072
6.84375,14376.0,0.989545464515686
6.8515625,14376.0,0.9895667433738708
6.859375,14376.0,0.9895869493484497
6.8671875,14376.0,0.989608108997345
6.87109375,14376.0,0.9896294474601746
6.87890625,14376.0,0.9896504878997803
6.88671875,14376.0,0.9896736145019531
6.89453125,14376.0,0.9896948337554932
6.90234375,14376.0,0.9897211790084839
6.9140625,14376.0,0.9897449016571045
6.921875,14376.0,0.9897688627243042
6.9296875,14376.0,0.9897915720939636
6.9375,14376.0,0.9898152947425842
6.9453125,14376.0,0.9898355603218079
6.953125,14376.0,0.9898589253425598
6.9609375,14376.0,0.989880383014679
6.96875,14376.0,0.9899026155471802
6.9765625,14376.0,0.9899272918701172
6.984375,14376.0,0.9899514317512512
6.9921875,14376.0,0.9899725317955017
7.0,14376.0,0.9899966716766357
7.01171875,14376.0,0.9900196194648743
7.01953125,14376.0,0.9900426864624023
7.02734375,14376.0,0.9900661706924438
7.03515625,14376.0,0.990088701248169
7.04296875,14376.0,0.9901105761528015
7.05078125,14376.0,0.9901357889175415
7.05859375,14376.0,0.9901602268218994
7.06640625,14376.0,0.990181565284729
7.07421875,14376.0,0.9902046918869019
7.0859375,14376.0,0.9902255535125732
7.09375,14376.0,0.9902485609054565
7.1015625,14376.0,0.9902719855308533
7.109375,14376.0,0.9902936816215515
7.1171875,14376.0,0.9903167486190796
7.125,14376.0,0.9903391599655151
7.1328125,14376.0,0.9903631210327148
7.140625,14376.0,0.9903864860534668
7.1484375,14376.0,0.9904098510742188
7.16015625,14376.0,0.9904360771179199
7.16796875,14376.0,0.9904592633247375
7.17578125,14376.0,0.9904809594154358
7.18359375,14376.0,0.9905068278312683
7.19140625,14376.0,0.9905291795730591
7.19921875,14376.0,0.9905515909194946
7.20703125,14376.0,0.9905744194984436
7.21484375,14376.0,0.9905990958213806
7.2265625,14376.0,0.9906221628189087
7.23046875,14376.0,0.9906448721885681
7.2421875,14376.0,0.9906677007675171
7.25,14376.0,0.9906922578811646
7.2578125,14376.0,0.9907164573669434
7.265625,14376.0,0.99073725938797
7.2734375,14376.0,0.9907587170600891
7.28125,14376.0,0.990781843662262
7.2890625,14376.0,0.9908087253570557
7.296875,14376.0,0.9908318519592285
7.3046875,14376.0,0.9908542037010193
7.3125,14376.0,0.9908767342567444
7.31640625,14376.0,0.9908991456031799
7.328125,14376.0,0.9909236431121826
7.3359375,14376.0,0.990949273109436
7.34375,14376.0,0.9909707903862
7.34765625,14376.0,0.99099200963974
7.35546875,14376.0,0.9910143613815308
7.36328125,14376.0,0.9910383224487305
7.37109375,14384.0,0.9910590648651123
7.375,14384.0,0.9910804629325867
7.3828125,14384.0,0.9911012649536133
7.390625,14384.0,0.9911278486251831
7.3984375,14384.0,0.9911500811576843
7.40625,14384.0,0.9911733269691467
7.41015625,14384.0,0.9911962151527405
7.41796875,14384.0,0.991217851638794
7.42578125,14384.0,0.9912392497062683
7.4296875,14384.0,0.9912594556808472
7.4375,14384.0,0.991281270980835
7.4453125,14384.0,0.9913048148155212
7.44921875,14384.0,0.9913256764411926
7.45703125,14384.0,0.9913474321365356
7.46484375,14384.0,0.9913711547851562
7.46875,14384.0,0.9913938641548157
7.4765625,14384.0,0.9914171099662781
7.484375,14384.0,0.9914390444755554
7.48828125,14384.0,0.9914594292640686
7.4921875,14384.0,0.9914803504943848
7.5,14384.0,0.9915012121200562
7.50390625,14384.0,0.9915217757225037
7.51171875,14384.0,0.9915454387664795
7.515625,14384.0,0.9915676116943359
7.5234375,14384.0,0.9915906190872192
7.52734375,14384.0,0.9916142821311951
7.53125,14384.0,0.991634726524353
7.5390625,14384.0,0.9916560649871826
7.54296875,14384.0,0.991682767868042
7.55078125,14384.0,0.9917050004005432
7.5546875,14384.0,0.9917252063751221
7.55859375,14384.0,0.9917479753494263
7.56640625,14384.0,0.9917694330215454
7.5703125,14384.0,0.9917939901351929
7.57421875,14384.0,0.9918169975280762
7.578125,14384.0,0.9918382167816162
7.58203125,14384.0,0.9918606877326965
7.58984375,14384.0,0.9918858408927917
7.59375,14384.0,0.9919092655181885
7.59765625,14384.0,0.9919309020042419
7.6015625,14384.0,0.9919554591178894
7.60546875,14384.0,0.9919771552085876
7.609375,14384.0,0.9919978380203247
7.61328125,14384.0,0.9920199513435364
7.6171875,14384.0,0.9920409917831421
7.62109375,14384.0,0.9920638799667358
7.625,14384.0,0.9920865893363953
7.62890625,14384.0,0.9921130537986755
7.6328125,14384.0,0.9921339154243469
7.63671875,14384.0,0.9921557307243347
7.640625,14384.0,0.9921777844429016
7.64453125,14384.0,0.9922006726264954
7.6484375,14384.0,0.9922237992286682
7.6484375,14384.0,0.9922457933425903
7.65234375,14384.0,0.9922677278518677
7.65625,14384.0,0.9922906756401062
7.66015625,14384.0,0.9923162460327148
7.66015625,14384.0,0.9923380613327026
7.6640625,14384.0,0.9923606514930725
7.66796875,14384.0,0.9923856854438782
7.66796875,14384.0,0.992411196231842
7.671875,14384.0,0.9924331903457642
7.671875,14384.0,0.9924556016921997
7.67578125,14384.0,0.9924769401550293
7.6796875,14384.0,0.9925022721290588
7.6796875,14384.0,0.9925260543823242
7.68359375,14384.0,0.9925495386123657
7.68359375,14384.0,0.9925705194473267
7.68359375,14384.0,0.9925943613052368
7.6875,14384.0,0.9926198124885559
7.6875,14384.0,0.9926417469978333
7.69140625,14384.0,0.9926645159721375
7.69140625,14384.0,0.9926844239234924
7.69140625,14384.0,0.992707371711731
7.6953125,14384.0,0.9927298426628113
7.6953125,14384.0,0.9927516579627991
7.6953125,14384.0,0.9927734136581421
7.6953125,14384.0,0.9927982091903687
7.69921875,14384.0,0.9928192496299744
7.69921875,14384.0,0.9928416013717651
7.69921875,14384.0,0.9928635954856873
7.69921875,14384.0,0.9928866028785706
7.69921875,14384.0,0.9929102659225464
7.69921875,14384.0,0.9929331541061401
7.69921875,14384.0,0.9929524660110474
7.703125,14384.0,0.99297696352005
7.703125,14384.0,0.9929985404014587
7.703125,14384.0,0.9930222034454346
7.703125,14384.0,0.9930436611175537
7.703125,14384.0,0.9930668473243713
7.703125,14384.0,0.9930899739265442
7.703125,14384.0,0.9931147694587708
7.69921875,14384.0,0.9931367039680481
7.69921875,14384.0,0.9931565523147583
7.69921875,14384.0,0.9931788444519043
7.69921875,14384.0,0.9932026863098145
7.69921875,14384.0,0.9932287931442261
7.69921875,14392.0,0.9932544827461243
7.69921875,14392.0,0.9932754039764404
7.6953125,14392.0,0.9932982921600342
7.6953125,14392.0,0.9933195114135742
7.6953125,14392.0,0.9933446049690247
7.6953125,14392.0,0.9933676719665527
7.69140625,14392.0,0.9933887124061584
7.69140625,14392.0,0.9934146404266357
7.69140625,14392.0,0.9934359192848206
7.6875,14392.0,0.9934549331665039
7.6875,14392.0,0.9934764504432678
7.6875,14392.0,0.993497908115387
7.68359375,14392.0,0.9935205578804016
7.68359375,14392.0,0.9935410618782043
7.6796875,14392.0,0.9935634136199951
7.6796875,14392.0,0.9935874342918396
7.6796875,14392.0,0.9936071634292603
7.67578125,14392.0,0.9936290979385376
7.67578125,14392.0,0.9936515688896179
7.671875,14392.0,0.9936747550964355
7.671875,14392.0,0.9936944246292114
7.66796875,14392.0,0.9937167167663574
7.6640625,14392.0,0.9937390685081482
7.6640625,14392.0,0.993760883808136
7.66015625,14392.0,0.9937887191772461
7.65625,14392.0,0.9938092231750488
7.65625,14392.0,0.9938287734985352
7.65234375,14392.0,0.9938495755195618
7.65234375,14392.0,0.9938703179359436
7.6484375,14392.0,0.9938914179801941
7.64453125,14392.0,0.9939119815826416
7.640625,14392.0,0.993934690952301
7.640625,14392.0,0.993956983089447
7.63671875,14392.0,0.993977963924408
7.6328125,14392.0,0.9940047860145569
7.62890625,14392.0,0.9940267205238342
7.625,14392.0,0.9940471053123474
7.62109375,14392.0,0.9940673112869263
7.6171875,14392.0,0.9940904378890991
7.6171875,14392.0,0.9941104054450989
7.61328125,14392.0,0.9941324591636658
7.609375,14392.0,0.9941560626029968
7.60546875,14392.0,0.9941806793212891
7.59765625,14392.0,0.9942052364349365
7.59375,14392.0,0.9942255020141602
7.58984375,14392.0,0.9942469000816345
7.5859375,14392.0,0.9942671060562134
7.58203125,14392.0,0.9942877292633057
7.578125,14392.0,0.9943087100982666
7.57421875,14392.0,0.9943320751190186
7.5703125,14392.0,0.9943549633026123
7.56640625,14392.0,0.9943773746490479
7.55859375,14392.0,0.9944069385528564
7.5546875,14392.0,0.9944256544113159
7.55078125,14392.0,0.9944480657577515
7.546875,14392.0,0.9944683909416199
7.54296875,14392.0,0.9944935441017151
7.53515625,14392.0,0.9945170283317566
7.53125,14392.0,0.9945387244224548
7.52734375,14392.0,0.9945605397224426
7.5234375,14392.0,0.9945842027664185
7.515625,14392.0,0.9946075081825256
7.51171875,14392.0,0.9946277141571045
7.5078125,14392.0,0.9946483373641968
7.5,14392.0,0.9946709871292114
7.49609375,14392.0,0.9946978688240051
7.4921875,14392.0,0.9947205781936646
7.484375,14392.0,0.9947422742843628
7.48046875,14392.0,0.9947643876075745
7.47265625,14392.0,0.9947899580001831
7.46875,14392.0,0.9948104619979858
7.46484375,14392.0,0.9948317408561707
7.45703125,14392.0,0.9948520064353943
7.453125,14392.0,0.9948727488517761
7.44921875,14392.0,0.9948956966400146
7.44140625,14392.0,0.9949195384979248
7.4375,14392.0,0.9949410557746887
7.4296875,14392.0,0.9949674010276794
7.421875,14392.0,0.9949899911880493
7.41796875,14392.0,0.9950104355812073
7.4140625,14392.0,0.9950302243232727
7.40625,14392.0,0.9950504899024963
7.40234375,14392.0,0.9950739741325378
7.39453125,14392.0,0.9950952529907227
7.390625,14392.0,0.9951158165931702
7.3828125,14392.0,0.9951375126838684
7.37890625,14392.0,0.9951627254486084
7.37109375,14392.0,0.995183527469635
7.3671875,14392.0,0.9952040314674377
7.359375,14392.0,0.9952303171157837
7.3515625,14392.0,0.9952536821365356
7.34765625,14392.0,0.9952763319015503
7.33984375,14392.0,0.9952962398529053
7.33203125,14392.0,0.9953194260597229
7.328125,14392.0,0.9953411221504211
7.3203125,14392.0,0.9953636527061462
7.31640625,14392.0,0.9953852295875549
7.30859375,14392.0,0.9954094290733337
7.30078125,14392.0,0.9954344034194946
7.29296875,14400.0,0.9954587817192078
7.28515625,14400.0,0.9954828023910522
7.28125,14400.0,0.9955050349235535
7.2734375,14400.0,0.9955277442932129
7.265625,14400.0,0.9955512285232544
7.2578125,14400.0,0.9955753684043884
7.25390625,14400.0,0.9955973625183105
7.24609375,14400.0,0.9956181645393372
7.23828125,14400.0,0.9956425428390503
7.234375,14400.0,0.9956645965576172
7.2265625,14400.0,0.9956878423690796
7.21875,14400.0,0.9957109689712524
7.2109375,14400.0,0.9957330226898193
7.203125,14400.0,0.9957623481750488
7.1953125,14400.0,0.9957852363586426
7.1875,14400.0,0.9958075881004333
7.18359375,14400.0,0.9958287477493286
7.17578125,14400.0,0.9958496689796448
7.16796875,14400.0,0.9958723783493042
7.1640625,14400.0,0.9958933591842651
7.15625,14400.0,0.995918333530426
7.1484375,14400.0,0.9959415197372437
7.140625,14400.0,0.9959622621536255
7.13671875,14400.0,0.9959847331047058
7.12890625,14400.0,0.9960072636604309
7.12109375,14400.0,0.9960317611694336
7.11328125,14400.0,0.9960530400276184
7.109375,14400.0,0.9960734248161316
7.1015625,14400.0,0.9960949420928955
7.09375,14400.0,0.9961245059967041
7.0859375,14400.0,0.9961438179016113
7.08203125,14400.0,0.996163010597229
7.07421875,14400.0,0.9961836934089661
7.06640625,14400.0,0.9962049126625061
7.05859375,14400.0,0.9962287545204163
7.0546875,14400.0,0.9962509870529175
7.046875,14400.0,0.9962740540504456
7.0390625,14400.0,0.9962960481643677
7.03125,14400.0,0.9963199496269226
7.0234375,14400.0,0.9963471293449402
7.015625,14400.0,0.9963700175285339
7.01171875,14400.0,0.9963927865028381
7.00390625,14400.0,0.9964153170585632
6.99609375,14400.0,0.99643874168396
6.98828125,14400.0,0.9964620471000671
6.98046875,14400.0,0.9964840412139893
6.9765625,14400.0,0.9965052604675293
6.96875,14400.0,0.9965264797210693
6.9609375,14400.0,0.9965502619743347
6.953125,14400.0,0.9965713620185852
6.94921875,14400.0,0.9965919852256775
6.94140625,14400.0,0.9966208934783936
6.93359375,14400.0,0.9966434240341187
6.92578125,14400.0,0.9966658353805542
6.91796875,14400.0,0.996686577796936
6.9140625,14400.0,0.9967077970504761
6.90625,14400.0,0.9967278838157654
6.8984375,14400.0,0.9967496395111084
6.890625,14400.0,0.996772825717926
6.8828125,14400.0,0.9967952966690063
6.87890625,14400.0,0.9968189001083374
6.87109375,14400.0,0.9968411922454834
6.86328125,14400.0,0.9968661665916443
6.85546875,14400.0,0.9968888163566589
6.84765625,14400.0,0.9969124794006348
6.83984375,14400.0,0.9969354867935181
6.83203125,14400.0,0.9969578385353088
6.82421875,14400.0,0.9969820976257324
6.81640625,14400.0,0.997006356716156
6.80859375,14400.0,0.9970293641090393
6.80078125,14400.0,0.9970515370368958
6.79296875,14400.0,0.9970739483833313
6.78515625,14400.0,0.9970977902412415
6.77734375,14400.0,0.9971204996109009
6.7734375,14400.0,0.9971440434455872
6.765625,14400.0,0.9971683621406555
6.7578125,14400.0,0.9971902370452881
6.75,14400.0,0.9972114562988281
6.7421875,14400.0,0.9972373247146606
6.734375,14400.0,0.9972580075263977
6.7265625,14400.0,0.9972789883613586
6.71875,14400.0,0.9973026514053345
6.71484375,14400.0,0.9973250031471252
6.70703125,14400.0,0.9973480701446533
6.69921875,14400.0,0.9973718523979187
6.69140625,14400.0,0.9973950982093811
6.68359375,14400.0,0.9974193572998047
6.67578125,14400.0,0.9974417090415955
6.66796875,14400.0,0.9974613189697266
6.66015625,14400.0,0.9974831342697144
6.65625,14400.0,0.9975054860115051
6.6484375,14400.0,0.997528076171875
6.640625,14400.0,0.9975612163543701
6.62890625,14400.0,0.9975836873054504
6.625,14400.0,0.9976035952568054
6.6171875,14400.0,0.9976229071617126
6.61328125,14400.0,0.997642457485199
6.60546875,14408.0,0.9976637959480286
6.6015625,14408.0,0.9976794123649597
6.59375,14408.0,0.9977014064788818
6.5859375,14408.0,0.9977256655693054
6.58203125,14408.0,0.9977479577064514
6.57421875,14408.0,0.9977709054946899
6.56640625,14408.0,0.9977952837944031
6.55859375,14408.0,0.9978163838386536
6.5546875,14408.0,0.9978415369987488
6.54296875,14408.0,0.9978712797164917
6.5390625,14408.0,0.9978929758071899
6.53125,14408.0,0.9979156851768494
6.5234375,14408.0,0.9979374408721924
6.51953125,14408.0,0.9979604482650757
6.51171875,14408.0,0.9979819059371948
6.50390625,14408.0,0.9980038404464722
6.5,14408.0,0.9980248212814331
6.4921875,14408.0,0.9980460405349731
6.484375,14408.0,0.9980694055557251
6.48046875,14408.0,0.9980930089950562
6.47265625,14408.0,0.9981157183647156
6.46484375,14408.0,0.9981400966644287
6.4609375,14408.0,0.9981622695922852
6.453125,14408.0,0.9981874227523804
6.4453125,14408.0,0.998210608959198
6.44140625,14408.0,0.9982332587242126
6.43359375,14408.0,0.9982551336288452
6.4296875,14408.0,0.9982765316963196
6.421875,14408.0,0.9983021020889282
6.4140625,14408.0,0.9983221888542175
6.41015625,14408.0,0.9983438849449158
6.40234375,14408.0,0.9983671307563782
6.3984375,14408.0,0.9983932375907898
6.390625,14408.0,0.9984158277511597
6.38671875,14408.0,0.9984367489814758
6.37890625,14408.0,0.9984583258628845
6.375,14408.0,0.9984837770462036
6.3671875,14408.0,0.9985073208808899
6.359375,14408.0,0.9985363483428955
6.35546875,14408.0,0.9985590577125549
6.34765625,14408.0,0.9985803365707397
6.34375,14408.0,0.9986023902893066
6.33984375,14408.0,0.9986259341239929
6.33203125,14408.0,0.9986489415168762
6.328125,14408.0,0.9986720085144043
6.32421875,14408.0,0.9986934661865234
6.31640625,14408.0,0.9987167716026306
6.3125,14408.0,0.9987410306930542
6.3046875,14408.0,0.9987633228302002
6.30078125,14408.0,0.998786449432373
6.296875,14408.0,0.9988124966621399
6.2890625,14408.0,0.998835027217865
6.28515625,14408.0,0.9988561272621155
6.28125,14408.0,0.9988787174224854
6.27734375,14408.0,0.9989012479782104
6.26953125,14408.0,0.9989246726036072
6.265625,14408.0,0.9989486932754517
6.26171875,14408.0,0.9989711046218872
6.2578125,14408.0,0.9989922046661377
6.25390625,14408.0,0.9990147352218628
6.24609375,14408.0,0.9990383386611938
6.2421875,14408.0,0.9990618824958801
6.23828125,14408.0,0.9990846514701843
6.234375,14408.0,0.9991052150726318
6.23046875,14408.0,0.9991262555122375
6.2265625,14408.0,0.999148964881897
6.22265625,14408.0,0.9991694688796997
6.21875,14408.0,0.9991930723190308
6.21484375,14408.0,0.9992163181304932
6.2109375,14408.0,0.999238908290863
6.20703125,14408.0,0.9992627501487732
6.203125,14408.0,0.9992852807044983
6.19921875,14408.0,0.9993078708648682
6.1953125,14408.0,0.9993314146995544
6.19140625,14408.0,0.999357283115387
6.1875,14408.0,0.9993799924850464
6.18359375,14408.0,0.9994048476219177
6.1796875,14408.0,0.9994252324104309
6.17578125,14408.0,0.9994485378265381
6.17578125,14408.0,0.999474287033081
6.171875,14408.0,0.9994959235191345
6.16796875,14408.0,0.9995197653770447
6.1640625,14408.0,0.9995424151420593
6.1640625,14408.0,0.9995650053024292
6.16015625,14408.0,0.9995871186256409
6.15625,14408.0,0.9996094703674316
6.15625,14408.0,0.9996316432952881
6.15234375,14408.0,0.9996553659439087
6.15234375,14408.0,0.9996781349182129
6.1484375,14408.0,0.9997015595436096
6.1484375,14408.0,0.9997265338897705
6.14453125,14408.0,0.9997478127479553
6.14453125,14408.0,0.9997708797454834
6.140625,14408.0,0.9997933506965637
6.140625,14408.0,0.9998173117637634
6.13671875,14408.0,0.9998395442962646
6.13671875,14408.0,0.9998604655265808
6.13671875,14416.0,0.9998829960823059
6.1328125,14416.0,0.9999054074287415
6.1328125,14416.0,0.9999281167984009
6.1328125,14416.0,0.9999536871910095
6.12890625,14416.0,0.9999758005142212
6.12890625,14416.0,0.9999969005584717
6.12890625,14416.0,1.0
